{"kind": "key", "receiver_layer": 0, "sender_layers": [0, 1, 2, 3, 4, 5], "layer_weights": [0.21694953739643097, 0.1937362402677536, 0.17290811240673065, 0.1546960324048996, 0.13842613995075226, 0.12328393757343292], "head_mapping": [[0.9999568462371826, 6.151111392682651e-06, 6.143056452856399e-06, 6.154056791274343e-06, 6.163995294627966e-06, 6.151170055090915e-06, 6.162055797176436e-06, 6.1676237237406895e-06], [6.191313332237769e-06, 0.9999567270278931, 6.1839373302063905e-06, 6.1826754063076805e-06, 6.197226412041346e-06, 6.1747850850224495e-06, 6.179297542985296e-06, 6.151756224426208e-06], [6.1550786085717846e-06, 6.155665232654428e-06, 0.9999568462371826, 6.157873031042982e-06, 6.160204520710977e-06, 6.182640390761662e-06, 6.157603365863906e-06, 6.156029030535137e-06], [6.176546776259784e-06, 6.165041668282356e-06, 6.159952135931235e-06, 0.9999568462371826, 6.1844980336900335e-06, 6.166717412270373e-06, 6.1911428019811865e-06, 6.168899744807277e-06], [6.134966042736778e-06, 6.159189524623798e-06, 6.135996045486536e-06, 6.161551027616952e-06, 0.9999569654464722, 6.137529453553725e-06, 6.165301329019712e-06, 6.157450570754008e-06], [6.156939434731612e-06, 6.153998128866078e-06, 6.166688308439916e-06, 6.162219960970106e-06, 6.159423264762154e-06, 0.9999568462371826, 6.166135790408589e-06, 6.160234079288784e-06], [6.1769997046212666e-06, 6.170558663143311e-06, 6.174131613079226e-06, 6.167446372273844e-06, 6.1630657910427544e-06, 6.170746473799227e-06, 0.9999567270278931, 6.176139322633389e-06], [6.153200047265273e-06, 6.160844804981025e-06, 6.184439371281769e-06, 6.170665074023418e-06, 6.169382686493918e-06, 6.159235908853589e-06, 6.162872523418628e-06, 0.9999568462371826]], "mean_depth_distance": 0.08050980418920517}
{"kind": "key", "receiver_layer": 1, "sender_layers": [0, 1, 2, 3, 4, 5], "layer_weights": [0.1885080486536026, 0.20105977356433868, 0.17944613099098206, 0.1602669060230255, 0.14278440177440643, 0.1279347836971283], "head_mapping": [[0.9999569654464722, 6.1526434365077876e-06, 6.151476100058062e-06, 6.145331099105533e-06, 6.152743480924983e-06, 6.137710897746729e-06, 6.144440249045147e-06, 6.149522960186005e-06], [6.1679638747591525e-06, 0.9999567270278931, 6.17303112449008e-06, 6.173725068947533e-06, 6.16566421740572e-06, 6.17633986621513e-06, 6.172783741931198e-06, 6.163917987578316e-06], [6.163677426229697e-06, 6.156816198199522e-06, 0.9999568462371826, 6.167064384499099e-06, 6.157873031042982e-06, 6.1640307649213355e-06, 6.161920737213222e-06, 6.162984391266946e-06], [6.141394351288909e-06, 6.136945103207836e-06, 6.141880930954358e-06, 0.9999570846557617, 6.1350724536168855e-06, 6.13004249316873e-06, 6.1317441577557474e-06, 6.1355171965260524e-06], [6.163771104183979e-06, 6.1676637415075675e-06, 6.170099823066266e-06, 6.162466434034286e-06, 0.9999567270278931, 6.170052529341774e-06, 6.1716768868791405e-06, 6.164182650536532e-06], [6.14962846157141e-06, 6.151282377686584e-06, 6.153500180516858e-06, 6.157979441923089e-06, 6.15314229435171e-06, 0.9999569654464722, 6.14921782471356e-06, 6.15101862422307e-06], [6.154990387585713e-06, 6.157192274258705e-06, 6.15624094280065e-06, 6.153470167191699e-06, 6.158178621262778e-06, 6.157274128781864e-06, 0.9999568462371826, 6.153657977847615e-06], [6.1479336181946564e-06, 6.1505370467784815e-06, 6.15342423770926e-06, 6.149200089566875e-06, 6.149950422695838e-06, 6.1555833781312685e-06, 6.15436329098884e-06, 0.9999569654464722]], "mean_depth_distance": 0.0655917301774025}
{"kind": "key", "receiver_layer": 2, "sender_layers": [0, 1, 2, 3, 4, 5], "layer_weights": [0.16685797274112701, 0.18803730607032776, 0.18972694873809814, 0.16891251504421234, 0.15117017924785614, 0.1352950930595398], "head_mapping": [[0.9999569654464722, 6.14325699643814e-06, 6.156992640171666e-06, 6.1438777265721e-06, 6.148801276140148e-06, 6.140609002613928e-06, 6.134089289844269e-06, 6.147499789221911e-06], [6.176728675200138e-06, 0.9999567270278931, 6.166863840917358e-06, 6.180122909427155e-06, 6.168581421661656e-06, 6.170993856358109e-06, 6.163665148051223e-06, 6.160950306366431e-06], [6.132462658570148e-06, 6.136868250905536e-06, 0.9999569654464722, 6.134322575235274e-06, 6.1441764955816325e-06, 6.135996045486536e-06, 6.151147772470722e-06, 6.1416048993123695e-06], [6.164452770462958e-06, 6.1687933339271694e-06, 6.175497219373938e-06, 0.9999567270278931, 6.170970664243214e-06, 6.1693936004303396e-06, 6.164311798784183e-06, 6.163030775496736e-06], [6.157308234833181e-06, 6.150101853563683e-06, 6.168599156808341e-06, 6.1645473579119425e-06, 0.9999567270278931, 6.1652763179154135e-06, 6.171700078994036e-06, 6.165934337332146e-06], [6.160886186989956e-06, 6.158466476335889e-06, 6.158707037684508e-06, 6.174844656925416e-06, 6.180830951052485e-06, 0.9999568462371826, 6.180006039357977e-06, 6.154104084998835e-06], [6.136733645689674e-06, 6.1458345044229645e-06, 6.146485247882083e-06, 6.146608484414173e-06, 6.156317340355599e-06, 6.139859578979667e-06, 0.9999569654464722, 6.159993972687516e-06], [6.162437330203829e-06, 6.160099019325571e-06, 6.181749995448627e-06, 6.174573627504287e-06, 6.170141205075197e-06, 6.1678997553826775e-06, 6.155348728498211e-06, 0.9999568462371826]], "mean_depth_distance": 0.056724391877651215}
{"kind": "key", "receiver_layer": 3, "sender_layers": [0, 1, 2, 3, 4, 5], "layer_weights": [0.15127404034137726, 0.16972918808460236, 0.18986724317073822, 0.1812620460987091, 0.16256560385227203, 0.14530186355113983], "head_mapping": [[0.9999568462371826, 6.15685121374554e-06, 6.163912985357456e-06, 6.1530358834716026e-06, 6.163560556160519e-06, 6.170241249492392e-06, 6.160633802210214e-06, 6.161738383525517e-06], [6.154263246571645e-06, 0.9999569654464722, 6.151851721369894e-06, 6.152297373773763e-06, 6.151464276626939e-06, 6.154985385364853e-06, 6.149469754745951e-06, 6.147968633740675e-06], [6.1643954722967464e-06, 6.153939921205165e-06, 0.9999568462371826, 6.162984391266946e-06, 6.1524551711045206e-06, 6.1572154663736e-06, 6.165118065837305e-06, 6.148243755887961e-06], [6.156123163236771e-06, 6.164641945360927e-06, 6.167394076328492e-06, 0.9999568462371826, 6.16630040894961e-06, 6.162184945424087e-06, 6.156370091048302e-06, 6.168041181808803e-06], [6.1657533478864934e-06, 6.160668817756232e-06, 6.164088972582249e-06, 6.1602931964444e-06, 0.9999568462371826, 6.165612376207719e-06, 6.169359039631672e-06, 6.162643330753781e-06], [6.143913196865469e-06, 6.1489304243877996e-06, 6.15003864368191e-06, 6.154315997264348e-06, 6.161716100905323e-06, 0.9999569654464722, 6.147077328932937e-06, 6.142026450106641e-06], [6.159846179798478e-06, 6.1678115343966056e-06, 6.1609625845449045e-06, 6.172030225570779e-06, 6.175916496431455e-06, 6.167829724290641e-06, 0.9999568462371826, 6.162466888781637e-06], [6.134522664069664e-06, 6.14867940385011e-06, 6.134545856184559e-06, 6.1382093008433e-06, 6.140469395177206e-06, 6.136477168183774e-06, 6.1535770328191575e-06, 0.9999570846557617]], "mean_depth_distance": 0.05264478176832199}
{"kind": "key", "receiver_layer": 4, "sender_layers": [1, 2, 3, 4, 5, 6], "layer_weights": [0.15485107898712158, 0.17343254387378693, 0.19514010846614838, 0.1774548590183258, 0.15795056521892548, 0.14117087423801422], "head_mapping": [[0.9999567270278931, 6.170217147882795e-06, 6.173348538140999e-06, 6.170535016281065e-06, 6.186160590004874e-06, 6.179945557960309e-06, 6.173095698613906e-06, 6.178779131005285e-06], [6.172489065647824e-06, 0.9999567270278931, 6.189152827573707e-06, 6.169911557662999e-06, 6.1818145695724525e-06, 6.176881925057387e-06, 6.1848863879276905e-06, 6.177070190460654e-06], [6.173995643621311e-06, 6.169069820316508e-06, 0.9999567270278931, 6.166752427816391e-06, 6.177141131047392e-06, 6.1707114582532085e-06, 6.173295787448296e-06, 6.177541308716172e-06], [6.168851996335434e-06, 6.167322680994403e-06, 6.176021997816861e-06, 0.9999567270278931, 6.161174042063067e-06, 6.176045644679107e-06, 6.1562045630125795e-06, 6.173672773002181e-06], [6.1794389694114216e-06, 6.175544967845781e-06, 6.178973308124114e-06, 6.194863090058789e-06, 0.9999567270278931, 6.175597718538484e-06, 6.170252618176164e-06, 6.1723299040750135e-06], [6.150724402687047e-06, 6.1473288042179774e-06, 6.153029971756041e-06, 6.148144166218117e-06, 6.1613154684891924e-06, 0.9999568462371826, 6.1541454670077655e-06, 6.147716248960933e-06], [6.180959644552786e-06, 6.168581421661656e-06, 6.171147106215358e-06, 6.1684404499828815e-06, 6.181679054861888e-06, 6.173936981213046e-06, 0.9999567270278931, 6.172853773023235e-06], [6.154174116090871e-06, 6.170311735331779e-06, 6.156493327580392e-06, 6.163336820463883e-06, 6.162014415167505e-06, 6.166735147417057e-06, 6.1656651269004215e-06, 0.9999568462371826]], "mean_depth_distance": 0.05200069770216942}
{"kind": "key", "receiver_layer": 5, "sender_layers": [1, 2, 3, 4, 5, 6], "layer_weights": [0.14200569689273834, 0.1592719703912735, 0.17862839996814728, 0.19299642741680145, 0.1726284772157669, 0.15446898341178894], "head_mapping": [[0.9999569654464722, 6.145916813693475e-06, 6.153130470920587e-06, 6.146086434455356e-06, 6.146784471638966e-06, 6.1544101299659815e-06, 6.150044555397471e-06, 6.1542100411315914e-06], [6.163677426229697e-06, 0.9999568462371826, 6.162878435134189e-06, 6.172171651996905e-06, 6.166347247926751e-06, 6.172171651996905e-06, 6.168394065753091e-06, 6.160022621770622e-06], [6.166364983073436e-06, 6.1664177337661386e-06, 0.9999568462371826, 6.164906608319143e-06, 6.161103556223679e-06, 6.16247871221276e-06, 6.165576451166999e-06, 6.164377282402711e-06], [6.150173703645123e-06, 6.166006642160937e-06, 6.147898602648638e-06, 0.9999569654464722, 6.152338755782694e-06, 6.152274181658868e-06, 6.153594313218491e-06, 6.1530599850811996e-06], [6.160222255857661e-06, 6.160263637866592e-06, 6.158278665679973e-06, 6.156710242066765e-06, 0.9999568462371826, 6.161762030387763e-06, 6.164324531710008e-06, 6.160363227536436e-06], [6.153194590297062e-06, 6.159493750601541e-06, 6.160832981549902e-06, 6.163149009807967e-06, 6.15587669017259e-06, 0.9999568462371826, 6.15388080404955e-06, 6.151756679173559e-06], [6.155958999443101e-06, 6.155360097181983e-06, 6.1557238950626925e-06, 6.15733324593748e-06, 6.156680683488958e-06, 6.157532425277168e-06, 0.9999568462371826, 6.155089977255557e-06], [6.162537374621024e-06, 6.164842034195317e-06, 6.152502010081662e-06, 6.163031230244087e-06, 6.160615612316178e-06, 6.1586833908222616e-06, 6.166264938656241e-06, 0.9999568462371826]], "mean_depth_distance": 0.052240628749132156}
{"kind": "key", "receiver_layer": 6, "sender_layers": [2, 3, 4, 5, 6, 7], "layer_weights": [0.14592738449573517, 0.16355203092098236, 0.18313941359519958, 0.1881854385137558, 0.16909091174602509, 0.1501048356294632], "head_mapping": [[0.9999569654464722, 6.14897680861759e-06, 6.149329237814527e-06, 6.155595201562392e-06, 6.150408353278181e-06, 6.160399152577156e-06, 6.15297813055804e-06, 6.15024373473716e-06], [6.148355623736279e-06, 0.9999569654464722, 6.14823829891975e-06, 6.1506489146267995e-06, 6.143427071947372e-06, 6.144417056930251e-06, 6.153500180516858e-06, 6.143057362351101e-06], [6.164242222439498e-06, 6.162954832689138e-06, 0.9999568462371826, 6.1629252741113305e-06, 6.16404850006802e-06, 6.17223076915252e-06, 6.157262305350741e-06, 6.160892098705517e-06], [6.18456806478207e-06, 6.172489065647824e-06, 6.1802761592844035e-06, 0.9999567270278931, 6.172941994009307e-06, 6.165510967548471e-06, 6.163294983707601e-06, 6.166123057482764e-06], [6.154133188829292e-06, 6.159370514069451e-06, 6.142588063084986e-06, 6.164842034195317e-06, 0.9999568462371826, 6.162860699987505e-06, 6.164606475067558e-06, 6.150442914076848e-06], [6.167211722640786e-06, 6.147985914140008e-06, 6.168117579363752e-06, 6.162549198052147e-06, 6.156375548016513e-06, 0.9999568462371826, 6.176564511406468e-06, 6.163866146380315e-06], [6.161762030387763e-06, 6.171806944621494e-06, 6.151744855742436e-06, 6.174132522573927e-06, 6.16854731561034e-06, 6.173620022309478e-06, 0.9999568462371826, 6.172725079522934e-06], [6.1743726291751955e-06, 6.169534572109114e-06, 6.171782843011897e-06, 6.172735993459355e-06, 6.172706889628898e-06, 6.177835984999547e-06, 6.1802643358532805e-06, 0.9999567270278931]], "mean_depth_distance": 0.05269664525985718}
{"kind": "key", "receiver_layer": 7, "sender_layers": [3, 4, 5, 6, 7, 8], "layer_weights": [0.1497272253036499, 0.16720834374427795, 0.18840527534484863, 0.18336771428585052, 0.16469037532806396, 0.14660106599330902], "head_mapping": [[0.9999568462371826, 6.148835382191464e-06, 6.157368261483498e-06, 6.161938017612556e-06, 6.167552783153951e-06, 6.151580691948766e-06, 6.161068540677661e-06, 6.177884188218741e-06], [6.181266599014634e-06, 0.9999567270278931, 6.1769760577590205e-06, 6.182209290273022e-06, 6.184226549521554e-06, 6.184521225804929e-06, 6.1753858062729705e-06, 6.175650923978537e-06], [6.164218575577252e-06, 6.1513460423157085e-06, 0.9999568462371826, 6.158618816698436e-06, 6.16485385762644e-06, 6.15078261034796e-06, 6.161303645058069e-06, 6.1582431953866035e-06], [6.165499144117348e-06, 6.17582145423512e-06, 6.168898835312575e-06, 0.9999567270278931, 6.177399882290047e-06, 6.173648671392584e-06, 6.1800519688404165e-06, 6.174078407639172e-06], [6.159364147606539e-06, 6.1659934544877615e-06, 6.172865596454358e-06, 6.177482646307908e-06, 0.9999567270278931, 6.1574141909659375e-06, 6.171464974613627e-06, 6.16534634900745e-06], [6.17283103565569e-06, 6.165112608869094e-06, 6.1734431255899835e-06, 6.1689115682384e-06, 6.171429959067609e-06, 0.9999568462371826, 6.1598934735229705e-06, 6.160739303595619e-06], [6.163278158055618e-06, 6.155547907837899e-06, 6.173690508148866e-06, 6.1751334214932285e-06, 6.167617357277777e-06, 6.1714008552371524e-06, 0.9999568462371826, 6.1645596360904165e-06], [6.146005034679547e-06, 6.157873485790333e-06, 6.1459109019779135e-06, 6.161880264698993e-06, 6.151710749691119e-06, 6.157274583529215e-06, 6.150935860205209e-06, 0.9999569654464722]], "mean_depth_distance": 0.052721746265888214}
{"kind": "key", "receiver_layer": 8, "sender_layers": [4, 5, 6, 7, 8, 9], "layer_weights": [0.15400893986225128, 0.17217178642749786, 0.19326473772525787, 0.17855283617973328, 0.1594977229833603, 0.14250391721725464], "head_mapping": [[0.9999567270278931, 6.158547876111697e-06, 6.173678229970392e-06, 6.166687398945214e-06, 6.167428637127159e-06, 6.166075763758272e-06, 6.176127499202266e-06, 6.173737347126007e-06], [6.170676897454541e-06, 0.9999568462371826, 6.161044893815415e-06, 6.1594469116244e-06, 6.1676291807089e-06, 6.170618235046277e-06, 6.151135039544897e-06, 6.156652034405852e-06], [6.15294220551732e-06, 6.149938144517364e-06, 0.9999568462371826, 6.1657651713176165e-06, 6.168405889184214e-06, 6.163019406812964e-06, 6.162343652249547e-06, 6.162226327433018e-06], [6.1438777265721e-06, 6.142073289083783e-06, 6.1417454162437934e-06, 0.9999569654464722, 6.166000730445376e-06, 6.153523827379104e-06, 6.145975476101739e-06, 6.148572538222652e-06], [6.177100658533163e-06, 6.15827229921706e-06, 6.166459115775069e-06, 6.17330806562677e-06, 0.9999568462371826, 6.158766154840123e-06, 6.165147624415113e-06, 6.160956672829343e-06], [6.169193056848599e-06, 6.180205218697665e-06, 6.1610385273525026e-06, 6.173384008434368e-06, 6.184521225804929e-06, 0.9999567270278931, 6.163330908748321e-06, 6.171388122311328e-06], [6.158437372505432e-06, 6.152110017865198e-06, 6.159165877761552e-06, 6.145131465018494e-06, 6.161145847727312e-06, 6.16004717812757e-06, 0.9999569654464722, 6.15480939814006e-06], [6.1486020968004595e-06, 6.144686267361976e-06, 6.144293820398161e-06, 6.147346994112013e-06, 6.155894880066626e-06, 6.151986326585757e-06, 6.1510418163379654e-06, 0.9999569654464722]], "mean_depth_distance": 0.052293211221694946}
{"kind": "key", "receiver_layer": 9, "sender_layers": [4, 5, 6, 7, 8, 9], "layer_weights": [0.14032326638698578, 0.15797461569309235, 0.17640182375907898, 0.1949264109134674, 0.17488951981067657, 0.1554843634366989], "head_mapping": [[0.9999567270278931, 6.164194019220304e-06, 6.175856924528489e-06, 6.188462066347711e-06, 6.178207513585221e-06, 6.183483037602855e-06, 6.164993919810513e-06, 6.1713762988802046e-06], [6.146098257886479e-06, 0.9999568462371826, 6.151205070636934e-06, 6.144005510577699e-06, 6.154315087769646e-06, 6.1459104472305626e-06, 6.169641892483924e-06, 6.146373380033765e-06], [6.17649857304059e-06, 6.192907221702626e-06, 0.9999566078186035, 6.194047273311298e-06, 6.19089314568555e-06, 6.184709036460845e-06, 6.198219125508331e-06, 6.1938226281199604e-06], [6.179056072141975e-06, 6.185099209687905e-06, 6.173948804644169e-06, 0.9999567270278931, 6.175208909553476e-06, 6.181596290844027e-06, 6.1841496972192544e-06, 6.168934760353295e-06], [6.1674591051996686e-06, 6.160668817756232e-06, 6.167211722640786e-06, 6.157063126011053e-06, 0.9999568462371826, 6.168935669847997e-06, 6.165265403978992e-06, 6.156675226520747e-06], [6.174626832944341e-06, 6.164224487292813e-06, 6.164189471746795e-06, 6.162784302432556e-06, 6.1811015257262625e-06, 0.9999568462371826, 6.1602163441421e-06, 6.157878942758543e-06], [6.143936843727715e-06, 6.133919669082388e-06, 6.136078809504397e-06, 6.133095212135231e-06, 6.1399018704833e-06, 6.140890491224127e-06, 0.9999570846557617, 6.1310311139095575e-06], [6.174914688017452e-06, 6.1806886151316576e-06, 6.184356152516557e-06, 6.174066584208049e-06, 6.1772884691890795e-06, 6.182823199196719e-06, 6.1722535065200645e-06, 0.9999567270278931]], "mean_depth_distance": 0.05192853510379791}
{"kind": "key", "receiver_layer": 10, "sender_layers": [5, 6, 7, 8, 9, 10], "layer_weights": [0.14445970952510834, 0.16191555559635162, 0.18118354678153992, 0.1900588572025299, 0.170439213514328, 0.1519431620836258], "head_mapping": [[0.9999568462371826, 6.159511485748226e-06, 6.16578245171695e-06, 6.163795205793576e-06, 6.164518708828837e-06, 6.163530997582711e-06, 6.161297278595157e-06, 6.160187240311643e-06], [6.165359081933275e-06, 0.9999568462371826, 6.164624664961593e-06, 6.160586963233072e-06, 6.167229912534822e-06, 6.165518243506085e-06, 6.163054877106333e-06, 6.163395482872147e-06], [6.164336355141131e-06, 6.162631507322658e-06, 0.9999568462371826, 6.163807029224699e-06, 6.167012088553747e-06, 6.166876573843183e-06, 6.164630121929804e-06, 6.162972113088472e-06], [6.152180048957234e-06, 6.155255505291279e-06, 6.152989953989163e-06, 0.9999569654464722, 6.155114533612505e-06, 6.155442406452494e-06, 6.153940830699867e-06, 6.1538053159893025e-06], [6.158531050459715e-06, 6.160762950457865e-06, 6.157027200970333e-06, 6.158249107102165e-06, 0.9999568462371826, 6.157491498015588e-06, 6.160210432426538e-06, 6.156451945571462e-06], [6.155336450319737e-06, 6.160104931041133e-06, 6.162772479001433e-06, 6.16045736023807e-06, 6.163295438454952e-06, 0.9999568462371826, 6.152484274934977e-06, 6.161373676150106e-06], [6.161891178635415e-06, 6.158489668450784e-06, 6.160451448522508e-06, 6.160692009871127e-06, 6.162860699987505e-06, 6.160880730021745e-06, 0.9999568462371826, 6.159382337500574e-06], [6.152020432637073e-06, 6.1650239331356715e-06, 6.162090812722454e-06, 6.164189471746795e-06, 6.162325917102862e-06, 6.161526471260004e-06, 6.16102715866873e-06, 0.9999568462371826]], "mean_depth_distance": 0.05258625000715256}
{"kind": "key", "receiver_layer": 11, "sender_layers": [6, 7, 8, 9, 10, 11], "layer_weights": [0.14850446581840515, 0.1662978231906891, 0.1867634356021881, 0.18509569764137268, 0.1655730903148651, 0.14776557683944702], "head_mapping": [[0.9999569654464722, 6.142249276308576e-06, 6.132860562502174e-06, 6.150250101200072e-06, 6.141751327959355e-06, 6.143907285149908e-06, 6.154216407594504e-06, 6.149434739199933e-06], [6.15310636931099e-06, 0.9999568462371826, 6.164789283502614e-06, 6.163989382912405e-06, 6.162714271340519e-06, 6.165647391753737e-06, 6.161438705021283e-06, 6.153939921205165e-06], [6.172436314955121e-06, 6.172318535391241e-06, 0.9999567270278931, 6.164829301269492e-06, 6.171694622025825e-06, 6.169605057948502e-06, 6.181419848871883e-06, 6.178725925565232e-06], [6.146309715404641e-06, 6.144440249045147e-06, 6.1395785451168194e-06, 0.9999569654464722, 6.144944109109929e-06, 6.153218691906659e-06, 6.144153303466737e-06, 6.148390639282297e-06], [6.185352503962349e-06, 6.174661393743008e-06, 6.182457127579255e-06, 6.180199761729455e-06, 0.9999567270278931, 6.174655482027447e-06, 6.1745608945784625e-06, 6.173254405439366e-06], [6.1618561630893964e-06, 6.1546261349576525e-06, 6.155248229333665e-06, 6.1645714595215395e-06, 6.156804374768399e-06, 0.9999568462371826, 6.1545501921500545e-06, 6.155301434773719e-06], [6.162061708891997e-06, 6.158977157610934e-06, 6.1623964029422496e-06, 6.1523433032562025e-06, 6.152566584205488e-06, 6.1616674429387785e-06, 0.9999568462371826, 6.157239113235846e-06], [6.168623713165289e-06, 6.151768502604682e-06, 6.167346782604e-06, 6.1565810938191134e-06, 6.152225978439674e-06, 6.166053026390728e-06, 6.152238256618148e-06, 0.9999568462371826]], "mean_depth_distance": 0.05275431275367737}
{"kind": "key", "receiver_layer": 12, "sender_layers": [7, 8, 9, 10, 11, 12], "layer_weights": [0.15198691189289093, 0.1709597259759903, 0.1910356879234314, 0.1814785599708557, 0.16073855757713318, 0.1438005417585373], "head_mapping": [[0.9999569654464722, 6.146385658212239e-06, 6.150455192255322e-06, 6.148941793071572e-06, 6.154045877337921e-06, 6.147874955786392e-06, 6.154715265438426e-06, 6.147206477180589e-06], [6.1629607444047e-06, 0.9999568462371826, 6.148449301690562e-06, 6.160304565128172e-06, 6.164347723824903e-06, 6.1571213336719666e-06, 6.157321422506357e-06, 6.166429557197262e-06], [6.1620439737453125e-06, 6.153810772957513e-06, 0.9999568462371826, 6.1576502048410475e-06, 6.161221335787559e-06, 6.167370884213597e-06, 6.161456440167967e-06, 6.165412287373329e-06], [6.157280495244777e-06, 6.15538419879158e-06, 6.147792646515882e-06, 0.9999569654464722, 6.154891252663219e-06, 6.159306849440327e-06, 6.1492351051128935e-06, 6.144967301224824e-06], [6.16509487372241e-06, 6.169788321130909e-06, 6.159294116514502e-06, 6.167852916405536e-06, 0.9999568462371826, 6.166253115225118e-06, 6.17661180513096e-06, 6.1733549046039116e-06], [6.169500466057798e-06, 6.1615032791451085e-06, 6.166852926980937e-06, 6.167135325085837e-06, 6.1658652157348115e-06, 0.9999568462371826, 6.163536454550922e-06, 6.169723747007083e-06], [6.162090812722454e-06, 6.1633136283489875e-06, 6.1540335991594475e-06, 6.155148639663821e-06, 6.163137186376844e-06, 6.163548732729396e-06, 0.9999568462371826, 6.1658533923036885e-06], [6.135763214842882e-06, 6.130048859631643e-06, 6.140714958746685e-06, 6.13070915278513e-06, 6.140604000393068e-06, 6.136664069344988e-06, 6.132790986157488e-06, 0.9999570846557617]], "mean_depth_distance": 0.05246228724718094}
{"kind": "key", "receiver_layer": 13, "sender_layers": [8, 9, 10, 11, 12, 13], "layer_weights": [0.1558222621679306, 0.17471972107887268, 0.19546712934970856, 0.1756652444601059, 0.15753471851348877, 0.14079095423221588], "head_mapping": [[0.9999568462371826, 6.161133114801487e-06, 6.160668817756232e-06, 6.168311756482581e-06, 6.151874003990088e-06, 6.160880730021745e-06, 6.159464192023734e-06, 6.1819628172088414e-06], [6.134218438091921e-06, 0.9999570846557617, 6.135212970548309e-06, 6.145941370050423e-06, 6.128540917416103e-06, 6.111614311521407e-06, 6.132626822363818e-06, 6.1478172028728295e-06], [6.161291821626946e-06, 6.156739800644573e-06, 0.9999568462371826, 6.167417723190738e-06, 6.155195478640962e-06, 6.153546109999297e-06, 6.144791314000031e-06, 6.163348643895006e-06], [6.173854671942536e-06, 6.170064352772897e-06, 6.173972451506415e-06, 0.9999567270278931, 6.177848263178021e-06, 6.173454949021107e-06, 6.163195394037757e-06, 6.179615866130916e-06], [6.179633601277601e-06, 6.158171800052514e-06, 6.187364760990022e-06, 6.169222615426406e-06, 0.9999567270278931, 6.1714767980447505e-06, 6.182362540130271e-06, 6.179569027153775e-06], [6.150044555397471e-06, 6.1480095610022545e-06, 6.1400469348882325e-06, 6.149774890218396e-06, 6.149821729195537e-06, 0.9999569654464722, 6.147054136818042e-06, 6.124140327301575e-06], [6.1491591623052955e-06, 6.144235157989897e-06, 6.165042577777058e-06, 6.1529722188424785e-06, 6.169135758682387e-06, 6.156933977763401e-06, 0.9999569654464722, 6.145788120193174e-06], [6.1833243307773955e-06, 6.165593731566332e-06, 6.1922642089484725e-06, 6.182056040415773e-06, 6.167534593259916e-06, 6.184096946526552e-06, 6.161761575640412e-06, 0.9999567270278931]], "mean_depth_distance": 0.051887329667806625}
{"kind": "key", "receiver_layer": 14, "sender_layers": [8, 9, 10, 11, 12, 13], "layer_weights": [0.14321839809417725, 0.16018348932266235, 0.17983335256576538, 0.1919349879026413, 0.1713918149471283, 0.15343794226646423], "head_mapping": [[0.9999567270278931, 6.190168278408237e-06, 6.174579084472498e-06, 6.171288077894133e-06, 6.178407602419611e-06, 6.183377536217449e-06, 6.173902420414379e-06, 6.176092483656248e-06], [6.1429286688508e-06, 0.9999569654464722, 6.124595529399812e-06, 6.14958707956248e-06, 6.139051492937142e-06, 6.1406794884533156e-06, 6.135878720670007e-06, 6.141815902083181e-06], [6.12986787018599e-06, 6.1353885030257516e-06, 0.9999570846557617, 6.14954115008004e-06, 6.134230261523044e-06, 6.137249329185579e-06, 6.13134034210816e-06, 6.138361641205847e-06], [6.172012945171446e-06, 6.1493751672969665e-06, 6.171347649797099e-06, 0.9999568462371826, 6.1513342188845854e-06, 6.163883426779648e-06, 6.154491074994439e-06, 6.15624094280065e-06], [6.162290901556844e-06, 6.1592122619913425e-06, 6.163460056995973e-06, 6.160774773888988e-06, 0.9999568462371826, 6.173685051180655e-06, 6.1565165196952876e-06, 6.164753813209245e-06], [6.175268481456442e-06, 6.171818313305266e-06, 6.168894287839066e-06, 6.1729665503662545e-06, 6.16509487372241e-06, 0.9999568462371826, 6.18290596321458e-06, 6.16441275269608e-06], [6.11768427916104e-06, 6.1332816585490946e-06, 6.143127848190488e-06, 6.134498107712716e-06, 6.131339887360809e-06, 6.128919721959392e-06, 0.9999569654464722, 6.125413619884057e-06], [6.174479040055303e-06, 6.184191079228185e-06, 6.169405423861463e-06, 6.171630047901999e-06, 6.172206667542923e-06, 6.166528692119755e-06, 6.182740435178857e-06, 0.9999567270278931]], "mean_depth_distance": 0.05240107327699661}
{"kind": "key", "receiver_layer": 15, "sender_layers": [9, 10, 11, 12, 13, 14], "layer_weights": [0.14652207493782043, 0.16450658440589905, 0.18374435603618622, 0.1879529505968094, 0.1678176373243332, 0.14945639669895172], "head_mapping": [[0.9999567270278931, 6.159047188702971e-06, 6.1691698647337034e-06, 6.1798637034371495e-06, 6.185417532833526e-06, 6.189512987475609e-06, 6.177553132147295e-06, 6.170805590954842e-06], [6.157015832286561e-06, 0.9999568462371826, 6.155706614663359e-06, 6.152132300485391e-06, 6.153217782411957e-06, 6.1557475419249386e-06, 6.170864708110457e-06, 6.155136816232698e-06], [6.130861947895028e-06, 6.116985332482727e-06, 0.9999572038650513, 6.128815584816039e-06, 6.1380164879665244e-06, 6.122682407294633e-06, 6.135055627964903e-06, 6.122705599409528e-06], [6.139467132015852e-06, 6.137821856100345e-06, 6.1498276409110986e-06, 0.9999569654464722, 6.159165877761552e-06, 6.152015885163564e-06, 6.160440534586087e-06, 6.153635240480071e-06], [6.15074168308638e-06, 6.153252797957975e-06, 6.152320111141307e-06, 6.156111794552999e-06, 0.9999568462371826, 6.159464192023734e-06, 6.157180450827582e-06, 6.163530997582711e-06], [6.151763500383822e-06, 6.150255558168283e-06, 6.14647342445096e-06, 6.14708915236406e-06, 6.147886779217515e-06, 0.9999569654464722, 6.137482614576584e-06, 6.144849976408295e-06], [6.158284122648183e-06, 6.158354608487571e-06, 6.144157850940246e-06, 6.167794253997272e-06, 6.170429514895659e-06, 6.1536052271549124e-06, 0.9999568462371826, 6.151768502604682e-06], [6.173584552016109e-06, 6.160575139801949e-06, 6.1723540056846105e-06, 6.160656994325109e-06, 6.165812010294758e-06, 6.166235380078433e-06, 6.1640125750273e-06, 0.9999568462371826]], "mean_depth_distance": 0.05272349342703819}
{"kind": "key", "receiver_layer": 16, "sender_layers": [10, 11, 12, 13, 14, 15], "layer_weights": [0.1510244905948639, 0.16804622113704681, 0.1888512372970581, 0.18280887603759766, 0.1632034182548523, 0.14606577157974243], "head_mapping": [[0.9999567270278931, 6.18049989498104e-06, 6.1839491536375135e-06, 6.172865596454358e-06, 6.1724776969640516e-06, 6.187376584421145e-06, 6.1838372857891954e-06, 6.175856924528489e-06], [6.17067644270719e-06, 0.9999567270278931, 6.174620011734078e-06, 6.175362159410724e-06, 6.186727205204079e-06, 6.195217338245129e-06, 6.187706730997888e-06, 6.174266673042439e-06], [6.130106612545205e-06, 6.136768661235692e-06, 0.9999569654464722, 6.118145392974839e-06, 6.144604412838817e-06, 6.13142219663132e-06, 6.145131465018494e-06, 6.152930836833548e-06], [6.152344212750904e-06, 6.158049927762477e-06, 6.14877171756234e-06, 0.9999569654464722, 6.1599412219948135e-06, 6.145658971945522e-06, 6.1191549320938066e-06, 6.145940460555721e-06], [6.184579888213193e-06, 6.162713816593168e-06, 6.160880275274394e-06, 6.189548003021628e-06, 0.9999567270278931, 6.190587100718403e-06, 6.1892765188531484e-06, 6.182693141454365e-06], [6.165911145217251e-06, 6.171347195049748e-06, 6.181767730595311e-06, 6.174066584208049e-06, 6.179132924444275e-06, 0.9999567270278931, 6.185429356264649e-06, 6.168834261188749e-06], [6.154586571938125e-06, 6.1465452745324e-06, 6.131434020062443e-06, 6.137612217571586e-06, 6.149910859676311e-06, 6.139275228633778e-06, 0.9999570846557617, 6.138151093182387e-06], [6.133948772912845e-06, 6.141171070339624e-06, 6.143116024759365e-06, 6.148179636511486e-06, 6.136698175396305e-06, 6.1450255088857375e-06, 6.126091193436878e-06, 0.9999569654464722]], "mean_depth_distance": 0.052701499313116074}
{"kind": "key", "receiver_layer": 17, "sender_layers": [11, 12, 13, 14, 15, 16], "layer_weights": [0.15411700308322906, 0.1738298535346985, 0.1946413516998291, 0.17724163830280304, 0.15910132229328156, 0.14106887578964233], "head_mapping": [[0.9999569654464722, 6.155032224341994e-06, 6.149657565401867e-06, 6.15044382357155e-06, 6.157051757327281e-06, 6.15028511674609e-06, 6.149317414383404e-06, 6.151265097287251e-06], [6.142980964796152e-06, 0.9999569654464722, 6.148572538222652e-06, 6.15007957094349e-06, 6.148472948552808e-06, 6.1489067775255535e-06, 6.153775757411495e-06, 6.153775757411495e-06], [6.159623353596544e-06, 6.161362307466334e-06, 0.9999568462371826, 6.159934855531901e-06, 6.162878435134189e-06, 6.159382337500574e-06, 6.156722065497888e-06, 6.157415100460639e-06], [6.148695320007391e-06, 6.151769412099384e-06, 6.150138688099105e-06, 0.9999569654464722, 6.149129603727488e-06, 6.150959507067455e-06, 6.154198672447819e-06, 6.156669769552536e-06], [6.1513296714110766e-06, 6.154715265438426e-06, 6.161386409075931e-06, 6.146462055767188e-06, 0.9999569654464722, 6.151944944576826e-06, 6.147757630969863e-06, 6.1489186009566765e-06], [6.152320111141307e-06, 6.154162747407099e-06, 6.157532425277168e-06, 6.158466476335889e-06, 6.159100848890375e-06, 0.9999568462371826, 6.1563523559016176e-06, 6.155706614663359e-06], [6.175745056680171e-06, 6.177247087180149e-06, 6.185771326272516e-06, 6.1902333072794136e-06, 6.180417585710529e-06, 6.183955520100426e-06, 0.9999567270278931, 6.177906925586285e-06], [6.1625487433047965e-06, 6.169322659843601e-06, 6.160092652862659e-06, 6.1702230595983565e-06, 6.164946626086021e-06, 6.1706878113909625e-06, 6.162055342429085e-06, 0.9999567270278931]], "mean_depth_distance": 0.05206955224275589}
{"kind": "key", "receiver_layer": 18, "sender_layers": [11, 12, 13, 14, 15, 16], "layer_weights": [0.14214925467967987, 0.15871770679950714, 0.17694947123527527, 0.19418756663799286, 0.17274042963981628, 0.155255526304245], "head_mapping": [[0.9999570846557617, 6.140200184745481e-06, 6.141183348518098e-06, 6.132007456471911e-06, 6.1330656535574235e-06, 6.13467454968486e-06, 6.123323601059383e-06, 6.137437139841495e-06], [6.135674539109459e-06, 0.9999569654464722, 6.160717020975426e-06, 6.155389655759791e-06, 6.159483291412471e-06, 6.152802143333247e-06, 6.141885933175217e-06, 6.140615369076841e-06], [6.1484138313971926e-06, 6.1792511587555055e-06, 0.9999568462371826, 6.163272246340057e-06, 6.15968792772037e-06, 6.159458735055523e-06, 6.1698947320110165e-06, 6.166758794279303e-06], [6.201151336426847e-06, 6.1700989135715645e-06, 6.201411451911554e-06, 0.9999566078186035, 6.194224170030793e-06, 6.189653504407033e-06, 6.167333594930824e-06, 6.1714404182566795e-06], [6.175592716317624e-06, 6.183359801070765e-06, 6.1601695051649585e-06, 6.184321136970539e-06, 0.9999568462371826, 6.171165296109393e-06, 6.172842859086813e-06, 6.155348728498211e-06], [6.174243935674895e-06, 6.198646133270813e-06, 6.1949881455802824e-06, 6.15904173173476e-06, 6.175793259899365e-06, 0.9999568462371826, 6.1636660575459246e-06, 6.163219040900003e-06], [6.15547651250381e-06, 6.172960183903342e-06, 6.177182058308972e-06, 6.16863462710171e-06, 6.19549473412917e-06, 6.160115844977554e-06, 0.9999567270278931, 6.190445219544927e-06], [6.1627370087080635e-06, 6.1968544287083205e-06, 6.157637471915223e-06, 6.176045644679107e-06, 6.168275831441861e-06, 6.182693141454365e-06, 6.180535365274409e-06, 0.9999567270278931]], "mean_depth_distance": 0.05219091475009918}
{"kind": "key", "receiver_layer": 19, "sender_layers": [12, 13, 14, 15, 16, 17], "layer_weights": [0.14573629200458527, 0.16297970712184906, 0.18266089260578156, 0.1904238611459732, 0.16774411499500275, 0.15045520663261414], "head_mapping": [[0.9999568462371826, 6.144867256807629e-06, 6.159517397463787e-06, 6.1715008996543474e-06, 6.16159104538383e-06, 6.169035714265192e-06, 6.174497229949338e-06, 6.158295946079306e-06], [6.157356438052375e-06, 0.9999568462371826, 6.175197995617054e-06, 6.167723313410534e-06, 6.159493750601541e-06, 6.171624136186438e-06, 6.159740678413073e-06, 6.161867531773169e-06], [6.188137831486529e-06, 6.17490832155454e-06, 0.9999567270278931, 6.174007467052434e-06, 6.178843705129111e-06, 6.1761866163578816e-06, 6.179091542435344e-06, 6.186503014760092e-06], [6.14194368608878e-06, 6.1521909628936555e-06, 6.17934574620449e-06, 0.9999568462371826, 6.1615032791451085e-06, 6.156070412544068e-06, 6.149550699774409e-06, 6.165794275148073e-06], [6.161715191410622e-06, 6.144509825389832e-06, 6.184144240251044e-06, 6.137470791145461e-06, 0.9999568462371826, 6.154467882879544e-06, 6.181378921610303e-06, 6.164506885397714e-06], [6.127635060693137e-06, 6.137858235888416e-06, 6.129061148385517e-06, 6.146163741505006e-06, 6.146685791463824e-06, 0.9999570846557617, 6.1502446442318615e-06, 6.142284746601945e-06], [6.156863037176663e-06, 6.168817890284117e-06, 6.189714440552052e-06, 6.169765129016014e-06, 6.1662299231102224e-06, 6.172725079522934e-06, 0.9999568462371826, 6.182381184771657e-06], [6.168871095724171e-06, 6.135363946668804e-06, 6.151064098958159e-06, 6.152742571430281e-06, 6.156082235975191e-06, 6.153517460916191e-06, 6.158689757285174e-06, 0.9999568462371826]], "mean_depth_distance": 0.05260728672146797}
{"kind": "key", "receiver_layer": 20, "sender_layers": [13, 14, 15, 16, 17, 18], "layer_weights": [0.14932702481746674, 0.16675597429275513, 0.18704764544963837, 0.18428339064121246, 0.16483661532402039, 0.14774934947490692], "head_mapping": [[0.9999569654464722, 6.1325567912717815e-06, 6.169924745336175e-06, 6.1523674048657995e-06, 6.154592028906336e-06, 6.137997843325138e-06, 6.147100975795183e-06, 6.145254701550584e-06], [6.130445854068967e-06, 0.9999570846557617, 6.138894150353735e-06, 6.134007435321109e-06, 6.136102456366643e-06, 6.1280788941076025e-06, 6.128265795268817e-06, 6.113520612416323e-06], [6.1870696299592964e-06, 6.165487775433576e-06, 0.9999567270278931, 6.163847501738928e-06, 6.189801752043422e-06, 6.163453690533061e-06, 6.166863840917358e-06, 6.163389571156586e-06], [6.166088951431448e-06, 6.165794275148073e-06, 6.1641071624762844e-06, 0.9999568462371826, 6.1860437199356966e-06, 6.16942952547106e-06, 6.1780492615071125e-06, 6.167970695969416e-06], [6.174350346555002e-06, 6.1403270592563786e-06, 6.155665232654428e-06, 6.171253517095465e-06, 0.9999568462371826, 6.153493359306594e-06, 6.1627492868865374e-06, 6.186126483953558e-06], [6.1449090935639106e-06, 6.163173111417564e-06, 6.159194981592009e-06, 6.1610107877640985e-06, 6.14991540714982e-06, 0.9999569654464722, 6.156939889478963e-06, 6.162326826597564e-06], [6.177035174914636e-06, 6.157725692901295e-06, 6.164558726595715e-06, 6.153773938422091e-06, 6.163048510643421e-06, 6.160127668408677e-06, 0.9999567270278931, 6.1535165514214896e-06], [6.157791631267173e-06, 6.136159754532855e-06, 6.13250995229464e-06, 6.1644195739063434e-06, 6.148965439933818e-06, 6.130357633082895e-06, 6.141628091427265e-06, 0.9999569654464722]], "mean_depth_distance": 0.05278881639242172}
{"kind": "key", "receiver_layer": 21, "sender_layers": [14, 15, 16, 17, 18, 19], "layer_weights": [0.15339164435863495, 0.17145095765590668, 0.19095414876937866, 0.1797424703836441, 0.16098079085350037, 0.14347992837429047], "head_mapping": [[0.9999568462371826, 6.168088475533295e-06, 6.168141226225998e-06, 6.1700588958046865e-06, 6.166529601614457e-06, 6.169388143462129e-06, 6.165329978102818e-06, 6.166394541651243e-06], [6.159993063192815e-06, 0.9999568462371826, 6.155477421998512e-06, 6.1525315686594695e-06, 6.158918949950021e-06, 6.1569335230160505e-06, 6.15656927038799e-06, 6.154426955617964e-06], [6.172042049001902e-06, 6.173254405439366e-06, 0.9999567270278931, 6.174902864586329e-06, 6.175750968395732e-06, 6.176681381475646e-06, 6.171618224470876e-06, 6.17251271251007e-06], [6.166888397274306e-06, 6.161732471809955e-06, 6.167394076328492e-06, 0.9999568462371826, 6.163008038129192e-06, 6.160927568998886e-06, 6.163795205793576e-06, 6.1626492424693424e-06], [6.158824362501036e-06, 6.162308181956178e-06, 6.158466476335889e-06, 6.1631017160834745e-06, 0.9999568462371826, 6.155806204333203e-06, 6.165747436170932e-06, 6.163019406812964e-06], [6.169988409965299e-06, 6.1658652157348115e-06, 6.169559128466062e-06, 6.1648361224797554e-06, 6.170505912450608e-06, 0.9999568462371826, 6.167488209030125e-06, 6.167741503304569e-06], [6.149985438241856e-06, 6.15668704995187e-06, 6.147898147901287e-06, 6.157749794510892e-06, 6.151645266072592e-06, 6.158654286991805e-06, 0.9999568462371826, 6.147111889731605e-06], [6.169575954118045e-06, 6.169499556563096e-06, 6.168546406115638e-06, 6.1740197452309076e-06, 6.1678520069108345e-06, 6.170282176753972e-06, 6.1758746596751735e-06, 0.9999567270278931]], "mean_depth_distance": 0.05247024446725845}
