{"kind": "key", "receiver_layer": 0, "sender_layers": [0, 1, 2, 3, 4, 5], "layer_weights": [0.21689462661743164, 0.19378265738487244, 0.17285072803497314, 0.15487655997276306, 0.13827098906040192, 0.123324453830719], "head_mapping": [[0.9999567270278931, 6.174066584208049e-06, 6.161255896586226e-06, 6.179662705108058e-06, 6.1882792579126544e-06, 6.170640972413821e-06, 6.185087386256782e-06, 6.1962455220054835e-06], [6.204262717801612e-06, 0.9999566078186035, 6.194472462084377e-06, 6.192039109009784e-06, 6.214412678673398e-06, 6.187789040268399e-06, 6.186101472849259e-06, 6.160496923257597e-06], [6.177706836751895e-06, 6.172936537041096e-06, 0.9999567270278931, 6.178873263706919e-06, 6.1663818087254185e-06, 6.203222255862784e-06, 6.17530349700246e-06, 6.177960131026339e-06], [6.205186309671262e-06, 6.191577995195985e-06, 6.184709036460845e-06, 0.9999566078186035, 6.206665602803696e-06, 6.191956344991922e-06, 6.223403488547774e-06, 6.198089067765977e-06], [6.160356861073524e-06, 6.183194273035042e-06, 6.159675649541896e-06, 6.182610377436504e-06, 0.9999567270278931, 6.166676030261442e-06, 6.190150088514201e-06, 6.1851992541051e-06], [6.195890819071792e-06, 6.197214133862872e-06, 6.200193183758529e-06, 6.19868023932213e-06, 6.197598395374371e-06, 0.9999566078186035, 6.202334134286502e-06, 6.197616130521055e-06], [6.197096354298992e-06, 6.1866685427958146e-06, 6.1886153162049595e-06, 6.181973731145263e-06, 6.1737960095342714e-06, 6.180317086545983e-06, 0.9999567270278931, 6.1810774241166655e-06], [6.175956514198333e-06, 6.184367066452978e-06, 6.208596005308209e-06, 6.193497483764077e-06, 6.191577995195985e-06, 6.181660410220502e-06, 6.184284302435117e-06, 0.9999566078186035]], "mean_depth_distance": 0.08051185309886932}
{"kind": "key", "receiver_layer": 1, "sender_layers": [0, 1, 2, 3, 4, 5], "layer_weights": [0.18847832083702087, 0.20099422335624695, 0.17954100668430328, 0.16056323051452637, 0.14254745841026306, 0.12787573039531708], "head_mapping": [[0.9999568462371826, 6.1724781517114025e-06, 6.172083431010833e-06, 6.164336355141131e-06, 6.1690411712334026e-06, 6.155430583021371e-06, 6.164882961456897e-06, 6.164536443975521e-06], [6.188885890878737e-06, 0.9999566078186035, 6.19487400399521e-06, 6.1906098380859476e-06, 6.185877282405272e-06, 6.193521130626323e-06, 6.193166882439982e-06, 6.1802043092029635e-06], [6.180163836688735e-06, 6.173148449306609e-06, 0.9999567270278931, 6.184155608934816e-06, 6.174408099468565e-06, 6.180169748404296e-06, 6.177235263749026e-06, 6.178896910569165e-06], [6.157632469694363e-06, 6.155183655209839e-06, 6.160551038192352e-06, 0.9999568462371826, 6.157192274258705e-06, 6.146578925836366e-06, 6.147382009658031e-06, 6.151404704723973e-06], [6.185192887642188e-06, 6.190397471073084e-06, 6.190687145135598e-06, 6.183930508996127e-06, 0.9999566078186035, 6.192546607053373e-06, 6.1924283727421425e-06, 6.187316557770828e-06], [6.171700078994036e-06, 6.177883278724039e-06, 6.175645012262976e-06, 6.182964625622844e-06, 6.177399882290047e-06, 0.9999567270278931, 6.175892394821858e-06, 6.174643658596324e-06], [6.174054760776926e-06, 6.177105660754023e-06, 6.1789382925780956e-06, 6.174254849611316e-06, 6.177435807330767e-06, 6.180086984386435e-06, 0.9999567270278931, 6.1737196119793225e-06], [6.166781531646848e-06, 6.169228981889319e-06, 6.170581855258206e-06, 6.169575954118045e-06, 6.170741016831016e-06, 6.174502232170198e-06, 6.172130269987974e-06, 0.9999567270278931]], "mean_depth_distance": 0.06558152288198471}
{"kind": "key", "receiver_layer": 2, "sender_layers": [0, 1, 2, 3, 4, 5], "layer_weights": [0.16676495969295502, 0.1880941390991211, 0.1903047263622284, 0.16885694861412048, 0.15093779563903809, 0.13504144549369812], "head_mapping": [[0.9999568462371826, 6.161091732792556e-06, 6.179097908898257e-06, 6.158037649584003e-06, 6.164548267406644e-06, 6.156874860607786e-06, 6.145177394500934e-06, 6.157673396955943e-06], [6.198668415891007e-06, 0.9999566078186035, 6.1917676248413045e-06, 6.202280928846449e-06, 6.189423402247485e-06, 6.190125986904604e-06, 6.1834884945710655e-06, 6.1828277466702275e-06], [6.150800345494645e-06, 6.153294179966906e-06, 0.9999568462371826, 6.151252364361426e-06, 6.162443696666742e-06, 6.154902166599641e-06, 6.167441370052984e-06, 6.157415100460639e-06], [6.189134182932321e-06, 6.191336069605313e-06, 6.202600161486771e-06, 0.9999566078186035, 6.188650331750978e-06, 6.191330612637103e-06, 6.188526185724186e-06, 6.188844963617157e-06], [6.179202500788961e-06, 6.172488156153122e-06, 6.186136943142628e-06, 6.185463917063316e-06, 0.9999566078186035, 6.190474323375383e-06, 6.197060884005623e-06, 6.190060958033428e-06], [6.182350261951797e-06, 6.1801160882168915e-06, 6.181112439662684e-06, 6.1952641772222705e-06, 6.200205007189652e-06, 0.9999566078186035, 6.199690687935799e-06, 6.174066129460698e-06], [6.160656994325109e-06, 6.16485385762644e-06, 6.166976163513027e-06, 6.1629134506802075e-06, 6.172524990688544e-06, 6.159670192573685e-06, 0.9999568462371826, 6.177613158797612e-06], [6.179744559631217e-06, 6.180640411912464e-06, 6.199164545250824e-06, 6.19003139945562e-06, 6.1947798712935764e-06, 6.186478913150495e-06, 6.1696041484538e-06, 0.9999566078186035]], "mean_depth_distance": 0.05667337775230408}
{"kind": "key", "receiver_layer": 3, "sender_layers": [0, 1, 2, 3, 4, 5], "layer_weights": [0.15124917030334473, 0.1698341816663742, 0.18964789807796478, 0.18158797919750214, 0.16256026923656464, 0.1451205313205719], "head_mapping": [[0.9999567270278931, 6.17744763076189e-06, 6.187813141877996e-06, 6.174914688017452e-06, 6.183577625051839e-06, 6.19198090134887e-06, 6.186255177453859e-06, 6.1852229009673465e-06], [6.1696300690528005e-06, 0.9999568462371826, 6.165241757116746e-06, 6.1670825743931346e-06, 6.1667824411415495e-06, 6.168476375023602e-06, 6.16236093264888e-06, 6.158601536299102e-06], [6.179008778417483e-06, 6.170429060148308e-06, 0.9999567270278931, 6.177860086609144e-06, 6.169163953018142e-06, 6.173678229970392e-06, 6.180311174830422e-06, 6.162554655020358e-06], [6.1724417719233315e-06, 6.181048320286209e-06, 6.182386641739868e-06, 0.9999567270278931, 6.181230673973914e-06, 6.177270279295044e-06, 6.173313522594981e-06, 6.185382062540157e-06], [6.1897007981315255e-06, 6.182615834404714e-06, 6.18621970716049e-06, 6.183199275255902e-06, 0.9999566078186035, 6.187783128552837e-06, 6.192918590386398e-06, 6.1841133174311835e-06], [6.1593123064085376e-06, 6.165441845951136e-06, 6.164218575577252e-06, 6.170488632051274e-06, 6.178414878377225e-06, 0.9999568462371826, 6.163595571706537e-06, 6.159998974908376e-06], [6.174383997858968e-06, 6.18512194705545e-06, 6.177982413646532e-06, 6.189618488861015e-06, 6.192499768076232e-06, 6.1861719586886466e-06, 0.9999566078186035, 6.179225692903856e-06], [6.163453690533061e-06, 6.175291673571337e-06, 6.161185410746839e-06, 6.16586430624011e-06, 6.1690052461926825e-06, 6.164441401779186e-06, 6.180381660669809e-06, 0.9999567270278931]], "mean_depth_distance": 0.052635110914707184}
{"kind": "key", "receiver_layer": 4, "sender_layers": [1, 2, 3, 4, 5, 6], "layer_weights": [0.15468962490558624, 0.17324593663215637, 0.1954275369644165, 0.17769789695739746, 0.1578895002603531, 0.1410495787858963], "head_mapping": [[0.9999566078186035, 6.181135631777579e-06, 6.185770871525165e-06, 6.181848675623769e-06, 6.198556093295338e-06, 6.189275609358447e-06, 6.183812729432248e-06, 6.187387953104917e-06], [6.186154678289313e-06, 0.9999566078186035, 6.201719315868104e-06, 6.1887035371910315e-06, 6.195323294377886e-06, 6.189110536070075e-06, 6.198892606334994e-06, 6.1917676248413045e-06], [6.189411578816362e-06, 6.188036422827281e-06, 0.9999566078186035, 6.1833643485442735e-06, 6.1929013099870645e-06, 6.1855353123974055e-06, 6.189157375047216e-06, 6.1940709201735444e-06], [6.183978712215321e-06, 6.179569027153775e-06, 6.189902705955319e-06, 0.9999567270278931, 6.172771918500075e-06, 6.195819878485054e-06, 6.165722879813984e-06, 6.182805009302683e-06], [6.195240530360024e-06, 6.196919002832146e-06, 6.197356015036348e-06, 6.208477316249628e-06, 0.9999566078186035, 6.1938344515510835e-06, 6.189021860336652e-06, 6.189199211803498e-06], [6.16867055214243e-06, 6.169524112920044e-06, 6.1709356486971956e-06, 6.170841515995562e-06, 6.1776368056598585e-06, 0.9999568462371826, 6.1774007917847484e-06, 6.161961209727451e-06], [6.184980975376675e-06, 6.177965587994549e-06, 6.177058367029531e-06, 6.1741725403408054e-06, 6.1960213315614965e-06, 6.181195658427896e-06, 0.9999567270278931, 6.181106982694473e-06], [6.163971193018369e-06, 6.182292054290883e-06, 6.160550583445001e-06, 6.176446277095238e-06, 6.1719533732684795e-06, 6.1794389694114216e-06, 6.179262527439278e-06, 0.9999567270278931]], "mean_depth_distance": 0.051972441375255585}
{"kind": "key", "receiver_layer": 5, "sender_layers": [1, 2, 3, 4, 5, 6], "layer_weights": [0.1419503092765808, 0.15891814231872559, 0.17868447303771973, 0.1929902732372284, 0.17301401495933533, 0.15444272756576538], "head_mapping": [[0.9999567270278931, 6.163342732179444e-06, 6.170346750877798e-06, 6.164288606669288e-06, 6.164746991998982e-06, 6.17239493294619e-06, 6.168281743157422e-06, 6.169528660393553e-06], [6.1823511714464985e-06, 0.9999567270278931, 6.181619937706273e-06, 6.189843588799704e-06, 6.185187430673977e-06, 6.189849500515265e-06, 6.1849864323448855e-06, 6.1772884691890795e-06], [6.180322998261545e-06, 6.180576292535989e-06, 0.9999567270278931, 6.17764771959628e-06, 6.174031568662031e-06, 6.178048352012411e-06, 6.179698630148778e-06, 6.1800519688404165e-06], [6.168204890855122e-06, 6.183371169754537e-06, 6.1651762734982185e-06, 0.9999567270278931, 6.1693699535680935e-06, 6.169970220071264e-06, 6.172848316055024e-06, 6.17211253484129e-06], [6.180835953273345e-06, 6.182928700582124e-06, 6.17978685113485e-06, 6.176993792905705e-06, 0.9999567270278931, 6.183506684465101e-06, 6.184839548950549e-06, 6.183542609505821e-06], [6.166581442812458e-06, 6.174514055601321e-06, 6.173525434860494e-06, 6.178048352012411e-06, 6.168287200125633e-06, 0.9999567270278931, 6.167652372823795e-06, 6.166440471133683e-06], [6.172877419885481e-06, 6.1707760323770344e-06, 6.171017503220355e-06, 6.173007022880483e-06, 6.171653240016894e-06, 6.17482646703138e-06, 0.9999567270278931, 6.170464075694326e-06], [6.175892394821858e-06, 6.178331204864662e-06, 6.167616447783075e-06, 6.1782898228557315e-06, 6.175220732984599e-06, 6.17343084741151e-06, 6.178955572977429e-06, 0.9999567270278931]], "mean_depth_distance": 0.052226416766643524}
{"kind": "key", "receiver_layer": 6, "sender_layers": [2, 3, 4, 5, 6, 7], "layer_weights": [0.14558352530002594, 0.1638573557138443, 0.1833609640598297, 0.18830658495426178, 0.16887158155441284, 0.15001998841762543], "head_mapping": [[0.9999568462371826, 6.1593123064085376e-06, 6.163008038129192e-06, 6.166429557197262e-06, 6.1624728004971985e-06, 6.170682354422752e-06, 6.165600552776596e-06, 6.161332748888526e-06], [6.1675355027546175e-06, 0.9999568462371826, 6.1689411268162075e-06, 6.167847004689975e-06, 6.161797045933781e-06, 6.160674729471793e-06, 6.168782874738099e-06, 6.15900080447318e-06], [6.182156539580319e-06, 6.181879598443629e-06, 0.9999567270278931, 6.181508069857955e-06, 6.182881861604983e-06, 6.191065494931536e-06, 6.1745849961880594e-06, 6.179238425829681e-06], [6.201647920534015e-06, 6.1923401517560706e-06, 6.19790580458357e-06, 0.9999566078186035, 6.1926648413646035e-06, 6.183128789416514e-06, 6.180487162055215e-06, 6.185676738823531e-06], [6.177335308166221e-06, 6.181796834425768e-06, 6.166416824271437e-06, 6.187683084135642e-06, 0.9999567270278931, 6.1859836932853796e-06, 6.18515787209617e-06, 6.173442670842633e-06], [6.186154678289313e-06, 6.171746463223826e-06, 6.191129614308011e-06, 6.187104645505315e-06, 6.183930508996127e-06, 0.9999566078186035, 6.206494163052412e-06, 6.183423465699889e-06], [6.175020189402858e-06, 6.185192887642188e-06, 6.1693335737800226e-06, 6.190102340042358e-06, 6.182338438520674e-06, 6.187116468936438e-06, 0.9999566078186035, 6.193538865773007e-06], [6.192086402734276e-06, 6.181217941048089e-06, 6.186348855408141e-06, 6.181536718941061e-06, 6.184390713315224e-06, 6.1890277720522135e-06, 6.195990863488987e-06, 0.9999566078186035]], "mean_depth_distance": 0.052669815719127655}
{"kind": "key", "receiver_layer": 7, "sender_layers": [3, 4, 5, 6, 7, 8], "layer_weights": [0.1499926596879959, 0.1673651933670044, 0.18848423659801483, 0.18309897184371948, 0.1649102121591568, 0.14614872634410858], "head_mapping": [[0.9999567270278931, 6.157619736768538e-06, 6.171523637021892e-06, 6.167463652673177e-06, 6.185570782690775e-06, 6.1613031903107185e-06, 6.176245278766146e-06, 6.18345984548796e-06], [6.200997631822247e-06, 0.9999566078186035, 6.196883532538777e-06, 6.205434601724846e-06, 6.204594228620408e-06, 6.207014848769177e-06, 6.194696652528364e-06, 6.197994025569642e-06], [6.18255717199645e-06, 6.172906978463288e-06, 0.9999567270278931, 6.175538601382868e-06, 6.1833002291677985e-06, 6.170664619276067e-06, 6.179079719004221e-06, 6.179179763421416e-06], [6.1789428400516044e-06, 6.189347004692536e-06, 6.18327021584264e-06, 0.9999566078186035, 6.192399268911686e-06, 6.186567588883918e-06, 6.191802640387323e-06, 6.186856353451731e-06], [6.175403541419655e-06, 6.182852303027175e-06, 6.192034106788924e-06, 6.1941068452142645e-06, 0.9999567270278931, 6.173077963467222e-06, 6.1857358559791464e-06, 6.183317964314483e-06], [6.203493740031263e-06, 6.180852778925328e-06, 6.196103186084656e-06, 6.190480235090945e-06, 6.199069957801839e-06, 0.9999566078186035, 6.1827158788219094e-06, 6.189110536070075e-06], [6.178490366437472e-06, 6.169464086269727e-06, 6.1838372857891954e-06, 6.186892278492451e-06, 6.17764771959628e-06, 6.1846744756621774e-06, 0.9999567270278931, 6.176222086651251e-06], [6.164235401229234e-06, 6.1759747040923685e-06, 6.166405455587665e-06, 6.181454864417901e-06, 6.17179466644302e-06, 6.170440883579431e-06, 6.1730424931738526e-06, 0.9999567270278931]], "mean_depth_distance": 0.052718132734298706}
{"kind": "key", "receiver_layer": 8, "sender_layers": [4, 5, 6, 7, 8, 9], "layer_weights": [0.15407057106494904, 0.17196282744407654, 0.1931983083486557, 0.178568035364151, 0.15950778126716614, 0.14269249141216278], "head_mapping": [[0.9999567270278931, 6.172071152832359e-06, 6.181867775012506e-06, 6.177670911711175e-06, 6.180258424137719e-06, 6.174937880132347e-06, 6.188869519974105e-06, 6.184739504533354e-06], [6.184556241350947e-06, 0.9999567270278931, 6.175715952849714e-06, 6.170405413286062e-06, 6.189217856444884e-06, 6.184833182487637e-06, 6.163112630019896e-06, 6.169040261738701e-06], [6.167345873109298e-06, 6.160151770018274e-06, 0.9999567270278931, 6.176593160489574e-06, 6.1944911067257635e-06, 6.188414772623219e-06, 6.182533979881555e-06, 6.177199793455657e-06], [6.148026841401588e-06, 6.144081908132648e-06, 6.151521574793151e-06, 0.9999568462371826, 6.174691407068167e-06, 6.17274872638518e-06, 6.1462915255106054e-06, 6.161098099255469e-06], [6.191957254486624e-06, 6.173995643621311e-06, 6.178731837280793e-06, 6.179050160426414e-06, 0.9999567270278931, 6.171971108415164e-06, 6.1777891460224055e-06, 6.1724658735329285e-06], [6.1929249568493105e-06, 6.20340506429784e-06, 6.184107860462973e-06, 6.2037838688411284e-06, 6.211011623236118e-06, 0.9999566078186035, 6.186390237417072e-06, 6.198124538059346e-06], [6.164665137475822e-06, 6.159024451335426e-06, 6.168871095724171e-06, 6.153235517558642e-06, 6.168276740936562e-06, 6.162737463455414e-06, 0.9999568462371826, 6.157838015496964e-06], [6.150759418233065e-06, 6.1443925005733036e-06, 6.1453420130419545e-06, 6.151791694719577e-06, 6.166399998619454e-06, 6.150747594801942e-06, 6.158707037684508e-06, 0.9999568462371826]], "mean_depth_distance": 0.05230958014726639}
{"kind": "key", "receiver_layer": 9, "sender_layers": [4, 5, 6, 7, 8, 9], "layer_weights": [0.1402098685503006, 0.1583019345998764, 0.17659012973308563, 0.19489780068397522, 0.1743917316198349, 0.15560850501060486], "head_mapping": [[0.9999566078186035, 6.1787782215105835e-06, 6.2003468883631285e-06, 6.201198630151339e-06, 6.191608008521143e-06, 6.208276317920536e-06, 6.190007752593374e-06, 6.1912946875963826e-06], [6.164794740470825e-06, 0.9999568462371826, 6.16802935837768e-06, 6.159552413009806e-06, 6.170452707010554e-06, 6.164359547256026e-06, 6.188864517753245e-06, 6.163589659990976e-06], [6.198791652423097e-06, 6.218816452019382e-06, 0.999956488609314, 6.229459359019529e-06, 6.2081330725050066e-06, 6.205208592291456e-06, 6.213262167875655e-06, 6.215193934622221e-06], [6.189577106852084e-06, 6.194436991791008e-06, 6.182356173667358e-06, 0.9999566078186035, 6.188520274008624e-06, 6.19580760030658e-06, 6.193752142280573e-06, 6.178071089379955e-06], [6.18421427134308e-06, 6.17689374848851e-06, 6.187936833157437e-06, 6.179444881126983e-06, 0.9999567270278931, 6.1866207943239715e-06, 6.1784780882589985e-06, 6.173219389893347e-06], [6.20320997768431e-06, 6.189169198478339e-06, 6.177505838422803e-06, 6.183317054819781e-06, 6.202760232554283e-06, 0.9999566078186035, 6.177929662953829e-06, 6.177964678499848e-06], [6.16931174590718e-06, 6.163031230244087e-06, 6.16413035459118e-06, 6.152155492600286e-06, 6.167817900859518e-06, 6.169782864162698e-06, 0.9999568462371826, 6.159505574032664e-06], [6.192741693666903e-06, 6.1890159486210905e-06, 6.197019047249341e-06, 6.184349331306294e-06, 6.187411145219812e-06, 6.1966702560312115e-06, 6.1824030126444995e-06, 0.9999566078186035]], "mean_depth_distance": 0.05193621665239334}
{"kind": "key", "receiver_layer": 10, "sender_layers": [5, 6, 7, 8, 9, 10], "layer_weights": [0.14520148932933807, 0.16166630387306213, 0.18076194822788239, 0.18956831097602844, 0.17063294351100922, 0.15216901898384094], "head_mapping": [[0.9999567270278931, 6.1737960095342714e-06, 6.180670879984973e-06, 6.178931926115183e-06, 6.180311174830422e-06, 6.179321189847542e-06, 6.176286660775077e-06, 6.174902864586329e-06], [6.181160188134527e-06, 0.9999567270278931, 6.18065905655385e-06, 6.176870101626264e-06, 6.185618076415267e-06, 6.184185167512624e-06, 6.179427600727649e-06, 6.18140802544076e-06], [6.183818641147809e-06, 6.183694949868368e-06, 0.9999566078186035, 6.1865084717283025e-06, 6.18834383203648e-06, 6.1883911257609725e-06, 6.1864966482971795e-06, 6.183753612276632e-06], [6.171559107315261e-06, 6.172336270537926e-06, 6.1703231040155515e-06, 0.9999567270278931, 6.1720652411167976e-06, 6.172607299959054e-06, 6.1699583966401406e-06, 6.1714004004898015e-06], [6.173437213874422e-06, 6.177470822876785e-06, 6.174867849040311e-06, 6.17502655586577e-06, 0.9999567270278931, 6.174078407639172e-06, 6.177176601340761e-06, 6.173207566462224e-06], [6.17211253484129e-06, 6.177423983899644e-06, 6.179085175972432e-06, 6.17732985119801e-06, 6.1798518800060265e-06, 0.9999567270278931, 6.1715004449069966e-06, 6.177871910040267e-06], [6.177306204335764e-06, 6.173560450406512e-06, 6.174849659146275e-06, 6.175403541419655e-06, 6.178472631290788e-06, 6.176805527502438e-06, 0.9999567270278931, 6.174360805744072e-06], [6.172771918500075e-06, 6.185912752698641e-06, 6.181808657856891e-06, 6.184614903759211e-06, 6.181614480738062e-06, 6.181101070978912e-06, 6.183830919326283e-06, 0.9999567270278931]], "mean_depth_distance": 0.05265699326992035}
{"kind": "key", "receiver_layer": 11, "sender_layers": [6, 7, 8, 9, 10, 11], "layer_weights": [0.14801780879497528, 0.16756020486354828, 0.18636514246463776, 0.1850622445344925, 0.1655864119529724, 0.14740824699401855], "head_mapping": [[0.9999567270278931, 6.171594122861279e-06, 6.160362772789085e-06, 6.180488071549917e-06, 6.1691698647337034e-06, 6.169852440507384e-06, 6.185582606121898e-06, 6.179038336995291e-06], [6.171841505420161e-06, 0.9999567270278931, 6.184633093653247e-06, 6.188320185174234e-06, 6.174614100018516e-06, 6.193410172272706e-06, 6.180953732837224e-06, 6.1672108131460845e-06], [6.19101137999678e-06, 6.186101472849259e-06, 0.9999566078186035, 6.185405254655052e-06, 6.187653070810484e-06, 6.1884029491920955e-06, 6.196729827934178e-06, 6.1926648413646035e-06], [6.1618561630893964e-06, 6.1585956245835405e-06, 6.1518035181507e-06, 0.9999568462371826, 6.164224487292813e-06, 6.167417723190738e-06, 6.1631253629457206e-06, 6.166911589389201e-06], [6.205020326888189e-06, 6.1974151321919635e-06, 6.205955287441611e-06, 6.19805950918817e-06, 0.9999566078186035, 6.19206275587203e-06, 6.204701094247866e-06, 6.196298272698186e-06], [6.177135219331831e-06, 6.168657819216605e-06, 6.165640570543474e-06, 6.174455393193057e-06, 6.173737347126007e-06, 0.9999567270278931, 6.167569608805934e-06, 6.176010174385738e-06], [6.182327524584252e-06, 6.177482646307908e-06, 6.1790146901330445e-06, 6.164964361232705e-06, 6.167087576613994e-06, 6.18184412815026e-06, 0.9999567270278931, 6.171971108415164e-06], [6.2011040427023545e-06, 6.185794973134762e-06, 6.1969421949470416e-06, 6.187889539432945e-06, 6.184473022585735e-06, 6.198928076628363e-06, 6.180758191476343e-06, 0.9999566078186035]], "mean_depth_distance": 0.05273864045739174}
{"kind": "key", "receiver_layer": 12, "sender_layers": [7, 8, 9, 10, 11, 12], "layer_weights": [0.1523115336894989, 0.17076630890369415, 0.19091130793094635, 0.1811193972826004, 0.1611785590648651, 0.14371290802955627], "head_mapping": [[0.9999568462371826, 6.158190444693901e-06, 6.161797045933781e-06, 6.163936177472351e-06, 6.1691939663433e-06, 6.162349563965108e-06, 6.16971192357596e-06, 6.161256351333577e-06], [6.166017101350008e-06, 0.9999567270278931, 6.158671112643788e-06, 6.16915804130258e-06, 6.170735105115455e-06, 6.162978024804033e-06, 6.162596037029289e-06, 6.172047505970113e-06], [6.1876944528194144e-06, 6.183258392411517e-06, 0.9999566078186035, 6.181725439091679e-06, 6.189653504407033e-06, 6.195742571435403e-06, 6.1911946431791876e-06, 6.187151484482456e-06], [6.18204421698465e-06, 6.178343028295785e-06, 6.172324447106803e-06, 0.9999567270278931, 6.176151600811863e-06, 6.18243393546436e-06, 6.1703995015705004e-06, 6.16783427176415e-06], [6.178053808980621e-06, 6.183529876579996e-06, 6.179780029924586e-06, 6.18200829194393e-06, 0.9999566078186035, 6.184119229146745e-06, 6.196174126671394e-06, 6.1902378547529224e-06], [6.18621970716049e-06, 6.184166522871237e-06, 6.185263828228926e-06, 6.187364306242671e-06, 6.184107860462973e-06, 0.9999566078186035, 6.184261110320222e-06, 6.187417511682725e-06], [6.178048352012411e-06, 6.181655407999642e-06, 6.1691698647337034e-06, 6.168781965243397e-06, 6.171971108415164e-06, 6.168946583784418e-06, 0.9999567270278931, 6.168657819216605e-06], [6.156229119369527e-06, 6.1493751672969665e-06, 6.1548903431685176e-06, 6.154808488645358e-06, 6.163877969811438e-06, 6.16009310761001e-06, 6.1544737945951056e-06, 0.9999568462371826]], "mean_depth_distance": 0.05248885229229927}
{"kind": "key", "receiver_layer": 13, "sender_layers": [8, 9, 10, 11, 12, 13], "layer_weights": [0.15630821883678436, 0.17484532296657562, 0.19534358382225037, 0.17467693984508514, 0.15734119713306427, 0.14148476719856262], "head_mapping": [[0.9999567270278931, 6.163395028124796e-06, 6.183565801620716e-06, 6.182657671160996e-06, 6.164311798784183e-06, 6.173878773552133e-06, 6.168222626001807e-06, 6.1967061810719315e-06], [6.164047590573318e-06, 0.9999567270278931, 6.168287200125633e-06, 6.183955520100426e-06, 6.15396811554092e-06, 6.145739462226629e-06, 6.172383109515067e-06, 6.179073352541309e-06], [6.17127670921036e-06, 6.161973033158574e-06, 0.9999568462371826, 6.18113108430407e-06, 6.15855424257461e-06, 6.1576383814099245e-06, 6.147552085167263e-06, 6.169935204525245e-06], [6.200430107128341e-06, 6.200376901688287e-06, 6.21411618340062e-06, 0.9999566078186035, 6.2036951931077056e-06, 6.200417828949867e-06, 6.195134119479917e-06, 6.201802079885965e-06], [6.206269063113723e-06, 6.189854047988774e-06, 6.2225963119999506e-06, 6.1947798712935764e-06, 0.9999566078186035, 6.20325135969324e-06, 6.205979389051208e-06, 6.2061803873803e-06], [6.167088486108696e-06, 6.18325975665357e-06, 6.1635541896976065e-06, 6.171700533741387e-06, 6.176552687975345e-06, 0.9999568462371826, 6.175009730213787e-06, 6.143150130810682e-06], [6.164970727695618e-06, 6.17015803072718e-06, 6.198302344273543e-06, 6.180588115967112e-06, 6.197456968948245e-06, 6.191331522131804e-06, 0.9999567270278931, 6.157473308121553e-06], [6.207156729942653e-06, 6.190444310050225e-06, 6.2182184592529666e-06, 6.205760200828081e-06, 6.193095941853244e-06, 6.217092050064821e-06, 6.176734132168349e-06, 0.9999566078186035]], "mean_depth_distance": 0.05195516347885132}
{"kind": "key", "receiver_layer": 14, "sender_layers": [8, 9, 10, 11, 12, 13], "layer_weights": [0.14342692494392395, 0.15923607349395752, 0.17997683584690094, 0.19284528493881226, 0.1713995784521103, 0.15311534702777863], "head_mapping": [[0.9999566078186035, 6.215473604243016e-06, 6.192570253915619e-06, 6.194921752467053e-06, 6.1952760006533936e-06, 6.205398676684126e-06, 6.18524018136668e-06, 6.198118626343785e-06], [6.179179763421416e-06, 0.9999567270278931, 6.155500159366056e-06, 6.176858278195141e-06, 6.179073352541309e-06, 6.173613655846566e-06, 6.165640570543474e-06, 6.173972451506415e-06], [6.158613359730225e-06, 6.160921202535974e-06, 0.9999568462371826, 6.173172550916206e-06, 6.149773980723694e-06, 6.151199613668723e-06, 6.151897650852334e-06, 6.1518508118751924e-06], [6.185235633893171e-06, 6.16931174590718e-06, 6.18211606706609e-06, 0.9999568462371826, 6.164636033645365e-06, 6.166576440591598e-06, 6.1645714595215395e-06, 6.169170774228405e-06], [6.198212759045418e-06, 6.198502887855284e-06, 6.183435289131012e-06, 6.198597475304268e-06, 0.9999566078186035, 6.205831141414819e-06, 6.189535724843154e-06, 6.2023459577176254e-06], [6.220839622983476e-06, 6.224115168151911e-06, 6.210240826476365e-06, 6.220293926162412e-06, 6.222761840035673e-06, 0.999956488609314, 6.2391745814238675e-06, 6.213108463271055e-06], [6.133608167147031e-06, 6.160921202535974e-06, 6.166917955852114e-06, 6.16029865341261e-06, 6.139431206975132e-06, 6.155277787911473e-06, 0.9999568462371826, 6.141522135294508e-06], [6.187423423398286e-06, 6.1737314354104456e-06, 6.183624464028981e-06, 6.190351086843293e-06, 6.1744844970235135e-06, 6.1615673985215835e-06, 6.191271950228838e-06, 0.9999567270278931]], "mean_depth_distance": 0.05234459042549133}
{"kind": "key", "receiver_layer": 15, "sender_layers": [9, 10, 11, 12, 13, 14], "layer_weights": [0.14598049223423004, 0.16490156948566437, 0.1833091378211975, 0.1885174810886383, 0.1678237020969391, 0.1494675576686859], "head_mapping": [[0.9999566078186035, 6.172953362693079e-06, 6.177246632432798e-06, 6.192286946316017e-06, 6.201452833920484e-06, 6.207269962033024e-06, 6.193367426021723e-06, 6.178006060508778e-06], [6.167182164062979e-06, 0.9999568462371826, 6.166653292893898e-06, 6.16404850006802e-06, 6.170582310005557e-06, 6.168235358927632e-06, 6.185241545608733e-06, 6.171788754727459e-06], [6.151229172246531e-06, 6.139812285255175e-06, 0.9999569654464722, 6.13464408161235e-06, 6.147640306153335e-06, 6.141042376839323e-06, 6.148895408841781e-06, 6.130685505922884e-06], [6.166828370623989e-06, 6.167298579384806e-06, 6.183612185850507e-06, 0.9999566078186035, 6.2006074585951865e-06, 6.173336259962525e-06, 6.189500254549785e-06, 6.186974587762961e-06], [6.177882823976688e-06, 6.179355750646209e-06, 6.178554485813947e-06, 6.18165449850494e-06, 0.9999566078186035, 6.18763579041115e-06, 6.182084689498879e-06, 6.1940827436046675e-06], [6.175716862344416e-06, 6.174072950670961e-06, 6.171418135636486e-06, 6.166688308439916e-06, 6.168405889184214e-06, 0.9999568462371826, 6.156511062727077e-06, 6.168676463857992e-06], [6.190150088514201e-06, 6.180046511872206e-06, 6.1501841628341936e-06, 6.193090939632384e-06, 6.192323780851439e-06, 6.178118837851798e-06, 0.9999567270278931, 6.164946626086021e-06], [6.1998384808248375e-06, 6.177547220431734e-06, 6.194773504830664e-06, 6.178471721796086e-06, 6.186455266288249e-06, 6.185865458974149e-06, 6.1884029491920955e-06, 0.9999566078186035]], "mean_depth_distance": 0.05269598215818405}
{"kind": "key", "receiver_layer": 16, "sender_layers": [10, 11, 12, 13, 14, 15], "layer_weights": [0.15045902132987976, 0.16822278499603271, 0.18839840590953827, 0.18338799476623535, 0.16258466243743896, 0.14694714546203613], "head_mapping": [[0.9999567270278931, 6.173878773552133e-06, 6.173007022880483e-06, 6.1679520513280295e-06, 6.146958639874356e-06, 6.162266799947247e-06, 6.176840543048456e-06, 6.168264008010738e-06], [6.186797691043466e-06, 0.9999566078186035, 6.200489224283956e-06, 6.19786487732199e-06, 6.190179192344658e-06, 6.198148639668943e-06, 6.194980414875317e-06, 6.184496669447981e-06], [6.17833029536996e-06, 6.176504484756151e-06, 0.9999566078186035, 6.174266218295088e-06, 6.187700364534976e-06, 6.190751264512073e-06, 6.20525679551065e-06, 6.201920314197196e-06], [6.140819095890038e-06, 6.175363068905426e-06, 6.16025727140368e-06, 0.9999568462371826, 6.1862560869485606e-06, 6.147346539364662e-06, 6.146150553831831e-06, 6.156310973892687e-06], [6.2037838688411284e-06, 6.180086074891733e-06, 6.1904861468065064e-06, 6.213268534338567e-06, 0.9999566078186035, 6.208684681041632e-06, 6.215123903530184e-06, 6.202795702847652e-06], [6.184343419590732e-06, 6.179638603498461e-06, 6.197533366503194e-06, 6.1875057326687966e-06, 6.1846503740525804e-06, 0.9999566078186035, 6.189216946950182e-06, 6.198124538059346e-06], [6.127295819169376e-06, 6.143057817098452e-06, 6.135411695140647e-06, 6.1212740547489375e-06, 6.136681804491673e-06, 6.116413260315312e-06, 0.9999570846557617, 6.120217221905477e-06], [6.1572977756441105e-06, 6.1655487115785945e-06, 6.158554697321961e-06, 6.162609224702464e-06, 6.149774890218396e-06, 6.165988907014253e-06, 6.148168267827714e-06, 0.9999569654464722]], "mean_depth_distance": 0.05271831899881363}
{"kind": "key", "receiver_layer": 17, "sender_layers": [11, 12, 13, 14, 15, 16], "layer_weights": [0.15371674299240112, 0.17435064911842346, 0.19502441585063934, 0.17736433446407318, 0.1589893400669098, 0.1405544877052307], "head_mapping": [[0.9999568462371826, 6.171489076223224e-06, 6.1632899814867415e-06, 6.1605983319168445e-06, 6.171542281663278e-06, 6.1683763306064066e-06, 6.162866611703066e-06, 6.165994363982463e-06], [6.151075922389282e-06, 0.9999568462371826, 6.156358267617179e-06, 6.15656927038799e-06, 6.1534287851827685e-06, 6.152642527013086e-06, 6.156005838420242e-06, 6.15404496784322e-06], [6.170529104565503e-06, 6.176163424242986e-06, 0.9999567270278931, 6.171118002384901e-06, 6.176834631332895e-06, 6.1744726735923905e-06, 6.17071736996877e-06, 6.170829237817088e-06], [6.162796125863679e-06, 6.163430953165516e-06, 6.16187344348873e-06, 0.9999568462371826, 6.162513727758778e-06, 6.1653886405110825e-06, 6.1651244323002174e-06, 6.167211722640786e-06], [6.166622824821388e-06, 6.175638645800063e-06, 6.175208909553476e-06, 6.162695626699133e-06, 0.9999567270278931, 6.168063464428997e-06, 6.162572390167043e-06, 6.16421766608255e-06], [6.1554833337140735e-06, 6.162049430713523e-06, 6.163548732729396e-06, 6.1611508499481715e-06, 6.163407761050621e-06, 0.9999568462371826, 6.159746135381283e-06, 6.160039902169956e-06], [6.203244083735626e-06, 6.208523700479418e-06, 6.219213901204057e-06, 6.222091542440467e-06, 6.211058462213259e-06, 6.216688234417234e-06, 0.999956488609314, 6.211194886418525e-06], [6.184956873767078e-06, 6.196375125000486e-06, 6.185181064211065e-06, 6.197970833454747e-06, 6.187186954775825e-06, 6.1934856603329536e-06, 6.1868918237451e-06, 0.9999566078186035]], "mean_depth_distance": 0.052002549171447754}
{"kind": "key", "receiver_layer": 18, "sender_layers": [11, 12, 13, 14, 15, 16], "layer_weights": [0.14228205382823944, 0.1589914858341217, 0.1766461282968521, 0.1948225349187851, 0.1722397655248642, 0.15501809120178223], "head_mapping": [[0.9999569654464722, 6.151176421553828e-06, 6.1412883951561525e-06, 6.1383489082800224e-06, 6.159717941045528e-06, 6.12357371210237e-06, 6.146514806459891e-06, 6.146936812001513e-06], [6.1838009060011245e-06, 0.9999566078186035, 6.203955308592413e-06, 6.1986329455976374e-06, 6.192393357196124e-06, 6.196747108333511e-06, 6.1842133618483786e-06, 6.1942951106175315e-06], [6.16074976278469e-06, 6.226704499567859e-06, 0.9999566078186035, 6.204771580087254e-06, 6.188319730426883e-06, 6.172711891849758e-06, 6.18798958385014e-06, 6.197545189934317e-06], [6.228919119166676e-06, 6.2034991969994735e-06, 6.231634415598819e-06, 0.999956488609314, 6.232436589925783e-06, 6.2169128796085715e-06, 6.198679329827428e-06, 6.203280008776346e-06], [6.19837283011293e-06, 6.206073521752842e-06, 6.178259354783222e-06, 6.2217595768743195e-06, 0.9999566078186035, 6.208761533343932e-06, 6.2075123423710465e-06, 6.172170287754852e-06], [6.1974269556230865e-06, 6.2287003856908996e-06, 6.2222043197834864e-06, 6.17912019151845e-06, 6.214815584826283e-06, 0.9999566078186035, 6.203204065968748e-06, 6.1755499700666405e-06], [6.148565262265038e-06, 6.159082204248989e-06, 6.18421427134308e-06, 6.188757197378436e-06, 6.2221402004070114e-06, 6.19221691522398e-06, 0.9999567270278931, 6.181885510159191e-06], [6.242731615202501e-06, 6.253338142414577e-06, 6.244006272027036e-06, 6.263353498070501e-06, 6.244488304218976e-06, 6.27592135060695e-06, 6.250661044759909e-06, 0.9999561309814453]], "mean_depth_distance": 0.05217771232128143}
{"kind": "key", "receiver_layer": 19, "sender_layers": [12, 13, 14, 15, 16, 17], "layer_weights": [0.14553533494472504, 0.16285566985607147, 0.18247157335281372, 0.1913139671087265, 0.16773958504199982, 0.15008385479450226], "head_mapping": [[0.9999566078186035, 6.184378889884101e-06, 6.1903620007797144e-06, 6.208808827068424e-06, 6.186656264617341e-06, 6.187352482811548e-06, 6.215254416019889e-06, 6.197225957293995e-06], [6.183742698340211e-06, 0.9999567270278931, 6.188237875903724e-06, 6.21292610958335e-06, 6.181478511280147e-06, 6.222389401955297e-06, 6.16251963947434e-06, 6.185269739944488e-06], [6.235284217837034e-06, 6.219166607479565e-06, 0.999956488609314, 6.187918188516051e-06, 6.214038421603618e-06, 6.219190254341811e-06, 6.224993740033824e-06, 6.254748313949676e-06], [6.128281711426098e-06, 6.1553191699204035e-06, 6.180147465784103e-06, 0.9999568462371826, 6.1565046962641645e-06, 6.141064659459516e-06, 6.163783382362453e-06, 6.170182132336777e-06], [6.165581908135209e-06, 6.163888429000508e-06, 6.20328182776575e-06, 6.175680027808994e-06, 0.9999567270278931, 6.172171197249554e-06, 6.19237061982858e-06, 6.176127499202266e-06], [6.145294719317462e-06, 6.170565029606223e-06, 6.170700089569436e-06, 6.168523668748094e-06, 6.17771956967772e-06, 0.9999568462371826, 6.170370852487395e-06, 6.149785804154817e-06], [6.199979907250963e-06, 6.210495939740213e-06, 6.2338995121535845e-06, 6.218057933438104e-06, 6.21438812231645e-06, 6.226584901014576e-06, 0.999956488609314, 6.226720870472491e-06], [6.187186954775825e-06, 6.182644938235171e-06, 6.172417215566384e-06, 6.1829396145185456e-06, 6.1910704971523955e-06, 6.176999249873916e-06, 6.2000985963095445e-06, 0.9999566078186035]], "mean_depth_distance": 0.05255414918065071}
{"kind": "key", "receiver_layer": 20, "sender_layers": [13, 14, 15, 16, 17, 18], "layer_weights": [0.14891499280929565, 0.16726288199424744, 0.1881226748228073, 0.18405884504318237, 0.1645512580871582, 0.14708931744098663], "head_mapping": [[0.9999567270278931, 6.157819825602928e-06, 6.200714778969996e-06, 6.175444923428586e-06, 6.177682735142298e-06, 6.152466539788293e-06, 6.1741961872030515e-06, 6.184744961501565e-06], [6.17577552475268e-06, 0.9999568462371826, 6.19307365923305e-06, 6.174414920678828e-06, 6.157239113235846e-06, 6.17366686128662e-06, 6.1590480981976725e-06, 6.1322043620748445e-06], [6.176881925057387e-06, 6.167234460008331e-06, 0.9999567270278931, 6.181702701724134e-06, 6.187576673255535e-06, 6.168481377244461e-06, 6.156968083814718e-06, 6.168664185679518e-06], [6.178495368658332e-06, 6.19346837993362e-06, 6.18842568655964e-06, 0.9999566078186035, 6.208228569448693e-06, 6.1883911257609725e-06, 6.207204478414496e-06, 6.194673460413469e-06], [6.174598638608586e-06, 6.1363821259874385e-06, 6.147980002424447e-06, 6.153775757411495e-06, 0.9999569654464722, 6.1262726376298815e-06, 6.172290341055486e-06, 6.155525170470355e-06], [6.1881428337073885e-06, 6.19155480308109e-06, 6.192275122884894e-06, 6.197397397045279e-06, 6.194708475959487e-06, 0.9999566078186035, 6.199471954460023e-06, 6.188296538311988e-06], [6.214933819137514e-06, 6.198053597472608e-06, 6.219048827915685e-06, 6.194413344928762e-06, 6.2050971791904885e-06, 6.2068434090178926e-06, 0.9999566078186035, 6.204085366334766e-06], [6.175669113872573e-06, 6.160234079288784e-06, 6.153458343760576e-06, 6.180277068779105e-06, 6.16802935837768e-06, 6.1490468397096265e-06, 6.156511062727077e-06, 0.9999568462371826]], "mean_depth_distance": 0.05271141603589058}
{"kind": "key", "receiver_layer": 21, "sender_layers": [14, 15, 16, 17, 18, 19], "layer_weights": [0.15303592383861542, 0.17157571017742157, 0.19073352217674255, 0.1797223538160324, 0.1612066626548767, 0.14372587203979492], "head_mapping": [[0.9999567270278931, 6.1806886151316576e-06, 6.179167939990293e-06, 6.183158802741673e-06, 6.1827636272937525e-06, 6.1853111219534185e-06, 6.181537628435763e-06, 6.177860086609144e-06], [6.175857834023191e-06, 0.9999568462371826, 6.173514066176722e-06, 6.167835181258852e-06, 6.173196197778452e-06, 6.17163050264935e-06, 6.172430403239559e-06, 6.1679356804233976e-06], [6.188284714880865e-06, 6.193964509293437e-06, 0.9999566078186035, 6.194696652528364e-06, 6.193574336066376e-06, 6.193220087880036e-06, 6.18854392087087e-06, 6.192239652591525e-06], [6.187906819832278e-06, 6.181736807775451e-06, 6.184555786603596e-06, 0.9999566078186035, 6.182185188663425e-06, 6.178413059387822e-06, 6.180634954944253e-06, 6.17975638306234e-06], [6.178660896694055e-06, 6.1784257923136465e-06, 6.171700078994036e-06, 6.182515789987519e-06, 0.9999567270278931, 6.170735105115455e-06, 6.182132892718073e-06, 6.177624072734034e-06], [6.188349743752042e-06, 6.18500416749157e-06, 6.1964578890183475e-06, 6.186750397318974e-06, 6.196363301569363e-06, 0.9999566078186035, 6.192747605382465e-06, 6.192310138430912e-06], [6.163877969811438e-06, 6.1689115682384e-06, 6.162249519547913e-06, 6.168570507725235e-06, 6.1705532061751e-06, 6.168794243421871e-06, 0.9999568462371826, 6.158014002721757e-06], [6.191200554894749e-06, 6.19253478362225e-06, 6.1881310102762654e-06, 6.196398771862732e-06, 6.190810836415039e-06, 6.191247848619241e-06, 6.197722996148514e-06, 0.9999566078186035]], "mean_depth_distance": 0.052485138177871704}
