{"kind": "key", "receiver_layer": 0, "sender_layers": [0, 1, 2, 3, 4, 5], "layer_weights": [0.21656963229179382, 0.19392438232898712, 0.17266026139259338, 0.15490609407424927, 0.13844135403633118, 0.12349828332662582], "head_mapping": [[0.9999566078186035, 6.189948635437759e-06, 6.180593572935322e-06, 6.20073751633754e-06, 6.203008979355218e-06, 6.187783128552837e-06, 6.205576937645674e-06, 6.221765488589881e-06], [6.222399861144368e-06, 0.999956488609314, 6.211876097950153e-06, 6.209506409504684e-06, 6.228818165254779e-06, 6.211200343386736e-06, 6.2056701608526055e-06, 6.176768238219665e-06], [6.193302397150546e-06, 6.194956768013071e-06, 0.9999566078186035, 6.198070877871942e-06, 6.183458935993258e-06, 6.2194285419536754e-06, 6.203671091498109e-06, 6.207258138601901e-06], [6.202896202012198e-06, 6.198597475304268e-06, 6.191938155097887e-06, 0.9999566078186035, 6.210727406141814e-06, 6.195423793542432e-06, 6.225849574548192e-06, 6.202772055985406e-06], [6.1769637795805465e-06, 6.2009680732444394e-06, 6.178837338666199e-06, 6.203611974342493e-06, 0.9999566078186035, 6.175691396492766e-06, 6.207204478414496e-06, 6.213499545992818e-06], [6.206913440109929e-06, 6.21416256763041e-06, 6.208292688825168e-06, 6.211118034116225e-06, 6.223367108759703e-06, 0.999956488609314, 6.224589924386237e-06, 6.2220560721470974e-06], [6.218147518666228e-06, 6.205824774951907e-06, 6.21147955826018e-06, 6.197545189934317e-06, 6.19677712165867e-06, 6.197545189934317e-06, 0.9999566078186035, 6.195695732458262e-06], [6.1966820794623345e-06, 6.198195478646085e-06, 6.2257486206362955e-06, 6.2122080635163e-06, 6.2063340919849e-06, 6.195216883497778e-06, 6.199968538567191e-06, 0.9999566078186035]], "mean_depth_distance": 0.08056370913982391}
{"kind": "key", "receiver_layer": 1, "sender_layers": [0, 1, 2, 3, 4, 5], "layer_weights": [0.18844911456108093, 0.20087100565433502, 0.17939232289791107, 0.16091282665729523, 0.14258426427841187, 0.12779036164283752], "head_mapping": [[0.9999566078186035, 6.192381533765001e-06, 6.1901373555883765e-06, 6.18535796093056e-06, 6.1931255004310515e-06, 6.175043836265104e-06, 6.18701005805633e-06, 6.188950919749914e-06], [6.209631919773528e-06, 0.9999566078186035, 6.215799203346251e-06, 6.211266281752614e-06, 6.2056060414761305e-06, 6.215378562046681e-06, 6.212332664290443e-06, 6.198567916726461e-06], [6.1985087995708454e-06, 6.192771252244711e-06, 0.9999566078186035, 6.204913916008081e-06, 6.190680778672686e-06, 6.198514711286407e-06, 6.194254183355952e-06, 6.19475622443133e-06], [6.1747732615913264e-06, 6.173325346026104e-06, 6.179674528539181e-06, 0.9999567270278931, 6.173936981213046e-06, 6.164405931485817e-06, 6.16466422798112e-06, 6.165487775433576e-06], [6.206056241353508e-06, 6.210911124071572e-06, 6.211556865309831e-06, 6.199335985002108e-06, 0.9999566078186035, 6.211912022990873e-06, 6.213867436599685e-06, 6.209152616065694e-06], [6.190592102939263e-06, 6.195122296048794e-06, 6.192210094013717e-06, 6.200914867804386e-06, 6.197107722982764e-06, 0.9999566078186035, 6.192499768076232e-06, 6.193651188368676e-06], [6.193864010128891e-06, 6.1946911955601536e-06, 6.197486072778702e-06, 6.193810804688837e-06, 6.195205060066655e-06, 6.198786650202237e-06, 0.9999566078186035, 6.194814886839595e-06], [6.192936780280434e-06, 6.194519755808869e-06, 6.198018127179239e-06, 6.194944944581948e-06, 6.197332368174102e-06, 6.201494215929415e-06, 6.198124538059346e-06, 0.9999566078186035]], "mean_depth_distance": 0.06559276580810547}
{"kind": "key", "receiver_layer": 2, "sender_layers": [0, 1, 2, 3, 4, 5], "layer_weights": [0.16685335338115692, 0.18787114322185516, 0.1904403567314148, 0.16888467967510223, 0.15097860991954803, 0.13497181236743927], "head_mapping": [[0.9999567270278931, 6.1800519688404165e-06, 6.198722076078411e-06, 6.175968792376807e-06, 6.18089507042896e-06, 6.177730483614141e-06, 6.1631012613361236e-06, 6.171041604829952e-06], [6.220590876182541e-06, 0.9999566078186035, 6.208098056958988e-06, 6.221860530786216e-06, 6.206287253007758e-06, 6.205760200828081e-06, 6.204191777214874e-06, 6.202393251442118e-06], [6.172895155032165e-06, 6.17450814388576e-06, 0.9999567270278931, 6.1730188463116065e-06, 6.185146048665047e-06, 6.177918749017408e-06, 6.188373390614288e-06, 6.178608146001352e-06], [6.199389190442162e-06, 6.204701094247866e-06, 6.2152425925887655e-06, 0.9999566078186035, 6.200116331456229e-06, 6.204168585099978e-06, 6.203008979355218e-06, 6.200666121003451e-06], [6.195063178893179e-06, 6.188355655467603e-06, 6.203398697834928e-06, 6.198975370352855e-06, 0.9999566078186035, 6.208897957549198e-06, 6.21063827566104e-06, 6.204168585099978e-06], [6.201328687893692e-06, 6.199732524692081e-06, 6.202724762260914e-06, 6.214756012923317e-06, 6.218017006176524e-06, 0.9999566078186035, 6.2214512581704184e-06, 6.19003139945562e-06], [6.1703112805844285e-06, 6.176740498631261e-06, 6.180882792250486e-06, 6.175998350954615e-06, 6.185889105836395e-06, 6.172377197799506e-06, 0.9999567270278931, 6.19010324953706e-06], [6.198006303748116e-06, 6.199022664077347e-06, 6.217079771886347e-06, 6.2062990764388815e-06, 6.216190740815364e-06, 6.203008979355218e-06, 6.193893568706699e-06, 0.9999566078186035]], "mean_depth_distance": 0.05667253956198692}
{"kind": "key", "receiver_layer": 3, "sender_layers": [0, 1, 2, 3, 4, 5], "layer_weights": [0.1510002315044403, 0.1699122190475464, 0.19000458717346191, 0.18173742294311523, 0.16234102845191956, 0.14500458538532257], "head_mapping": [[0.9999566078186035, 6.191312422743067e-06, 6.203440534591209e-06, 6.189370196807431e-06, 6.200524239829974e-06, 6.209827006387059e-06, 6.199146810104139e-06, 6.2006192820263095e-06], [6.183613095345208e-06, 0.9999567270278931, 6.179444881126983e-06, 6.180641321407165e-06, 6.178873263706919e-06, 6.179462616273668e-06, 6.177965587994549e-06, 6.171570930746384e-06], [6.1955242927069776e-06, 6.187422968650935e-06, 0.9999566078186035, 6.194100478751352e-06, 6.185033726069378e-06, 6.1938344515510835e-06, 6.196416507009417e-06, 6.176805072755087e-06], [6.188013230712386e-06, 6.197220045578433e-06, 6.197326456458541e-06, 0.9999566078186035, 6.1981600083527155e-06, 6.192830369400326e-06, 6.187641247379361e-06, 6.201955784490565e-06], [6.209140792634571e-06, 6.2005956351640634e-06, 6.203955308592413e-06, 6.201802079885965e-06, 0.9999566078186035, 6.203357770573348e-06, 6.2088502090773545e-06, 6.2018370954319835e-06], [6.177723662403878e-06, 6.183234745549271e-06, 6.1840250964451116e-06, 6.190745807543863e-06, 6.197273251018487e-06, 0.9999566078186035, 6.185169240779942e-06, 6.17813020653557e-06], [6.1894884311186615e-06, 6.199826657393714e-06, 6.192039109009784e-06, 6.204298642842332e-06, 6.2077729126031045e-06, 6.201961696206126e-06, 0.9999566078186035, 6.19592583461781e-06], [6.184520771057578e-06, 6.195482455950696e-06, 6.180805485200835e-06, 6.187222425069194e-06, 6.190084604895674e-06, 6.1842133618483786e-06, 6.1989812820684165e-06, 0.9999566078186035]], "mean_depth_distance": 0.05260029435157776}
{"kind": "key", "receiver_layer": 4, "sender_layers": [1, 2, 3, 4, 5, 6], "layer_weights": [0.1546308547258377, 0.17354750633239746, 0.19543324410915375, 0.17737255990505219, 0.157728374004364, 0.14128753542900085], "head_mapping": [[0.9999566078186035, 6.2040680859354325e-06, 6.21017670709989e-06, 6.198195478646085e-06, 6.225825927685946e-06, 6.2168487602320965e-06, 6.211278105183737e-06, 6.215936082298867e-06], [6.208725153555861e-06, 0.999956488609314, 6.221788680704776e-06, 6.209814273461234e-06, 6.211804702616064e-06, 6.21083336227457e-06, 6.2212548073148355e-06, 6.2096314650261775e-06], [6.204475994309178e-06, 6.2047365645412356e-06, 0.9999566078186035, 6.20070159129682e-06, 6.212658263393678e-06, 6.203730663401075e-06, 6.204380952112842e-06, 6.212255811988143e-06], [6.197474249347579e-06, 6.19147795077879e-06, 6.202275471878238e-06, 0.9999566078186035, 6.187954113556771e-06, 6.213986125658266e-06, 6.176834176585544e-06, 6.1976752476766706e-06], [6.211792879184941e-06, 6.214684617589228e-06, 6.212610514921835e-06, 6.223593118193094e-06, 0.999956488609314, 6.212195785337826e-06, 6.202936674526427e-06, 6.209358616615646e-06], [6.188060524436878e-06, 6.190125986904604e-06, 6.190350177348591e-06, 6.186998234625207e-06, 6.197037237143377e-06, 0.9999566078186035, 6.196451977302786e-06, 6.184555786603596e-06], [6.201151336426847e-06, 6.191224201756995e-06, 6.188673978613224e-06, 6.18406011199113e-06, 6.212907010194613e-06, 6.189771738718264e-06, 0.9999566078186035, 6.186302016431e-06], [6.1797277339792345e-06, 6.197533821250545e-06, 6.17653995504952e-06, 6.190079602674814e-06, 6.185665370139759e-06, 6.192795808601659e-06, 6.189643045217963e-06, 0.9999567270278931]], "mean_depth_distance": 0.051983293145895004}
{"kind": "key", "receiver_layer": 5, "sender_layers": [1, 2, 3, 4, 5, 6], "layer_weights": [0.14184418320655823, 0.15854652225971222, 0.1789567917585373, 0.19316239655017853, 0.173167884349823, 0.15432223677635193], "head_mapping": [[0.9999566078186035, 6.181913704494946e-06, 6.1883793023298495e-06, 6.183022378536407e-06, 6.183848199725617e-06, 6.191826287249569e-06, 6.186856353451731e-06, 6.186809514474589e-06], [6.1986565924598835e-06, 0.9999566078186035, 6.197072252689395e-06, 6.204818873811746e-06, 6.202949407452252e-06, 6.206204034242546e-06, 6.202227723406395e-06, 6.195098649186548e-06], [6.200524239829974e-06, 6.200689767865697e-06, 0.9999566078186035, 6.197332368174102e-06, 6.193503850226989e-06, 6.19798265688587e-06, 6.199483777891146e-06, 6.200500592967728e-06], [6.187529379531043e-06, 6.201707492436981e-06, 6.18279818809242e-06, 0.9999566078186035, 6.188549377839081e-06, 6.188497081893729e-06, 6.190845851961058e-06, 6.190562544361455e-06], [6.198999017215101e-06, 6.200950338097755e-06, 6.198029950610362e-06, 6.194980414875317e-06, 0.9999566078186035, 6.201973519637249e-06, 6.2031745073909406e-06, 6.20197897660546e-06], [6.185847269080114e-06, 6.194921752467053e-06, 6.192629825818585e-06, 6.197273251018487e-06, 6.187659437273396e-06, 0.9999566078186035, 6.186331575008808e-06, 6.184797712194268e-06], [6.193562512635253e-06, 6.1909463511256035e-06, 6.191365628183121e-06, 6.192966338858241e-06, 6.191377451614244e-06, 6.195216883497778e-06, 0.9999566078186035, 6.189647592691472e-06], [6.19280672253808e-06, 6.195854894031072e-06, 6.184071935422253e-06, 6.19499223830644e-06, 6.1924642977828626e-06, 6.191643024067162e-06, 6.196103186084656e-06, 0.9999566078186035]], "mean_depth_distance": 0.05219613015651703}
{"kind": "key", "receiver_layer": 6, "sender_layers": [2, 3, 4, 5, 6, 7], "layer_weights": [0.14562681317329407, 0.16349413990974426, 0.18364042043685913, 0.18787840008735657, 0.16908769309520721, 0.15027250349521637], "head_mapping": [[0.9999567270278931, 6.172406756377313e-06, 6.176752322062384e-06, 6.1776008806191385e-06, 6.175880571390735e-06, 6.18420881437487e-06, 6.179203410283662e-06, 6.17239493294619e-06], [6.180005129863275e-06, 0.9999567270278931, 6.181030585139524e-06, 6.174137070047436e-06, 6.170458618726116e-06, 6.169210791995283e-06, 6.178260264277924e-06, 6.166957973618992e-06], [6.1965820350451395e-06, 6.196291906235274e-06, 0.9999566078186035, 6.1917676248413045e-06, 6.196132744662464e-06, 6.203363682288909e-06, 6.186166501720436e-06, 6.191661213961197e-06], [6.212522293935763e-06, 6.202429176482838e-06, 6.20587252342375e-06, 0.9999566078186035, 6.2010922192712314e-06, 6.191424745338736e-06, 6.187311100802617e-06, 6.194584784680046e-06], [6.197184575285064e-06, 6.201447376952274e-06, 6.1866085161454976e-06, 6.209199455042835e-06, 0.9999566078186035, 6.208015747688478e-06, 6.205789759405889e-06, 6.194247816893039e-06], [6.2057779359747656e-06, 6.189257874211762e-06, 6.2085778154141735e-06, 6.21014078205917e-06, 6.204990768310381e-06, 0.9999566078186035, 6.227773155842442e-06, 6.203925750014605e-06], [6.1826276578358375e-06, 6.195630703587085e-06, 6.181047410791507e-06, 6.201790256454842e-06, 6.194230081746355e-06, 6.197616130521055e-06, 0.9999566078186035, 6.201955784490565e-06], [6.2044523474469315e-06, 6.19635147813824e-06, 6.197781658556778e-06, 6.193905392137822e-06, 6.195695732458262e-06, 6.201459200383397e-06, 6.209098955878289e-06, 0.9999566078186035]], "mean_depth_distance": 0.05268589034676552}
{"kind": "key", "receiver_layer": 7, "sender_layers": [3, 4, 5, 6, 7, 8], "layer_weights": [0.14999812841415405, 0.16752465069293976, 0.18871557712554932, 0.18296745419502258, 0.1647181212902069, 0.14607611298561096], "head_mapping": [[0.9999567270278931, 6.172006123961182e-06, 6.183235655043973e-06, 6.182079687278019e-06, 6.200909410836175e-06, 6.170681899675401e-06, 6.187175586092053e-06, 6.198710252647288e-06], [6.222459433047334e-06, 0.999956488609314, 6.216082965693204e-06, 6.2251478993857745e-06, 6.223912805580767e-06, 6.227059657248901e-06, 6.214992481545778e-06, 6.2169128796085715e-06], [6.200571988301817e-06, 6.189736268424895e-06, 0.9999566078186035, 6.191613920236705e-06, 6.200382358656498e-06, 6.187316557770828e-06, 6.195287369337166e-06, 6.196599770191824e-06], [6.198089067765977e-06, 6.209744242369197e-06, 6.203375505720032e-06, 0.9999566078186035, 6.211852905835258e-06, 6.206701527844416e-06, 6.211817435541889e-06, 6.204380952112842e-06], [6.190728072397178e-06, 6.1993418967176694e-06, 6.208512786542997e-06, 6.2142171373125166e-06, 0.9999566078186035, 6.190940894157393e-06, 6.206269063113723e-06, 6.202872555149952e-06], [6.2282238104671706e-06, 6.203161774465116e-06, 6.218876478669699e-06, 6.2178382904676255e-06, 6.224174285307527e-06, 0.999956488609314, 6.204782494023675e-06, 6.215626854100265e-06], [6.195589321578154e-06, 6.188497081893729e-06, 6.19926504441537e-06, 6.209188086359063e-06, 6.195299192768289e-06, 6.196877166075865e-06, 0.9999566078186035, 6.193397439346882e-06], [6.172877419885481e-06, 6.186432074173354e-06, 6.175544967845781e-06, 6.18971353105735e-06, 6.180098807817558e-06, 6.1788023231201805e-06, 6.184102403494762e-06, 0.9999567270278931]], "mean_depth_distance": 0.05270902067422867}
{"kind": "key", "receiver_layer": 8, "sender_layers": [4, 5, 6, 7, 8, 9], "layer_weights": [0.1545705944299698, 0.17276069521903992, 0.1918235868215561, 0.17834173142910004, 0.1592600792646408, 0.14324332773685455], "head_mapping": [[0.9999566078186035, 6.198857590788975e-06, 6.207997557794442e-06, 6.206855232449016e-06, 6.2040439843258355e-06, 6.19635147813824e-06, 6.214051154529443e-06, 6.208654667716473e-06], [6.2081812757242005e-06, 0.9999566078186035, 6.205582394613884e-06, 6.1952760006533936e-06, 6.213322194525972e-06, 6.2105082179186866e-06, 6.187588041939307e-06, 6.1894525060779415e-06], [6.173101155582117e-06, 6.164758815430105e-06, 0.9999567270278931, 6.18728199697216e-06, 6.199638391990447e-06, 6.19529964751564e-06, 6.192559339979198e-06, 6.1821388044336345e-06], [6.1597052081197035e-06, 6.1490468397096265e-06, 6.163430953165516e-06, 0.9999568462371826, 6.183684490679298e-06, 6.18314197708969e-06, 6.1603336689586286e-06, 6.173196197778452e-06], [6.2203894231060985e-06, 6.208666491147596e-06, 6.211047093529487e-06, 6.2106205405143555e-06, 0.9999566078186035, 6.2028902902966365e-06, 6.210478204593528e-06, 6.202688837220194e-06], [6.199755716806976e-06, 6.2040321608947124e-06, 6.1880427892901935e-06, 6.2100521063257474e-06, 6.2184913076634984e-06, 0.9999566078186035, 6.1888035816082265e-06, 6.193220087880036e-06], [6.177865543577354e-06, 6.176257102197269e-06, 6.185706297401339e-06, 6.174914688017452e-06, 6.1833361542085186e-06, 6.174855570861837e-06, 0.9999567270278931, 6.168558229546761e-06], [6.1783539422322065e-06, 6.177906470838934e-06, 6.181966909934999e-06, 6.181112439662684e-06, 6.200808002176927e-06, 6.185051006468711e-06, 6.194620254973415e-06, 0.9999566078186035]], "mean_depth_distance": 0.05240967124700546}
{"kind": "key", "receiver_layer": 9, "sender_layers": [4, 5, 6, 7, 8, 9], "layer_weights": [0.140572652220726, 0.1575327068567276, 0.17706261575222015, 0.19575561583042145, 0.1737305074930191, 0.15534594655036926], "head_mapping": [[0.999956488609314, 6.204084456840064e-06, 6.234439752006438e-06, 6.2273866205941886e-06, 6.21922572463518e-06, 6.238686637516366e-06, 6.217820555320941e-06, 6.219166607479565e-06], [6.189747637108667e-06, 0.9999566078186035, 6.189995929162251e-06, 6.183647201396525e-06, 6.194449269969482e-06, 6.190302883624099e-06, 6.209128969203448e-06, 6.1870450736023486e-06], [6.221860076038865e-06, 6.236889930733014e-06, 0.999956488609314, 6.245544682315085e-06, 6.226371169759659e-06, 6.229376595001668e-06, 6.2349336076295e-06, 6.230659892025869e-06], [6.1996138356334995e-06, 6.201790256454842e-06, 6.1921159613120835e-06, 0.9999566078186035, 6.197734819579637e-06, 6.198361006681807e-06, 6.2068074839771725e-06, 6.188019142427947e-06], [6.205120826052735e-06, 6.196705726324581e-06, 6.208761533343932e-06, 6.202115400810726e-06, 0.9999566078186035, 6.207713340700138e-06, 6.2021213125262875e-06, 6.196658887347439e-06], [6.226377081475221e-06, 6.210347692103824e-06, 6.207020305737387e-06, 6.222044248715974e-06, 6.233292424440151e-06, 0.999956488609314, 6.21163871983299e-06, 6.205119916558033e-06], [6.187251528899651e-06, 6.1848622863180935e-06, 6.181619028211571e-06, 6.1784539866494015e-06, 6.189122359501198e-06, 6.195122296048794e-06, 0.9999566078186035, 6.183057848829776e-06], [6.207826118043158e-06, 6.211912022990873e-06, 6.2194403653847985e-06, 6.199016752361786e-06, 6.209802904777462e-06, 6.2023814280109946e-06, 6.198674327606568e-06, 0.9999566078186035]], "mean_depth_distance": 0.05189282074570656}
{"kind": "key", "receiver_layer": 10, "sender_layers": [5, 6, 7, 8, 9, 10], "layer_weights": [0.14537595212459564, 0.1615133285522461, 0.18069174885749817, 0.18971705436706543, 0.17039066553115845, 0.15231122076511383], "head_mapping": [[0.9999566078186035, 6.191430657054298e-06, 6.198786650202237e-06, 6.196386948431609e-06, 6.196658887347439e-06, 6.196647063916316e-06, 6.193917215568945e-06, 6.192895398271503e-06], [6.199755716806976e-06, 0.9999566078186035, 6.200914867804386e-06, 6.195902642502915e-06, 6.206494163052412e-06, 6.203055818332359e-06, 6.199164545250824e-06, 6.199785730132135e-06], [6.201991254783934e-06, 6.201707492436981e-06, 0.9999566078186035, 6.205032150319312e-06, 6.207589194673346e-06, 6.2071158026810735e-06, 6.2057661125436425e-06, 6.202215899975272e-06], [6.192783075675834e-06, 6.1929013099870645e-06, 6.190550720930332e-06, 0.9999566078186035, 6.192452019604389e-06, 6.192971795826452e-06, 6.19053935224656e-06, 6.1934324548929e-06], [6.193798981257714e-06, 6.198491064424161e-06, 6.1958608057466336e-06, 6.196877166075865e-06, 0.9999566078186035, 6.194898105604807e-06, 6.196262802404817e-06, 6.19268848822685e-06], [6.186042355693644e-06, 6.189435225678608e-06, 6.191608008521143e-06, 6.190314707055222e-06, 6.193090030137682e-06, 0.9999566078186035, 6.18417834630236e-06, 6.190220574353589e-06], [6.191708052938338e-06, 6.187965936987894e-06, 6.1892524172435515e-06, 6.1892524172435515e-06, 6.192458386067301e-06, 6.1901373555883765e-06, 0.9999566078186035, 6.188850875332719e-06], [6.193090030137682e-06, 6.205233148648404e-06, 6.19872162133106e-06, 6.202204076544149e-06, 6.200500592967728e-06, 6.199211838975316e-06, 6.20247647020733e-06, 0.9999566078186035]], "mean_depth_distance": 0.05266503617167473}
{"kind": "key", "receiver_layer": 11, "sender_layers": [6, 7, 8, 9, 10, 11], "layer_weights": [0.1478729099035263, 0.16720664501190186, 0.1863940954208374, 0.18516074120998383, 0.1656629592180252, 0.1477026492357254], "head_mapping": [[0.9999566078186035, 6.1966702560312115e-06, 6.180257514643017e-06, 6.2028784668655135e-06, 6.1851987993577495e-06, 6.1915311562188435e-06, 6.198266419232823e-06, 6.202310942171607e-06], [6.191814463818446e-06, 0.9999566078186035, 6.197846687427955e-06, 6.205789759405889e-06, 6.1945670495333616e-06, 6.214299446583027e-06, 6.1962095969647635e-06, 6.1829518926970195e-06], [6.2120302573021036e-06, 6.207405476743588e-06, 0.9999566078186035, 6.204801593412412e-06, 6.210928404470906e-06, 6.2125991462380625e-06, 6.220863724593073e-06, 6.21556273472379e-06], [6.183641744428314e-06, 6.180829586810432e-06, 6.17685782344779e-06, 0.9999566078186035, 6.187222425069194e-06, 6.192204637045506e-06, 6.18822559772525e-06, 6.192168712004786e-06], [6.230361577763688e-06, 6.226275672815973e-06, 6.229494374565547e-06, 6.21767139818985e-06, 0.9999563694000244, 6.218110229383456e-06, 6.232762643776368e-06, 6.2234494180302136e-06], [6.204168585099978e-06, 6.194803063408472e-06, 6.193066838022787e-06, 6.206429134181235e-06, 6.198774826771114e-06, 0.9999566078186035, 6.194454726937693e-06, 6.2008198256080505e-06], [6.195287369337166e-06, 6.195051355462056e-06, 6.199146810104139e-06, 6.181831395224435e-06, 6.179803222039482e-06, 6.1995901887712535e-06, 0.9999566078186035, 6.191932698129676e-06], [6.2272383729578e-06, 6.210477749846177e-06, 6.222370757313911e-06, 6.222726369742304e-06, 6.210821538843447e-06, 6.231503448361764e-06, 6.212894732016139e-06, 0.999956488609314]], "mean_depth_distance": 0.052739955484867096}
{"kind": "key", "receiver_layer": 12, "sender_layers": [7, 8, 9, 10, 11, 12], "layer_weights": [0.152106374502182, 0.17084309458732605, 0.19109515845775604, 0.18145808577537537, 0.16053444147109985, 0.14396288990974426], "head_mapping": [[0.9999567270278931, 6.179810497997096e-06, 6.184509402373806e-06, 6.183984623930883e-06, 6.193811714183539e-06, 6.183624464028981e-06, 6.192246928549139e-06, 6.180470791150583e-06], [6.184509402373806e-06, 0.9999567270278931, 6.170958840812091e-06, 6.179450792842545e-06, 6.1866567193646915e-06, 6.17689374848851e-06, 6.179238425829681e-06, 6.186940026964294e-06], [6.2142335082171485e-06, 6.209684670466231e-06, 0.999956488609314, 6.206351372384233e-06, 6.21804565525963e-06, 6.220074283191934e-06, 6.221373951120768e-06, 6.220103841769742e-06], [6.193138233356876e-06, 6.186786322359694e-06, 6.179922365845414e-06, 0.9999567270278931, 6.184002359077567e-06, 6.19311458649463e-06, 6.171630047901999e-06, 6.176858278195141e-06], [6.198248684086138e-06, 6.208412287378451e-06, 6.200394182087621e-06, 6.197503807925386e-06, 0.9999566078186035, 6.202180429681903e-06, 6.2188355514081195e-06, 6.213831966306316e-06], [6.202440999913961e-06, 6.200914867804386e-06, 6.200914867804386e-06, 6.201849373610457e-06, 6.200317329785321e-06, 0.9999566078186035, 6.19879847363336e-06, 6.203269094839925e-06], [6.19514594291104e-06, 6.20174296273035e-06, 6.19159618509002e-06, 6.1849746089137625e-06, 6.190467956912471e-06, 6.178300736792153e-06, 0.9999566078186035, 6.1872578953625634e-06], [6.169900188979227e-06, 6.161044893815415e-06, 6.162102636153577e-06, 6.157567440823186e-06, 6.170741471578367e-06, 6.175327598612057e-06, 6.161174496810418e-06, 0.9999568462371826]], "mean_depth_distance": 0.05247016251087189}
{"kind": "key", "receiver_layer": 13, "sender_layers": [8, 9, 10, 11, 12, 13], "layer_weights": [0.15694504976272583, 0.17435133457183838, 0.19536936283111572, 0.17446193099021912, 0.15728230774402618, 0.14159005880355835], "head_mapping": [[0.9999567270278931, 6.160973953228677e-06, 6.183341611176729e-06, 6.1821506278647576e-06, 6.169193056848599e-06, 6.170440883579431e-06, 6.1685168475378305e-06, 6.198461960593704e-06], [6.177742307045264e-06, 0.9999567270278931, 6.177824161568424e-06, 6.194910838530632e-06, 6.168217169033596e-06, 6.160362772789085e-06, 6.190894055180252e-06, 6.1920040934637655e-06], [6.20525679551065e-06, 6.193533408804797e-06, 0.9999566078186035, 6.217655482032569e-06, 6.191389275045367e-06, 6.19155480308109e-06, 6.188850875332719e-06, 6.201151336426847e-06], [6.2104363678372465e-06, 6.223640411917586e-06, 6.251420018088538e-06, 0.999956488609314, 6.237062734726351e-06, 6.232739906408824e-06, 6.235783530428307e-06, 6.239043614186812e-06], [6.2259487094706856e-06, 6.214742825250141e-06, 6.2494523263012525e-06, 6.212912012415472e-06, 0.9999563694000244, 6.222897809493588e-06, 6.2221320149546955e-06, 6.226952791621443e-06], [6.18136709817918e-06, 6.191656211740337e-06, 6.1721657402813435e-06, 6.173125257191714e-06, 6.187447979755234e-06, 0.9999568462371826, 6.1829000514990184e-06, 6.15920089330757e-06], [6.180759100971045e-06, 6.172218490974046e-06, 6.2072640503174625e-06, 6.183241566759534e-06, 6.198703886184376e-06, 6.200992629601387e-06, 0.9999567270278931, 6.168275831441861e-06], [6.242101790121524e-06, 6.219545412022853e-06, 6.250388196349377e-06, 6.2302669903147034e-06, 6.2279914345708676e-06, 6.26072642262443e-06, 6.198199571372243e-06, 0.9999563694000244]], "mean_depth_distance": 0.05198376998305321}
{"kind": "key", "receiver_layer": 14, "sender_layers": [8, 9, 10, 11, 12, 13], "layer_weights": [0.14369218051433563, 0.1596432477235794, 0.17963248491287231, 0.19255292415618896, 0.1711631864309311, 0.1533159613609314], "head_mapping": [[0.999956488609314, 6.2428352975985035e-06, 6.224269327503862e-06, 6.222584033821477e-06, 6.226442110346397e-06, 6.228449819900561e-06, 6.208766535564791e-06, 6.226240657269955e-06], [6.201222277013585e-06, 0.9999566078186035, 6.178106104925973e-06, 6.190645308379317e-06, 6.198550181579776e-06, 6.189582563820295e-06, 6.172876510390779e-06, 6.195654350449331e-06], [6.1737960095342714e-06, 6.172771918500075e-06, 0.9999567270278931, 6.193150056787999e-06, 6.17067644270719e-06, 6.171282620925922e-06, 6.172312168928329e-06, 6.172206667542923e-06], [6.201766609592596e-06, 6.190668955241563e-06, 6.201707492436981e-06, 0.9999566078186035, 6.189612122398103e-06, 6.182373454066692e-06, 6.1863966038799845e-06, 6.190338808664819e-06], [6.224940079846419e-06, 6.220720933924895e-06, 6.210738774825586e-06, 6.23186042503221e-06, 0.999956488609314, 6.2235458244686015e-06, 6.204782494023675e-06, 6.22396055405261e-06], [6.232847226783633e-06, 6.2294539020513184e-06, 6.215786470420426e-06, 6.234119155124063e-06, 6.232091891433811e-06, 0.999956488609314, 6.248630597838201e-06, 6.220875093276845e-06], [6.147985914140008e-06, 6.187583949213149e-06, 6.182935521792388e-06, 6.176529041113099e-06, 6.147698513814248e-06, 6.165841568872565e-06, 0.9999568462371826, 6.16159104538383e-06], [6.213807864696719e-06, 6.185599886521231e-06, 6.209016191860428e-06, 6.220875548024196e-06, 6.195465175551362e-06, 6.171710992930457e-06, 6.196339654707117e-06, 0.9999566078186035]], "mean_depth_distance": 0.052392713725566864}
{"kind": "key", "receiver_layer": 15, "sender_layers": [9, 10, 11, 12, 13, 14], "layer_weights": [0.14584587514400482, 0.16538043320178986, 0.1831609606742859, 0.1888403743505478, 0.16772042214870453, 0.1490519493818283], "head_mapping": [[0.9999566078186035, 6.195701189426472e-06, 6.20571881881915e-06, 6.217862846824573e-06, 6.226372079254361e-06, 6.233370186237153e-06, 6.2222761698649265e-06, 6.20332821199554e-06], [6.183493951539276e-06, 0.9999566078186035, 6.1794030443707015e-06, 6.178471721796086e-06, 6.185322490637191e-06, 6.179703177622287e-06, 6.20348191660014e-06, 6.188013230712386e-06], [6.179191586852539e-06, 6.167046194605064e-06, 0.9999567270278931, 6.162302270240616e-06, 6.182310244184919e-06, 6.180193395266542e-06, 6.176322131068446e-06, 6.163348189147655e-06], [6.189458872540854e-06, 6.175738690217258e-06, 6.199625659064623e-06, 0.9999566078186035, 6.232169653230812e-06, 6.201044925546739e-06, 6.21052004134981e-06, 6.210466381162405e-06], [6.18885678704828e-06, 6.194360139488708e-06, 6.183046025398653e-06, 6.184249286889099e-06, 0.9999566078186035, 6.199607923917938e-06, 6.195996775204549e-06, 6.206991201906931e-06], [6.191873580974061e-06, 6.190881322254427e-06, 6.191436568769859e-06, 6.183187451824779e-06, 6.1969303715159185e-06, 0.9999566078186035, 6.171835138957249e-06, 6.185971415106906e-06], [6.207968453963986e-06, 6.190869498823304e-06, 6.164564183563925e-06, 6.207583282957785e-06, 6.206837497302331e-06, 6.193999524839455e-06, 0.9999566078186035, 6.178518560773227e-06], [6.21556273472379e-06, 6.196055892360164e-06, 6.2115977925714105e-06, 6.192859927978134e-06, 6.205701083672466e-06, 6.201967153174337e-06, 6.2168487602320965e-06, 0.9999566078186035]], "mean_depth_distance": 0.05267016962170601}
{"kind": "key", "receiver_layer": 16, "sender_layers": [10, 11, 12, 13, 14, 15], "layer_weights": [0.15061450004577637, 0.16784101724624634, 0.18818701803684235, 0.18368209898471832, 0.16279098391532898, 0.14688435196876526], "head_mapping": [[0.9999567270278931, 6.1773766901751515e-06, 6.181248409120599e-06, 6.166252205730416e-06, 6.156551080493955e-06, 6.162654699437553e-06, 6.182539891597116e-06, 6.183613095345208e-06], [6.220335308171343e-06, 0.999956488609314, 6.231171028048266e-06, 6.2181584326026496e-06, 6.220690920599736e-06, 6.2298099692270625e-06, 6.231931365618948e-06, 6.208192189660622e-06], [6.220560408110032e-06, 6.211917479959084e-06, 0.999956488609314, 6.222085630724905e-06, 6.228277470654575e-06, 6.242989911697805e-06, 6.241519258765038e-06, 6.238079549802933e-06], [6.1443329286703374e-06, 6.194024535943754e-06, 6.176940587465651e-06, 0.9999567270278931, 6.193575245561078e-06, 6.1629129959328566e-06, 6.162390036479337e-06, 6.1863202063250355e-06], [6.2023814280109946e-06, 6.180711352499202e-06, 6.191448392200982e-06, 6.214803306647809e-06, 0.9999566078186035, 6.224002845556242e-06, 6.214673703652807e-06, 6.207346814335324e-06], [6.20201490164618e-06, 6.186726750456728e-06, 6.2062990764388815e-06, 6.184667654451914e-06, 6.2018848439038265e-06, 0.9999566078186035, 6.203505563462386e-06, 6.205706995388027e-06], [6.149986347736558e-06, 6.156675681268098e-06, 6.150478839117568e-06, 6.132603175501572e-06, 6.143274276837474e-06, 6.132451289886376e-06, 0.9999569654464722, 6.131433565315092e-06], [6.187435246829409e-06, 6.198881692398572e-06, 6.183624464028981e-06, 6.184957328514429e-06, 6.163647867651889e-06, 6.192181899677962e-06, 6.17943305769586e-06, 0.9999567270278931]], "mean_depth_distance": 0.052723780274391174}
{"kind": "key", "receiver_layer": 17, "sender_layers": [11, 12, 13, 14, 15, 16], "layer_weights": [0.15383949875831604, 0.17344719171524048, 0.1957007795572281, 0.1766543835401535, 0.15920384228229523, 0.14115428924560547], "head_mapping": [[0.9999566078186035, 6.192393357196124e-06, 6.1846740209148265e-06, 6.1816781453671865e-06, 6.192098226165399e-06, 6.191277407197049e-06, 6.18165449850494e-06, 6.186986411194084e-06], [6.171505901875207e-06, 0.9999567270278931, 6.1746086430503055e-06, 6.173513611429371e-06, 6.172383109515067e-06, 6.171782843011897e-06, 6.175574526423588e-06, 6.175780072226189e-06], [6.183022378536407e-06, 6.190042768139392e-06, 0.9999566078186035, 6.183694949868368e-06, 6.1910586737212725e-06, 6.190881322254427e-06, 6.182656761666294e-06, 6.1833766267227475e-06], [6.17562136540073e-06, 6.177624072734034e-06, 6.174891041155206e-06, 0.9999567270278931, 6.1767759689246304e-06, 6.178672720125178e-06, 6.179557203722652e-06, 6.183171080920147e-06], [6.182998731674161e-06, 6.197155471454607e-06, 6.195098649186548e-06, 6.1800042203685734e-06, 0.9999566078186035, 6.186348855408141e-06, 6.177923751238268e-06, 6.176398073876044e-06], [6.171299901325256e-06, 6.177535851747962e-06, 6.179886895552045e-06, 6.17494424659526e-06, 6.177830528031336e-06, 0.9999567270278931, 6.1753739828418475e-06, 6.174178452056367e-06], [6.216261226654751e-06, 6.221836429176619e-06, 6.233477051864611e-06, 6.2379249357036315e-06, 6.223183390829945e-06, 6.229857262951555e-06, 0.999956488609314, 6.226953246368794e-06], [6.200536063261097e-06, 6.2089984567137435e-06, 6.199063591338927e-06, 6.211200798134087e-06, 6.201932137628319e-06, 6.208957074704813e-06, 6.198845312610501e-06, 0.9999566078186035]], "mean_depth_distance": 0.05203353613615036}
{"kind": "key", "receiver_layer": 18, "sender_layers": [11, 12, 13, 14, 15, 16], "layer_weights": [0.14203250408172607, 0.15952560305595398, 0.17637506127357483, 0.1958804428577423, 0.1717054545879364, 0.1544809490442276], "head_mapping": [[0.9999568462371826, 6.168105755932629e-06, 6.165182639961131e-06, 6.158988981042057e-06, 6.173631845740601e-06, 6.134403975011082e-06, 6.169700100144837e-06, 6.154338734631892e-06], [6.24941503701848e-06, 0.9999561309814453, 6.270201993174851e-06, 6.264942385314498e-06, 6.254638265090762e-06, 6.269598088692874e-06, 6.24035055807326e-06, 6.263968316488899e-06], [6.193195076775737e-06, 6.262793249334209e-06, 0.9999563694000244, 6.260225291043753e-06, 6.236140052351402e-06, 6.20622631686274e-06, 6.237020443222718e-06, 6.26425617156201e-06], [6.225539891602239e-06, 6.190201929712202e-06, 6.223853688425152e-06, 0.999956488609314, 6.240210041141836e-06, 6.196622507559368e-06, 6.2070316744211596e-06, 6.213736014615279e-06], [6.211194886418525e-06, 6.213191227288917e-06, 6.17821206105873e-06, 6.226430286915274e-06, 0.999956488609314, 6.222061529115308e-06, 6.230920917005278e-06, 6.204149485711241e-06], [6.1917908169562e-06, 6.228581241884967e-06, 6.220127943379339e-06, 6.196823960635811e-06, 6.210170340636978e-06, 0.9999566078186035, 6.210501851455774e-06, 6.186467089719372e-06], [6.16635179540026e-06, 6.188437509990763e-06, 6.206653779372573e-06, 6.2197605075198226e-06, 6.251468676055083e-06, 6.226751793292351e-06, 0.9999566078186035, 6.192174623720348e-06], [6.251273589441553e-06, 6.281746664171806e-06, 6.262438546400517e-06, 6.301992016233271e-06, 6.272432074183598e-06, 6.303680947894463e-06, 6.271432994253701e-06, 0.9999560117721558]], "mean_depth_distance": 0.05211981385946274}
{"kind": "key", "receiver_layer": 19, "sender_layers": [12, 13, 14, 15, 16, 17], "layer_weights": [0.14569541811943054, 0.16264711320400238, 0.1825961172580719, 0.19157496094703674, 0.16760021448135376, 0.14988622069358826], "head_mapping": [[0.9999563694000244, 6.222286629053997e-06, 6.224969638424227e-06, 6.258577741391491e-06, 6.233784915821161e-06, 6.232745363377035e-06, 6.270263384067221e-06, 6.2382573560171295e-06], [6.19931643086602e-06, 0.9999562501907349, 6.23900677965139e-06, 6.261657745199045e-06, 6.217884219950065e-06, 6.268731794989435e-06, 6.200415555213112e-06, 6.236858553165803e-06], [6.227227004274027e-06, 6.198597475304268e-06, 0.9999566078186035, 6.194047273311298e-06, 6.195642527018208e-06, 6.19965521764243e-06, 6.220098384801531e-06, 6.240841685212217e-06], [6.126640073489398e-06, 6.153828053356847e-06, 6.202146778377937e-06, 0.9999568462371826, 6.167511855892371e-06, 6.156310973892687e-06, 6.1798759816156235e-06, 6.180659511301201e-06], [6.158648375276243e-06, 6.141639005363686e-06, 6.1736436691717245e-06, 6.149785804154817e-06, 0.9999568462371826, 6.139437118690694e-06, 6.173661404318409e-06, 6.157932148198597e-06], [6.175691396492766e-06, 6.17987416262622e-06, 6.19073944108095e-06, 6.186036443978082e-06, 6.197391485329717e-06, 0.9999566078186035, 6.18701005805633e-06, 6.171958375489339e-06], [6.2075764617475215e-06, 6.226204732229235e-06, 6.244531959964661e-06, 6.228081019798992e-06, 6.222109277587151e-06, 6.235438831936335e-06, 0.999956488609314, 6.230920917005278e-06], [6.201435553521151e-06, 6.204571036505513e-06, 6.194708475959487e-06, 6.202393251442118e-06, 6.218728685780661e-06, 6.183612185850507e-06, 6.21643994236365e-06, 0.9999566078186035]], "mean_depth_distance": 0.052539363503456116}
{"kind": "key", "receiver_layer": 20, "sender_layers": [13, 14, 15, 16, 17, 18], "layer_weights": [0.14858748018741608, 0.1669294685125351, 0.18831756711006165, 0.18455076217651367, 0.16465766727924347, 0.14695708453655243], "head_mapping": [[0.9999567270278931, 6.1699465732090175e-06, 6.211498202901566e-06, 6.184992798807798e-06, 6.196434242156101e-06, 6.165475952002453e-06, 6.194803972903173e-06, 6.191543889144668e-06], [6.2009039538679644e-06, 0.9999567270278931, 6.2041158344072755e-06, 6.178749572427478e-06, 6.170723281684332e-06, 6.190280146256555e-06, 6.174879217724083e-06, 6.157108600746142e-06], [6.24527001491515e-06, 6.218892849574331e-06, 0.9999563694000244, 6.216746442078147e-06, 6.232388386706589e-06, 6.218845555849839e-06, 6.210796527739149e-06, 6.214031600393355e-06], [6.2030903791310266e-06, 6.2133685787557624e-06, 6.2160120251064654e-06, 0.999956488609314, 6.234582542674616e-06, 6.207588285178645e-06, 6.223569471330848e-06, 6.204765213624341e-06], [6.166512775962474e-06, 6.1426826505339704e-06, 6.152085916255601e-06, 6.158742962725228e-06, 0.9999569654464722, 6.122540526121156e-06, 6.175398993946146e-06, 6.1556715991173405e-06], [6.206789294083137e-06, 6.2192439145292155e-06, 6.222423508006614e-06, 6.216166184458416e-06, 6.222761840035673e-06, 0.999956488609314, 6.227724952623248e-06, 6.2136646192811895e-06], [6.211023446667241e-06, 6.2062990764388815e-06, 6.212776952452259e-06, 6.189039595483337e-06, 6.2113495005178265e-06, 6.203458269737894e-06, 0.9999566078186035, 6.208607373991981e-06], [6.183171535667498e-06, 6.149914497655118e-06, 6.147123713162728e-06, 6.184928679431323e-06, 6.16802935837768e-06, 6.137564014352392e-06, 6.1511054809670895e-06, 0.9999568462371826]], "mean_depth_distance": 0.05267142131924629}
{"kind": "key", "receiver_layer": 21, "sender_layers": [14, 15, 16, 17, 18, 19], "layer_weights": [0.15275736153125763, 0.1720825582742691, 0.19042855501174927, 0.17928875982761383, 0.16190128028392792, 0.14354148507118225], "head_mapping": [[0.9999566078186035, 6.199377367011039e-06, 6.195382411533501e-06, 6.203221346368082e-06, 6.201151336426847e-06, 6.205186309671262e-06, 6.201210453582462e-06, 6.198491064424161e-06], [6.19487400399521e-06, 0.9999566078186035, 6.193964509293437e-06, 6.191035026859026e-06, 6.195630703587085e-06, 6.194242359924829e-06, 6.191814463818446e-06, 6.190072781464551e-06], [6.210680112417322e-06, 6.212694188434398e-06, 0.9999566078186035, 6.214602308318717e-06, 6.212255811988143e-06, 6.212753305590013e-06, 6.2096555666357744e-06, 6.212622793100309e-06], [6.196138656378025e-06, 6.1915075093565974e-06, 6.190716248966055e-06, 0.9999566078186035, 6.192304681462701e-06, 6.187877716001822e-06, 6.189216946950182e-06, 6.191105967445765e-06], [6.194177331053652e-06, 6.187056897033472e-06, 6.185841812111903e-06, 6.192983619257575e-06, 0.9999566078186035, 6.183163804962533e-06, 6.194425168359885e-06, 6.18928743278957e-06], [6.210821538843447e-06, 6.209210368979257e-06, 6.218561793502886e-06, 6.209986167959869e-06, 6.218644557520747e-06, 0.999956488609314, 6.216996098373784e-06, 6.216379915713333e-06], [6.1709238252660725e-06, 6.183654477354139e-06, 6.174278496473562e-06, 6.180847776704468e-06, 6.183494861033978e-06, 6.177712293720106e-06, 0.9999567270278931, 6.169887456053402e-06], [6.2121544033288956e-06, 6.214845143404091e-06, 6.212137122929562e-06, 6.215977464307798e-06, 6.2093708947941195e-06, 6.213084816408809e-06, 6.219808255991666e-06, 0.9999566078186035]], "mean_depth_distance": 0.052497051656246185}
