{"kind": "key", "receiver_layer": 0, "sender_layers": [0, 1, 2, 3, 4, 5], "layer_weights": [0.21668200194835663, 0.1940000057220459, 0.17312940955162048, 0.15455186367034912, 0.1382904201745987, 0.12334634363651276], "head_mapping": [[0.9999569654464722, 6.14774580753874e-06, 6.147135991341202e-06, 6.155665687401779e-06, 6.166006642160937e-06, 6.154603852337459e-06, 6.158302312542219e-06, 6.153389222163241e-06], [6.160956672829343e-06, 0.9999568462371826, 6.160721568448935e-06, 6.163401394587709e-06, 6.172524990688544e-06, 6.16259649177664e-06, 6.179051069921115e-06, 6.158601536299102e-06], [6.14914097241126e-06, 6.15445060248021e-06, 0.9999568462371826, 6.153317372081801e-06, 6.143689461168833e-06, 6.171118457132252e-06, 6.153998128866078e-06, 6.151885827421211e-06], [6.160680641187355e-06, 6.15591761743417e-06, 6.147065505501814e-06, 0.9999568462371826, 6.1704354266112205e-06, 6.165006652736338e-06, 6.1774485402565915e-06, 6.16247871221276e-06], [6.144996405055281e-06, 6.15969338468858e-06, 6.153493359306594e-06, 6.161473720567301e-06, 0.9999568462371826, 6.14408781984821e-06, 6.166823368403129e-06, 6.164489150251029e-06], [6.151944035082124e-06, 6.152055902930442e-06, 6.155436494736932e-06, 6.1490468397096265e-06, 6.184126505104359e-06, 0.9999568462371826, 6.1742321122437716e-06, 6.166376806504559e-06], [6.158626547403401e-06, 6.143280643300386e-06, 6.138677690614713e-06, 6.143796326796291e-06, 6.135434887255542e-06, 6.139532160887029e-06, 0.9999570846557617, 6.147043222881621e-06], [6.133001079433598e-06, 6.1446453401003964e-06, 6.1452137742890045e-06, 6.141083304100903e-06, 6.148819011286832e-06, 6.144633516669273e-06, 6.150549324956955e-06, 0.9999569654464722]], "mean_depth_distance": 0.08051140606403351}
{"kind": "key", "receiver_layer": 1, "sender_layers": [0, 1, 2, 3, 4, 5], "layer_weights": [0.188409686088562, 0.20099252462387085, 0.1796317994594574, 0.16024939715862274, 0.14285044372081757, 0.12786611914634705], "head_mapping": [[0.9999569654464722, 6.154110451461747e-06, 6.155689334264025e-06, 6.147587555460632e-06, 6.159395070426399e-06, 6.145225142972777e-06, 6.151769412099384e-06, 6.159142230899306e-06], [6.162796125863679e-06, 0.9999568462371826, 6.171029781398829e-06, 6.163031230244087e-06, 6.168976597109577e-06, 6.174709596962202e-06, 6.171582754177507e-06, 6.162549198052147e-06], [6.163207672216231e-06, 6.15656927038799e-06, 0.9999568462371826, 6.164113074191846e-06, 6.156980361993192e-06, 6.1640125750273e-06, 6.162314093671739e-06, 6.16025727140368e-06], [6.175551334308693e-06, 6.166641014715424e-06, 6.174114332679892e-06, 0.9999568462371826, 6.1751334214932285e-06, 6.16465376879205e-06, 6.171429959067609e-06, 6.177259365358623e-06], [6.156064955575857e-06, 6.159387794468785e-06, 6.161420969874598e-06, 6.152425612526713e-06, 0.9999568462371826, 6.164242222439498e-06, 6.1665941757382825e-06, 6.1531764004030265e-06], [6.1452137742890045e-06, 6.14605778537225e-06, 6.147054136818042e-06, 6.151593424874591e-06, 6.152015885163564e-06, 0.9999569654464722, 6.14219015915296e-06, 6.1429286688508e-06], [6.160345492389752e-06, 6.159394160931697e-06, 6.161867531773169e-06, 6.156733888929011e-06, 6.156370091048302e-06, 6.1606101553479675e-06, 0.9999568462371826, 6.156499239295954e-06], [6.151921752461931e-06, 6.1527316574938595e-06, 6.156464223749936e-06, 6.150349690869916e-06, 6.150842636998277e-06, 6.159876647870988e-06, 6.150572517071851e-06, 0.9999569654464722]], "mean_depth_distance": 0.06559249758720398}
{"kind": "key", "receiver_layer": 2, "sender_layers": [0, 1, 2, 3, 4, 5], "layer_weights": [0.1670602411031723, 0.18767522275447845, 0.18975426256656647, 0.16898013651371002, 0.15126387774944305, 0.1352662742137909], "head_mapping": [[0.9999569654464722, 6.151522484287852e-06, 6.159823442430934e-06, 6.147206477180589e-06, 6.1552668739750516e-06, 6.142114216345362e-06, 6.1475407164834905e-06, 6.148027296148939e-06], [6.174714144435711e-06, 0.9999567270278931, 6.169464086269727e-06, 6.173195743031101e-06, 6.1716768868791405e-06, 6.174066584208049e-06, 6.1706878113909625e-06, 6.166299499454908e-06], [6.145055067463545e-06, 6.1429986999428365e-06, 0.9999569654464722, 6.141217909316765e-06, 6.150919034553226e-06, 6.1461391851480585e-06, 6.156828476377996e-06, 6.149059572635451e-06], [6.176675924507435e-06, 6.17299519944936e-06, 6.193025910761207e-06, 0.9999567270278931, 6.17263594904216e-06, 6.180559012136655e-06, 6.1703231040155515e-06, 6.176092483656248e-06], [6.1666464716836344e-06, 6.154924903967185e-06, 6.173713700263761e-06, 6.162677891552448e-06, 0.9999567270278931, 6.172583198349457e-06, 6.1788382481609005e-06, 6.172760095068952e-06], [6.1555715547001455e-06, 6.157098141557071e-06, 6.153223239380168e-06, 6.163395482872147e-06, 6.171571385493735e-06, 0.9999568462371826, 6.170706456032349e-06, 6.156275958346669e-06], [6.150113676994806e-06, 6.153845788503531e-06, 6.156640210974729e-06, 6.149756245577009e-06, 6.1593764257850125e-06, 6.149580258352216e-06, 0.9999568462371826, 6.164900696603581e-06], [6.177730483614141e-06, 6.165417289594188e-06, 6.19162665316253e-06, 6.185912752698641e-06, 6.184733138070442e-06, 6.181679054861888e-06, 6.1628370531252585e-06, 0.9999567270278931]], "mean_depth_distance": 0.05673762038350105}
{"kind": "key", "receiver_layer": 3, "sender_layers": [0, 1, 2, 3, 4, 5], "layer_weights": [0.1511988639831543, 0.16961099207401276, 0.1899833083152771, 0.1815301775932312, 0.16246868669986725, 0.1452079862356186], "head_mapping": [[0.9999568462371826, 6.154174116090871e-06, 6.1592886595462915e-06, 6.151721663627541e-06, 6.154485618026229e-06, 6.159875738376286e-06, 6.149093678686768e-06, 6.162161753309192e-06], [6.157027200970333e-06, 0.9999568462371826, 6.1521673160314094e-06, 6.162261342979036e-06, 6.161979399621487e-06, 6.157462394185131e-06, 6.153111826279201e-06, 6.153640242700931e-06], [6.1606983763340395e-06, 6.1541095419670455e-06, 0.9999568462371826, 6.158496034913696e-06, 6.151797606435139e-06, 6.159083113743691e-06, 6.165606009744806e-06, 6.147944532131078e-06], [6.1496798480220605e-06, 6.156886229291558e-06, 6.151903562567895e-06, 0.9999568462371826, 6.162537374621024e-06, 6.1500204537878744e-06, 6.158542419143487e-06, 6.159030363050988e-06], [6.153129561425885e-06, 6.160627435747301e-06, 6.15037197349011e-06, 6.1604341681231745e-06, 0.9999568462371826, 6.159998974908376e-06, 6.163583748275414e-06, 6.1585074035974685e-06], [6.1550786085717846e-06, 6.161285909911385e-06, 6.172094799694605e-06, 6.164930255181389e-06, 6.16802935837768e-06, 0.9999568462371826, 6.155195478640962e-06, 6.152642527013086e-06], [6.159599706734298e-06, 6.16662373431609e-06, 6.160187240311643e-06, 6.166529601614457e-06, 6.166353159642313e-06, 6.1713362811133265e-06, 0.9999568462371826, 6.168193976918701e-06], [6.153095455374569e-06, 6.1648197515751235e-06, 6.152350124466466e-06, 6.151528850750765e-06, 6.146479790913872e-06, 6.146667146822438e-06, 6.159694294183282e-06, 0.9999569654464722]], "mean_depth_distance": 0.05262535437941551}
{"kind": "key", "receiver_layer": 4, "sender_layers": [1, 2, 3, 4, 5, 6], "layer_weights": [0.15530253946781158, 0.17324967682361603, 0.19479814171791077, 0.17734269797801971, 0.15806740522384644, 0.14123950898647308], "head_mapping": [[0.9999568462371826, 6.155107712402241e-06, 6.15424505667761e-06, 6.1558998822874855e-06, 6.16553597865277e-06, 6.163936177472351e-06, 6.156657491374062e-06, 6.160780230857199e-06], [6.174401733005652e-06, 0.9999566078186035, 6.1916312006360386e-06, 6.169392690935638e-06, 6.180805485200835e-06, 6.182361630635569e-06, 6.189305622683605e-06, 6.179904175951378e-06], [6.148120974103222e-06, 6.14642704022117e-06, 0.9999569654464722, 6.140181994851446e-06, 6.147393833089154e-06, 6.14260034126346e-06, 6.146737632661825e-06, 6.1452019508578815e-06], [6.172695975692477e-06, 6.15847238805145e-06, 6.170947472128319e-06, 0.9999568462371826, 6.153657977847615e-06, 6.171612312755315e-06, 6.150712579255924e-06, 6.172407211124664e-06], [6.165535069158068e-06, 6.163154012028826e-06, 6.177824161568424e-06, 6.1772766457579564e-06, 0.9999567270278931, 6.163500529510202e-06, 6.164793830976123e-06, 6.159446456877049e-06], [6.147206022433238e-06, 6.160562861623475e-06, 6.16291981714312e-06, 6.1535288295999635e-06, 6.1618561630893964e-06, 0.9999568462371826, 6.160656994325109e-06, 6.166711955302162e-06], [6.175833277666243e-06, 6.153246431495063e-06, 6.160550583445001e-06, 6.164205842651427e-06, 6.16264287600643e-06, 6.161849341879133e-06, 0.9999567270278931, 6.165146714920411e-06], [6.157567440823186e-06, 6.1640189414902125e-06, 6.160656994325109e-06, 6.161556029837811e-06, 6.165606009744806e-06, 6.17247178524849e-06, 6.160504199215211e-06, 0.9999568462371826]], "mean_depth_distance": 0.05203902721405029}
{"kind": "key", "receiver_layer": 5, "sender_layers": [1, 2, 3, 4, 5, 6], "layer_weights": [0.1422559916973114, 0.15996254980564117, 0.17818817496299744, 0.19289688766002655, 0.17238417267799377, 0.1543121486902237], "head_mapping": [[0.9999568462371826, 6.1559358073282056e-06, 6.169723747007083e-06, 6.159306394692976e-06, 6.157462394185131e-06, 6.165923878143076e-06, 6.162273166410159e-06, 6.16894749327912e-06], [6.165712420624914e-06, 0.9999568462371826, 6.1620439737453125e-06, 6.169482730911113e-06, 6.169841526570963e-06, 6.170064807520248e-06, 6.16931174590718e-06, 6.162807949294802e-06], [6.177559498610208e-06, 6.172848316055024e-06, 0.9999567270278931, 6.174967893457506e-06, 6.172948360472219e-06, 6.171965651446953e-06, 6.178460807859665e-06, 6.175656380946748e-06], [6.160809789435007e-06, 6.16842953604646e-06, 6.156992185424315e-06, 0.9999568462371826, 6.16236093264888e-06, 6.157063126011053e-06, 6.161086275824346e-06, 6.160439625091385e-06], [6.162443696666742e-06, 6.162772479001433e-06, 6.16163242739276e-06, 6.1583073147630785e-06, 0.9999568462371826, 6.163831130834296e-06, 6.161232704471331e-06, 6.155758910608711e-06], [6.157168172649108e-06, 6.158031737868441e-06, 6.157098141557071e-06, 6.1558998822874855e-06, 6.156828021630645e-06, 0.9999568462371826, 6.153341018944047e-06, 6.153047252155375e-06], [6.168700110720238e-06, 6.166106231830781e-06, 6.164677415654296e-06, 6.167776518850587e-06, 6.167329502204666e-06, 6.165959348436445e-06, 0.9999568462371826, 6.164053957036231e-06], [6.158378710097168e-06, 6.153975846245885e-06, 6.149598902993603e-06, 6.157345069368603e-06, 6.151159141154494e-06, 6.147311978565995e-06, 6.1555074353236705e-06, 0.9999569654464722]], "mean_depth_distance": 0.052277326583862305}
{"kind": "key", "receiver_layer": 6, "sender_layers": [2, 3, 4, 5, 6, 7], "layer_weights": [0.1459684818983078, 0.163640096783638, 0.18327602744102478, 0.18822021782398224, 0.16860419511795044, 0.15029095113277435], "head_mapping": [[0.9999568462371826, 6.157098141557071e-06, 6.1548785197373945e-06, 6.155260052764788e-06, 6.155501068860758e-06, 6.159799340821337e-06, 6.160739303595619e-06, 6.152713012852473e-06], [6.143854534457205e-06, 0.9999569654464722, 6.144698090793099e-06, 6.150513854663586e-06, 6.149053206172539e-06, 6.14991540714982e-06, 6.150842636998277e-06, 6.149035925773205e-06], [6.158918949950021e-06, 6.159294116514502e-06, 0.9999568462371826, 6.161497367429547e-06, 6.161708824947709e-06, 6.166453204059508e-06, 6.156886229291558e-06, 6.157044936117018e-06], [6.175197995617054e-06, 6.1708119574177545e-06, 6.173991096147802e-06, 0.9999568462371826, 6.16999386693351e-06, 6.1581431509694085e-06, 6.159681561257457e-06, 6.168735126266256e-06], [6.166410912555875e-06, 6.167534593259916e-06, 6.166781531646848e-06, 6.172913344926201e-06, 0.9999567270278931, 6.1738196563965175e-06, 6.1737960095342714e-06, 6.162231329653878e-06], [6.176133865665179e-06, 6.163112630019896e-06, 6.179633601277601e-06, 6.172265329951188e-06, 6.176640454214066e-06, 0.9999567270278931, 6.178696821734775e-06, 6.168534582684515e-06], [6.1601576817338355e-06, 6.171571385493735e-06, 6.160210432426538e-06, 6.170364486024482e-06, 6.163807029224699e-06, 6.173879228299484e-06, 0.9999568462371826, 6.168329491629265e-06], [6.171670520416228e-06, 6.1683285821345635e-06, 6.1656051002501044e-06, 6.168969775899313e-06, 6.1648761402466334e-06, 6.170064352772897e-06, 6.180906893860083e-06, 0.9999567270278931]], "mean_depth_distance": 0.05270124226808548}
{"kind": "key", "receiver_layer": 7, "sender_layers": [3, 4, 5, 6, 7, 8], "layer_weights": [0.14987501502037048, 0.16763712465763092, 0.1879117339849472, 0.18384632468223572, 0.16448670625686646, 0.146243155002594], "head_mapping": [[0.9999568462371826, 6.155853043310344e-06, 6.15969338468858e-06, 6.159434633445926e-06, 6.167100309539819e-06, 6.150712579255924e-06, 6.155354185466422e-06, 6.168758773128502e-06], [6.163419584481744e-06, 0.9999568462371826, 6.1626728893315885e-06, 6.1636542341148015e-06, 6.1632899814867415e-06, 6.1627611103176605e-06, 6.163489615573781e-06, 6.157755706226453e-06], [6.159370514069451e-06, 6.161515102576232e-06, 0.9999568462371826, 6.1623964029422496e-06, 6.166088951431448e-06, 6.156476047181059e-06, 6.159118129289709e-06, 6.170977030706126e-06], [6.1618557083420455e-06, 6.171229415485868e-06, 6.164376372908009e-06, 0.9999567270278931, 6.1669225033256225e-06, 6.173690053401515e-06, 6.1706878113909625e-06, 6.165564172988525e-06], [6.176787337608403e-06, 6.181525350257289e-06, 6.191366537677823e-06, 6.191413831402315e-06, 0.9999567270278931, 6.172559551487211e-06, 6.186762220750097e-06, 6.184096946526552e-06], [6.165164904814446e-06, 6.1626847127627116e-06, 6.16578245171695e-06, 6.162702447909396e-06, 6.166335424495628e-06, 0.9999568462371826, 6.151727120595751e-06, 6.159940312500112e-06], [6.172494977363385e-06, 6.167922492750222e-06, 6.1713762988802046e-06, 6.182268862175988e-06, 6.177494469739031e-06, 6.171324002934853e-06, 0.9999567270278931, 6.174278496473562e-06], [6.1563287090393715e-06, 6.162008958199294e-06, 6.155882601888152e-06, 6.173578640300548e-06, 6.157479674584465e-06, 6.16553597865277e-06, 6.158407813927624e-06, 0.9999568462371826]], "mean_depth_distance": 0.05271390080451965}
{"kind": "key", "receiver_layer": 8, "sender_layers": [4, 5, 6, 7, 8, 9], "layer_weights": [0.1536751389503479, 0.17260803282260895, 0.1932157427072525, 0.1786191612482071, 0.15928588807582855, 0.14259609580039978], "head_mapping": [[0.9999567270278931, 6.17107662037597e-06, 6.181950084283017e-06, 6.1810892475477885e-06, 6.179368028824683e-06, 6.18480407865718e-06, 6.18081821812666e-06, 6.181266599014634e-06], [6.155114533612505e-06, 0.9999569654464722, 6.15138787907199e-06, 6.151405614218675e-06, 6.14540113019757e-06, 6.154327820695471e-06, 6.145084626041353e-06, 6.153682534204563e-06], [6.152824880700791e-06, 6.150360150058987e-06, 0.9999568462371826, 6.167012088553747e-06, 6.1604218899447005e-06, 6.151674824650399e-06, 6.163425041449955e-06, 6.1608743635588326e-06], [6.1640189414902125e-06, 6.153358754090732e-06, 6.160927568998886e-06, 0.9999568462371826, 6.165406375657767e-06, 6.178885996632744e-06, 6.153951289888937e-06, 6.161409146443475e-06], [6.170000233396422e-06, 6.155541996122338e-06, 6.166411822050577e-06, 6.172124358272413e-06, 0.9999568462371826, 6.162855243019294e-06, 6.167288120195735e-06, 6.160234079288784e-06], [6.179569027153775e-06, 6.175415364850778e-06, 6.156210474728141e-06, 6.173372185003245e-06, 6.175785983941751e-06, 0.9999567270278931, 6.159810709505109e-06, 6.1693817769992165e-06], [6.169700100144837e-06, 6.161656074255006e-06, 6.162702447909396e-06, 6.1626492424693424e-06, 6.1560003814520314e-06, 6.1696059674432036e-06, 0.9999568462371826, 6.163831130834296e-06], [6.15240378465387e-06, 6.151148681965424e-06, 6.149587989057181e-06, 6.137594482424902e-06, 6.159284112072783e-06, 6.148040029074764e-06, 6.1459295466193e-06, 0.9999570846557617]], "mean_depth_distance": 0.05228232592344284}
{"kind": "key", "receiver_layer": 9, "sender_layers": [4, 5, 6, 7, 8, 9], "layer_weights": [0.14093363285064697, 0.15811306238174438, 0.17616479098796844, 0.1950443834066391, 0.17413334548473358, 0.15561069548130035], "head_mapping": [[0.9999567270278931, 6.1576256484841e-06, 6.172571374918334e-06, 6.176852366479579e-06, 6.172359917400172e-06, 6.171123459353112e-06, 6.165481863718014e-06, 6.165899321786128e-06], [6.154016318760114e-06, 0.9999568462371826, 6.1459750213543884e-06, 6.142189249658259e-06, 6.153582035040017e-06, 6.147287876956398e-06, 6.167582341731759e-06, 6.152613423182629e-06], [6.1581549744005315e-06, 6.1684527281613555e-06, 0.9999568462371826, 6.174055670271628e-06, 6.164489150251029e-06, 6.155982191557996e-06, 6.158865744509967e-06, 6.161209512356436e-06], [6.163360012578778e-06, 6.181360276968917e-06, 6.1820146584068425e-06, 0.9999567270278931, 6.160844350233674e-06, 6.1645114328712225e-06, 6.171429504320258e-06, 6.163060334074544e-06], [6.172206667542923e-06, 6.170982032926986e-06, 6.174879217724083e-06, 6.167969786474714e-06, 0.9999567270278931, 6.179804131534183e-06, 6.175020644150209e-06, 6.1618316067324486e-06], [6.1373716562229674e-06, 6.145776296762051e-06, 6.147229669295484e-06, 6.132872385933297e-06, 6.149927230580943e-06, 0.9999569654464722, 6.143690370663535e-06, 6.154551101644756e-06], [6.1496234593505505e-06, 6.1465275393857155e-06, 6.135598596301861e-06, 6.139942342997529e-06, 6.15623048361158e-06, 6.15570206718985e-06, 0.9999570846557617, 6.145115094113862e-06], [6.161508736113319e-06, 6.1700402511633e-06, 6.166593266243581e-06, 6.160492375784088e-06, 6.161279543448472e-06, 6.169540483824676e-06, 6.168134405015735e-06, 0.9999567270278931]], "mean_depth_distance": 0.051977016031742096}
{"kind": "key", "receiver_layer": 10, "sender_layers": [5, 6, 7, 8, 9, 10], "layer_weights": [0.1448809802532196, 0.1618890017271042, 0.18056781589984894, 0.19017350673675537, 0.17050263285636902, 0.15198613703250885], "head_mapping": [[0.9999568462371826, 6.163936177472351e-06, 6.165529612189857e-06, 6.1679356804233976e-06, 6.165423656057101e-06, 6.1662417465413455e-06, 6.169565040181624e-06, 6.167088486108696e-06], [6.161708824947709e-06, 0.9999568462371826, 6.164306796563324e-06, 6.15839007878094e-06, 6.1650121097045485e-06, 6.163078069221228e-06, 6.165071226860164e-06, 6.161703367979499e-06], [6.163190391816897e-06, 6.162878435134189e-06, 0.9999568462371826, 6.162325917102862e-06, 6.167064384499099e-06, 6.165347258502152e-06, 6.162884346849751e-06, 6.16163242739276e-06], [6.1600694607477635e-06, 6.163713351270417e-06, 6.16219676885521e-06, 0.9999568462371826, 6.164577371237101e-06, 6.165324066387257e-06, 6.16219676885521e-06, 6.164630121929804e-06], [6.161079909361433e-06, 6.1642067521461286e-06, 6.163119451230159e-06, 6.164183560031233e-06, 0.9999568462371826, 6.163965736050159e-06, 6.165289050841238e-06, 6.165395006973995e-06], [6.156633844511816e-06, 6.159993063192815e-06, 6.16163242739276e-06, 6.158912583487108e-06, 6.162561476230621e-06, 0.9999568462371826, 6.154620223242091e-06, 6.1653004195250105e-06], [6.1633900259039365e-06, 6.1620321503141895e-06, 6.162984391266946e-06, 6.164706519484753e-06, 6.164324531710008e-06, 6.163625130284345e-06, 0.9999568462371826, 6.16090392213664e-06], [6.154491074994439e-06, 6.1618561630893964e-06, 6.163912985357456e-06, 6.159676104289247e-06, 6.158195901662111e-06, 6.161697001516586e-06, 6.156628387543606e-06, 0.9999568462371826]], "mean_depth_distance": 0.052618492394685745}
{"kind": "key", "receiver_layer": 11, "sender_layers": [6, 7, 8, 9, 10, 11], "layer_weights": [0.14849765598773956, 0.1659732311964035, 0.18643566966056824, 0.18498805165290833, 0.16597791016101837, 0.1481274962425232], "head_mapping": [[0.9999567270278931, 6.17530349700246e-06, 6.1678520069108345e-06, 6.179291631269734e-06, 6.175904218252981e-06, 6.1747086874675006e-06, 6.180217042128788e-06, 6.1785021898685955e-06], [6.163112630019896e-06, 0.9999567270278931, 6.173713700263761e-06, 6.175939233798999e-06, 6.1723417275061365e-06, 6.177364866744028e-06, 6.175044291012455e-06, 6.1682403611484915e-06], [6.171464974613627e-06, 6.169616881379625e-06, 0.9999567270278931, 6.17327214058605e-06, 6.167816991364816e-06, 6.179321189847542e-06, 6.184662652231054e-06, 6.171559107315261e-06], [6.1667824411415495e-06, 6.161056717246538e-06, 6.163460056995973e-06, 0.9999568462371826, 6.165964805404656e-06, 6.162619683891535e-06, 6.160304565128172e-06, 6.159722943266388e-06], [6.175833277666243e-06, 6.174031568662031e-06, 6.168599156808341e-06, 6.1769997046212666e-06, 0.9999567270278931, 6.167381798150018e-06, 6.17450814388576e-06, 6.163576927065151e-06], [6.182740435178857e-06, 6.175020644150209e-06, 6.185216989251785e-06, 6.175939233798999e-06, 6.178284365887521e-06, 0.9999567270278931, 6.16979377809912e-06, 6.177529485285049e-06], [6.17741170572117e-06, 6.170629603730049e-06, 6.174525879032444e-06, 6.17263594904216e-06, 6.164029855426634e-06, 6.173266228870489e-06, 0.9999567270278931, 6.170546839712188e-06], [6.162273166410159e-06, 6.148208285594592e-06, 6.156299150461564e-06, 6.15563021710841e-06, 6.149727141746553e-06, 6.1557475419249386e-06, 6.151627530925907e-06, 0.9999568462371826]], "mean_depth_distance": 0.05278428643941879}
{"kind": "key", "receiver_layer": 12, "sender_layers": [7, 8, 9, 10, 11, 12], "layer_weights": [0.15258976817131042, 0.17113284766674042, 0.19072088599205017, 0.18093900382518768, 0.16079013049602509, 0.14382736384868622], "head_mapping": [[0.9999568462371826, 6.161673809401691e-06, 6.166576440591598e-06, 6.157967163744615e-06, 6.159670192573685e-06, 6.16175020695664e-06, 6.164183560031233e-06, 6.1632135839317925e-06], [6.158830728963949e-06, 0.9999568462371826, 6.1516625464719255e-06, 6.1560763242596295e-06, 6.163636953715468e-06, 6.154855327622499e-06, 6.153153208288131e-06, 6.162907993711997e-06], [6.15244971413631e-06, 6.144896815385437e-06, 0.9999569654464722, 6.145916813693475e-06, 6.150742592581082e-06, 6.150572517071851e-06, 6.153341928438749e-06, 6.1496634771174286e-06], [6.17187652096618e-06, 6.175014732434647e-06, 6.169146217871457e-06, 0.9999567270278931, 6.169828793645138e-06, 6.1710002228210215e-06, 6.169640982989222e-06, 6.157772077131085e-06], [6.176257102197269e-06, 6.172324447106803e-06, 6.17131763647194e-06, 6.172901521495078e-06, 0.9999567270278931, 6.172171197249554e-06, 6.168863819766557e-06, 6.180075615702663e-06], [6.166006187413586e-06, 6.165759259602055e-06, 6.169735570438206e-06, 6.16581837675767e-06, 6.161949841043679e-06, 0.9999568462371826, 6.167800165712833e-06, 6.167970695969416e-06], [6.16590023128083e-06, 6.16618262938573e-06, 6.160974407976028e-06, 6.15969338468858e-06, 6.165265403978992e-06, 6.16207353232312e-06, 0.9999568462371826, 6.16814713794156e-06], [6.151745765237138e-06, 6.147241492726607e-06, 6.149035925773205e-06, 6.152473360998556e-06, 6.151933575893054e-06, 6.161386409075931e-06, 6.1525556702690665e-06, 0.9999569654464722]], "mean_depth_distance": 0.05250895768404007}
{"kind": "key", "receiver_layer": 13, "sender_layers": [8, 9, 10, 11, 12, 13], "layer_weights": [0.1560380905866623, 0.17424164712429047, 0.19610626995563507, 0.17540155351161957, 0.15755318105220795, 0.14065927267074585], "head_mapping": [[0.9999568462371826, 6.146724899736e-06, 6.145054612716194e-06, 6.1520149756688625e-06, 6.13933752902085e-06, 6.152202331577428e-06, 6.1381965679174755e-06, 6.164942078612512e-06], [6.142659913166426e-06, 0.9999570846557617, 6.145583483885275e-06, 6.145565748738591e-06, 6.1393980104185175e-06, 6.128593668108806e-06, 6.14011241850676e-06, 6.159378244774416e-06], [6.16045736023807e-06, 6.161521014291793e-06, 0.9999568462371826, 6.175304406497162e-06, 6.1669825299759395e-06, 6.152320111141307e-06, 6.14466762272059e-06, 6.157861207611859e-06], [6.1590121731569525e-06, 6.154597031127196e-06, 6.155712071631569e-06, 0.9999568462371826, 6.159670192573685e-06, 6.157156349217985e-06, 6.145764018583577e-06, 6.150155059003737e-06], [6.177848263178021e-06, 6.164294063637499e-06, 6.171553195599699e-06, 6.171223503770307e-06, 0.9999567270278931, 6.1769997046212666e-06, 6.173513611429371e-06, 6.179185220389627e-06], [6.156065410323208e-06, 6.156370545795653e-06, 6.146702162368456e-06, 6.147001386125339e-06, 6.158754786156351e-06, 0.9999569654464722, 6.1487426137318835e-06, 6.136756837804569e-06], [6.160933480714448e-06, 6.145998213469284e-06, 6.17003524894244e-06, 6.158754331409e-06, 6.170952929096529e-06, 6.1756459217576776e-06, 0.9999568462371826, 6.161115379654802e-06], [6.181801836646628e-06, 6.174207555886824e-06, 6.202044460223988e-06, 6.18559397480567e-06, 6.17451360085397e-06, 6.191277407197049e-06, 6.185741767694708e-06, 0.9999566078186035]], "mean_depth_distance": 0.051863379776477814}
{"kind": "key", "receiver_layer": 14, "sender_layers": [8, 9, 10, 11, 12, 13], "layer_weights": [0.14296361804008484, 0.16079218685626984, 0.1798151731491089, 0.19183214008808136, 0.17159916460514069, 0.15299777686595917], "head_mapping": [[0.9999567270278931, 6.189501164044486e-06, 6.182539891597116e-06, 6.1844498304708395e-06, 6.176610895636259e-06, 6.177942395879654e-06, 6.181997378007509e-06, 6.178507646836806e-06], [6.158108590170741e-06, 0.9999569654464722, 6.137986019894015e-06, 6.1658010963583365e-06, 6.147939529910218e-06, 6.150009539851453e-06, 6.145635779830627e-06, 6.153606136649614e-06], [6.139345259725815e-06, 6.146650321170455e-06, 0.9999570846557617, 6.145577572169714e-06, 6.141435278550489e-06, 6.150585249997675e-06, 6.137541731732199e-06, 6.13974316365784e-06], [6.16578245171695e-06, 6.150642093416536e-06, 6.166147159092361e-06, 0.9999568462371826, 6.154379661893472e-06, 6.165518243506085e-06, 6.147979547677096e-06, 6.1439122873707674e-06], [6.172395387693541e-06, 6.167217634356348e-06, 6.162508270790568e-06, 6.1541977629531175e-06, 0.9999568462371826, 6.172695975692477e-06, 6.154303264338523e-06, 6.153587492008228e-06], [6.1589598772116005e-06, 6.153828053356847e-06, 6.1604459915542975e-06, 6.165306331240572e-06, 6.153517460916191e-06, 0.9999568462371826, 6.164912520034704e-06, 6.150642093416536e-06], [6.1510936575359665e-06, 6.163877969811438e-06, 6.164877049741335e-06, 6.163572379591642e-06, 6.168717845866922e-06, 6.161444616736844e-06, 0.9999568462371826, 6.172583653096808e-06], [6.155500159366056e-06, 6.18117201156565e-06, 6.16658780927537e-06, 6.1641708271054085e-06, 6.171359018480871e-06, 6.175014732434647e-06, 6.185441179695772e-06, 0.9999567270278931]], "mean_depth_distance": 0.052387285977602005}
{"kind": "key", "receiver_layer": 15, "sender_layers": [9, 10, 11, 12, 13, 14], "layer_weights": [0.14722619950771332, 0.16473990678787231, 0.18433524668216705, 0.18682196736335754, 0.16736158728599548, 0.14951518177986145], "head_mapping": [[0.9999567270278931, 6.156057679618243e-06, 6.169816970214015e-06, 6.182468951010378e-06, 6.179203410283662e-06, 6.176115675771143e-06, 6.1770938373229e-06, 6.167922492750222e-06], [6.162108547869138e-06, 0.9999568462371826, 6.160316388559295e-06, 6.165083050291287e-06, 6.1617438404937275e-06, 6.169323569338303e-06, 6.171665518195368e-06, 6.163195848785108e-06], [6.142788151919376e-06, 6.144417056930251e-06, 0.9999569654464722, 6.149592991278041e-06, 6.153764388727723e-06, 6.140691311884439e-06, 6.1531245592050254e-06, 6.152696641947841e-06], [6.174926511448575e-06, 6.174325790198054e-06, 6.1801520132576115e-06, 0.9999567270278931, 6.175515409267973e-06, 6.176528131618397e-06, 6.186225618876051e-06, 6.175668204377871e-06], [6.166523689898895e-06, 6.157849384180736e-06, 6.167511855892371e-06, 6.166253115225118e-06, 0.9999568462371826, 6.158988981042057e-06, 6.163583748275414e-06, 6.168594154587481e-06], [6.170618235046277e-06, 6.1645714595215395e-06, 6.175692760734819e-06, 6.1675473261857405e-06, 6.167806077428395e-06, 0.9999568462371826, 6.163054877106333e-06, 6.16497163719032e-06], [6.144292910903459e-06, 6.152273272164166e-06, 6.15029011896695e-06, 6.159898930491181e-06, 6.159071290312568e-06, 6.161103556223679e-06, 0.9999568462371826, 6.147792191768531e-06], [6.167658739286708e-06, 6.1603982430824544e-06, 6.162831141409697e-06, 6.156551989988657e-06, 6.159722943266388e-06, 6.1582431953866035e-06, 6.163008038129192e-06, 0.9999568462371826]], "mean_depth_distance": 0.052779845893383026}
{"kind": "key", "receiver_layer": 16, "sender_layers": [10, 11, 12, 13, 14, 15], "layer_weights": [0.150828018784523, 0.16858862340450287, 0.18802423775196075, 0.1828550398349762, 0.16337190568447113, 0.14633215963840485], "head_mapping": [[0.9999566078186035, 6.183600362419384e-06, 6.172234861878678e-06, 6.192889486555941e-06, 6.1786663536622655e-06, 6.186036443978082e-06, 6.181182925502071e-06, 6.185564416227862e-06], [6.169559128466062e-06, 0.9999568462371826, 6.167088486108696e-06, 6.166735147417057e-06, 6.1827995523344725e-06, 6.168005711515434e-06, 6.161720648378832e-06, 6.166994353407063e-06], [6.163902071421035e-06, 6.15899534750497e-06, 0.9999569654464722, 6.143491191323847e-06, 6.169447715365095e-06, 6.151135949039599e-06, 6.16017041465966e-06, 6.152467904030345e-06], [6.146409305074485e-06, 6.1476930568460375e-06, 6.166206276247976e-06, 0.9999569654464722, 6.150643002911238e-06, 6.13961992712575e-06, 6.13634711044142e-06, 6.1500682022597175e-06], [6.194071829668246e-06, 6.158688847790472e-06, 6.170805590954842e-06, 6.183094228617847e-06, 0.9999567270278931, 6.1802643358532805e-06, 6.18775356997503e-06, 6.185754045873182e-06], [6.149175987957278e-06, 6.163948000903474e-06, 6.175050657475367e-06, 6.163407761050621e-06, 6.152038167783758e-06, 0.9999568462371826, 6.164712431200314e-06, 6.153833965072408e-06], [6.141804533399409e-06, 6.138630851637572e-06, 6.131802365416661e-06, 6.1457067204173654e-06, 6.1490309235523455e-06, 6.144347480585566e-06, 0.9999570846557617, 6.1315158745856024e-06], [6.16598254055134e-06, 6.157749794510892e-06, 6.18499916527071e-06, 6.166999810375273e-06, 6.165141712699551e-06, 6.156440122140339e-06, 6.168582331156358e-06, 0.9999568462371826]], "mean_depth_distance": 0.05273860692977905}
{"kind": "key", "receiver_layer": 17, "sender_layers": [11, 12, 13, 14, 15, 16], "layer_weights": [0.15456905961036682, 0.17350058257579803, 0.19439372420310974, 0.1769668608903885, 0.15873445570468903, 0.1418353170156479], "head_mapping": [[0.9999568462371826, 6.167876563267782e-06, 6.169617790874327e-06, 6.168105755932629e-06, 6.174220743559999e-06, 6.165053491713479e-06, 6.166523689898895e-06, 6.168494110170286e-06], [6.155089977255557e-06, 0.9999568462371826, 6.162126283015823e-06, 6.164148089737864e-06, 6.163807029224699e-06, 6.162085355754243e-06, 6.1699824982497375e-06, 6.162796125863679e-06], [6.1669707065448165e-06, 6.167288120195735e-06, 0.9999568462371826, 6.16674697084818e-06, 6.1690293478022795e-06, 6.166700131871039e-06, 6.167153060232522e-06, 6.16590023128083e-06], [6.1494233705161605e-06, 6.14975124335615e-06, 6.15118278801674e-06, 0.9999569654464722, 6.1513701439253055e-06, 6.15060798736522e-06, 6.154075435915729e-06, 6.156781637400854e-06], [6.155677510832902e-06, 6.156382369226776e-06, 6.161492365208687e-06, 6.147927251731744e-06, 0.9999569654464722, 6.151405614218675e-06, 6.14856662650709e-06, 6.152414698590292e-06], [6.1575501604238525e-06, 6.160204520710977e-06, 6.163501439004904e-06, 6.165383183542872e-06, 6.163019406812964e-06, 0.9999568462371826, 6.163383659441024e-06, 6.166665116325021e-06], [6.155536084406776e-06, 6.155706614663359e-06, 6.160474640637403e-06, 6.167112132970942e-06, 6.166029834275832e-06, 6.157509233162273e-06, 0.9999568462371826, 6.160692009871127e-06], [6.160063549032202e-06, 6.159411441331031e-06, 6.1567452576127835e-06, 6.1588480093632825e-06, 6.15900080447318e-06, 6.165412287373329e-06, 6.157462394185131e-06, 0.9999568462371826]], "mean_depth_distance": 0.052137590944767}
{"kind": "key", "receiver_layer": 18, "sender_layers": [11, 12, 13, 14, 15, 16], "layer_weights": [0.14211933314800262, 0.15875428915023804, 0.177862748503685, 0.19358393549919128, 0.1727457493543625, 0.15493391454219818], "head_mapping": [[0.9999568462371826, 6.19178081251448e-06, 6.182988727232441e-06, 6.168758773128502e-06, 6.169382686493918e-06, 6.1832361097913235e-06, 6.15445060248021e-06, 6.180972377478611e-06], [6.214839231688529e-06, 0.9999566078186035, 6.201719315868104e-06, 6.190692602103809e-06, 6.205422778293723e-06, 6.208761533343932e-06, 6.210958417796064e-06, 6.19627462583594e-06], [6.135926014394499e-06, 6.164195838209707e-06, 0.9999569654464722, 6.145225142972777e-06, 6.140901859907899e-06, 6.141903668321902e-06, 6.150203262222931e-06, 6.149821729195537e-06], [6.170570486574434e-06, 6.143332029751036e-06, 6.1633136283489875e-06, 0.9999568462371826, 6.174762347654905e-06, 6.16336637904169e-06, 6.177012437547091e-06, 6.167806077428395e-06], [6.175108865136281e-06, 6.1743726291751955e-06, 6.180924174259417e-06, 6.152483820187626e-06, 0.9999567270278931, 6.17725299889571e-06, 6.157860298117157e-06, 6.1440282479452435e-06], [6.16304305367521e-06, 6.171170753077604e-06, 6.178661806188757e-06, 6.16473607806256e-06, 6.1712885326414835e-06, 0.9999568462371826, 6.162754743854748e-06, 6.161691089801025e-06], [6.1312230172916315e-06, 6.153171852929518e-06, 6.150754870759556e-06, 6.126850621512858e-06, 6.157673851703294e-06, 6.1299133449210785e-06, 0.9999569654464722, 6.158613814477576e-06], [6.156092695164261e-06, 6.1920400185044855e-06, 6.166887487779604e-06, 6.173684596433304e-06, 6.167581432237057e-06, 6.152647983981296e-06, 6.159422810014803e-06, 0.9999567270278931]], "mean_depth_distance": 0.05219271406531334}
{"kind": "key", "receiver_layer": 19, "sender_layers": [12, 13, 14, 15, 16, 17], "layer_weights": [0.14603419601917267, 0.16305890679359436, 0.18278560042381287, 0.18972061574459076, 0.1684713065624237, 0.14992932975292206], "head_mapping": [[0.9999567270278931, 6.167522769828793e-06, 6.182221113704145e-06, 6.186868631630205e-06, 6.176263468660181e-06, 6.180605851113796e-06, 6.168781965243397e-06, 6.160703378554899e-06], [6.148964530439116e-06, 0.9999568462371826, 6.1643713706871495e-06, 6.175327598612057e-06, 6.168218078528298e-06, 6.160927568998886e-06, 6.169206244521774e-06, 6.139882316347212e-06], [6.1759628806612454e-06, 6.188922725414159e-06, 0.9999567270278931, 6.139448487374466e-06, 6.172042049001902e-06, 6.165546892589191e-06, 6.175350335979601e-06, 6.178755484143039e-06], [6.188356110214954e-06, 6.165581908135209e-06, 6.176764145493507e-06, 0.9999567270278931, 6.16357147009694e-06, 6.175721409817925e-06, 6.174031568662031e-06, 6.184591711644316e-06], [6.194236902956618e-06, 6.162431418488268e-06, 6.201294581842376e-06, 6.176634542498505e-06, 0.9999567270278931, 6.171335826365976e-06, 6.170264441607287e-06, 6.1948157963342965e-06], [6.138583103165729e-06, 6.140129244158743e-06, 6.136025149316993e-06, 6.142629899841268e-06, 6.151546585897449e-06, 0.9999569654464722, 6.15310136709013e-06, 6.1448267842934e-06], [6.132088856247719e-06, 6.1461510085791815e-06, 6.1530481616500765e-06, 6.1480095610022545e-06, 6.161327746667666e-06, 6.1624446061614435e-06, 0.9999569654464722, 6.151687557576224e-06], [6.143702648842009e-06, 6.140024652268039e-06, 6.132954695203807e-06, 6.138314802228706e-06, 6.153166395961307e-06, 6.145565748738591e-06, 6.148567536001792e-06, 0.9999570846557617]], "mean_depth_distance": 0.0526261068880558}
{"kind": "key", "receiver_layer": 20, "sender_layers": [13, 14, 15, 16, 17, 18], "layer_weights": [0.14931556582450867, 0.16748760640621185, 0.1876620501279831, 0.18374723196029663, 0.1646001935005188, 0.14718732237815857], "head_mapping": [[0.9999569654464722, 6.1418331824825145e-06, 6.16319675827981e-06, 6.153629328764509e-06, 6.1555833781312685e-06, 6.1489949985116255e-06, 6.160581506264862e-06, 6.16004717812757e-06], [6.165088507259497e-06, 0.9999568462371826, 6.178956482472131e-06, 6.158895303087775e-06, 6.1501964410126675e-06, 6.156264134915546e-06, 6.151838988444069e-06, 6.144949111330789e-06], [6.1661653489863966e-06, 6.151627530925907e-06, 0.9999568462371826, 6.16702391198487e-06, 6.16758825344732e-06, 6.152900823508389e-06, 6.160786142572761e-06, 6.1748210100631695e-06], [6.170859251142247e-06, 6.15753879174008e-06, 6.172148005134659e-06, 0.9999568462371826, 6.183784535096493e-06, 6.164665137475822e-06, 6.1698947320110165e-06, 6.163489615573781e-06], [6.15538419879158e-06, 6.129796474851901e-06, 6.150507942948025e-06, 6.135597686807159e-06, 0.9999569654464722, 6.165666036395123e-06, 6.163849320728332e-06, 6.160035354696447e-06], [6.158248197607463e-06, 6.171888344397303e-06, 6.183766345202457e-06, 6.1743844526063185e-06, 6.166593266243581e-06, 0.9999567270278931, 6.165699687699089e-06, 6.17982823314378e-06], [6.161373676150106e-06, 6.155160463094944e-06, 6.152173682494322e-06, 6.1780374380759895e-06, 6.155847586342134e-06, 6.152918103907723e-06, 0.9999568462371826, 6.153687081678072e-06], [6.165794275148073e-06, 6.158195901662111e-06, 6.1649357121495996e-06, 6.173208021209575e-06, 6.1633782024728134e-06, 6.161985311337048e-06, 6.153047252155375e-06, 0.9999568462371826]], "mean_depth_distance": 0.052757613360881805}
{"kind": "key", "receiver_layer": 21, "sender_layers": [14, 15, 16, 17, 18, 19], "layer_weights": [0.15315794944763184, 0.17146505415439606, 0.19192937016487122, 0.17959481477737427, 0.1604418009519577, 0.14341096580028534], "head_mapping": [[0.9999568462371826, 6.165947525005322e-06, 6.166676939756144e-06, 6.169923835841473e-06, 6.163430953165516e-06, 6.164088972582249e-06, 6.166135790408589e-06, 6.164900696603581e-06], [6.164865681057563e-06, 0.9999568462371826, 6.162619683891535e-06, 6.165988452266902e-06, 6.166823368403129e-06, 6.16646457274328e-06, 6.162173121992964e-06, 6.161056717246538e-06], [6.172924713609973e-06, 6.177553132147295e-06, 0.9999567270278931, 6.17494970356347e-06, 6.176316219352884e-06, 6.177612249302911e-06, 6.1736077441310044e-06, 6.171111635921989e-06], [6.162578756629955e-06, 6.164983005874092e-06, 6.158853921078844e-06, 0.9999568462371826, 6.164877049741335e-06, 6.162737463455414e-06, 6.1631017160834745e-06, 6.166529601614457e-06], [6.158249107102165e-06, 6.158695214253385e-06, 6.155254595796578e-06, 6.1565929172502365e-06, 0.9999568462371826, 6.15640510659432e-06, 6.16029865341261e-06, 6.160304565128172e-06], [6.159652457427001e-06, 6.158436917758081e-06, 6.16118586549419e-06, 6.158953965496039e-06, 6.1623727560800035e-06, 0.9999568462371826, 6.159952135931235e-06, 6.169294465507846e-06], [6.15453245700337e-06, 6.161232704471331e-06, 6.1588361859321594e-06, 6.1576383814099245e-06, 6.159394160931697e-06, 6.161373676150106e-06, 0.9999568462371826, 6.154362381494138e-06], [6.1582431953866035e-06, 6.152742571430281e-06, 6.1600694607477635e-06, 6.161385499581229e-06, 6.159259100968484e-06, 6.15900080447318e-06, 6.159294116514502e-06, 0.9999568462371826]], "mean_depth_distance": 0.052411600947380066}
