{"kind": "key", "receiver_layer": 0, "sender_layers": [0, 1, 2, 3, 4, 5], "layer_weights": [0.21684889495372772, 0.19388899207115173, 0.1730642169713974, 0.15457893908023834, 0.13831350207328796, 0.12330545485019684], "head_mapping": [[0.9999567270278931, 6.165170361782657e-06, 6.166229013615521e-06, 6.17494424659526e-06, 6.184185167512624e-06, 6.179050160426414e-06, 6.176911028887844e-06, 6.165387731016381e-06], [6.18386548012495e-06, 0.9999566078186035, 6.177011073305039e-06, 6.184591256896965e-06, 6.19786487732199e-06, 6.195406058395747e-06, 6.199016752361786e-06, 6.1741484387312084e-06], [6.162067165860208e-06, 6.171059339976637e-06, 0.9999568462371826, 6.16758825344732e-06, 6.160656994325109e-06, 6.184161975397728e-06, 6.168182153487578e-06, 6.165453214634908e-06], [6.185039183037588e-06, 6.178023795655463e-06, 6.16759825788904e-06, 0.9999566078186035, 6.192369710333878e-06, 6.184992344060447e-06, 6.201423730090028e-06, 6.185841812111903e-06], [6.161396868265001e-06, 6.181207027111668e-06, 6.1710884438070934e-06, 6.181383923831163e-06, 0.9999567270278931, 6.165429113025311e-06, 6.1879427448729984e-06, 6.183707682794193e-06], [6.168358140712371e-06, 6.166546427266439e-06, 6.168622803670587e-06, 6.164429578348063e-06, 6.195264631969621e-06, 0.9999567270278931, 6.185612164699705e-06, 6.180346645123791e-06], [6.173814654175658e-06, 6.16445367995766e-06, 6.161003511806484e-06, 6.1615032791451085e-06, 6.150495664769551e-06, 6.15920089330757e-06, 0.9999568462371826, 6.163736543385312e-06], [6.152660716907121e-06, 6.162796125863679e-06, 6.162138106446946e-06, 6.1590480981976725e-06, 6.1652181102545e-06, 6.159963504615007e-06, 6.166170805954607e-06, 0.9999568462371826]], "mean_depth_distance": 0.08050131797790527}
{"kind": "key", "receiver_layer": 1, "sender_layers": [0, 1, 2, 3, 4, 5], "layer_weights": [0.18833577632904053, 0.2009255737066269, 0.17978811264038086, 0.1603233963251114, 0.14283686876296997, 0.12779033184051514], "head_mapping": [[0.9999567270278931, 6.176881925057387e-06, 6.178767307574162e-06, 6.170670076244278e-06, 6.178496278153034e-06, 6.165834747662302e-06, 6.175126600282965e-06, 6.179344836709788e-06], [6.1833766267227475e-06, 0.9999566078186035, 6.193101853568805e-06, 6.18401918472955e-06, 6.188013230712386e-06, 6.1945552261022385e-06, 6.190857675392181e-06, 6.183187451824779e-06], [6.181885510159191e-06, 6.175809630803997e-06, 0.9999567270278931, 6.184072844916955e-06, 6.175220732984599e-06, 6.182528068165993e-06, 6.1800283219781704e-06, 6.179073352541309e-06], [6.1940827436046675e-06, 6.18582998868078e-06, 6.192558430484496e-06, 0.9999566078186035, 6.1930250012665056e-06, 6.183683126437245e-06, 6.192227829160402e-06, 6.197119546413887e-06], [6.175526777951745e-06, 6.17887917542248e-06, 6.1810656006855424e-06, 6.1715004449069966e-06, 0.9999567270278931, 6.182186098158127e-06, 6.185216989251785e-06, 6.173395831865491e-06], [6.163866146380315e-06, 6.163078069221228e-06, 6.16316083323909e-06, 6.1685004766331986e-06, 6.1712885326414835e-06, 0.9999568462371826, 6.160375050967559e-06, 6.158930318633793e-06], [6.1790265135641675e-06, 6.178472631290788e-06, 6.1806886151316576e-06, 6.176363513077376e-06, 6.175633188831853e-06, 6.1802402342436835e-06, 0.9999567270278931, 6.175597718538484e-06], [6.167781066324096e-06, 6.168004802020732e-06, 6.170664619276067e-06, 6.165764261822915e-06, 6.1663818087254185e-06, 6.174814643600257e-06, 6.165146714920411e-06, 0.9999567270278931]], "mean_depth_distance": 0.0655895471572876}
{"kind": "key", "receiver_layer": 2, "sender_layers": [0, 1, 2, 3, 4, 5], "layer_weights": [0.16692937910556793, 0.18781183660030365, 0.18981803953647614, 0.1688656508922577, 0.1514240950345993, 0.1351509839296341], "head_mapping": [[0.9999567270278931, 6.171229415485868e-06, 6.181466687849024e-06, 6.1672872107010335e-06, 6.175915586936753e-06, 6.162443241919391e-06, 6.1689815993304364e-06, 6.168134405015735e-06], [6.195210971782217e-06, 0.9999566078186035, 6.191176453285152e-06, 6.194933121150825e-06, 6.193326498760143e-06, 6.195955847942969e-06, 6.194708475959487e-06, 6.187629423948238e-06], [6.167241281218594e-06, 6.162085355754243e-06, 0.9999568462371826, 6.160668817756232e-06, 6.170170308905654e-06, 6.164701062516542e-06, 6.174597729113884e-06, 6.166470939206192e-06], [6.1940709201735444e-06, 6.18991361989174e-06, 6.208264494489413e-06, 0.9999566078186035, 6.191448392200982e-06, 6.1989694586372934e-06, 6.18598915025359e-06, 6.192487944645109e-06], [6.188549377839081e-06, 6.176657279866049e-06, 6.19362754150643e-06, 6.184520771057578e-06, 0.9999566078186035, 6.196262802404817e-06, 6.199702511366922e-06, 6.192198270582594e-06], [6.174514055601321e-06, 6.177070190460654e-06, 6.171253062348114e-06, 6.183684035931947e-06, 6.19428419668111e-06, 0.9999567270278931, 6.191679858602583e-06, 6.174455393193057e-06], [6.169210791995283e-06, 6.171324002934853e-06, 6.178720468597021e-06, 6.1695463955402374e-06, 6.177076556923566e-06, 6.169258085719775e-06, 0.9999567270278931, 6.1848745644965675e-06], [6.192700311657973e-06, 6.182774541230174e-06, 6.207648311828962e-06, 6.203233169799205e-06, 6.2008557506487705e-06, 6.19716729488573e-06, 6.177823706821073e-06, 0.9999566078186035]], "mean_depth_distance": 0.056727610528469086}
{"kind": "key", "receiver_layer": 3, "sender_layers": [0, 1, 2, 3, 4, 5], "layer_weights": [0.15124763548374176, 0.1695592999458313, 0.18981023132801056, 0.18153826892375946, 0.16247759759426117, 0.14536698162555695], "head_mapping": [[0.9999567270278931, 6.174891041155206e-06, 6.178431249281857e-06, 6.16967599853524e-06, 6.173913789098151e-06, 6.1782016018696595e-06, 6.167264018586138e-06, 6.18255717199645e-06], [6.171105724206427e-06, 0.9999567270278931, 6.164611932035768e-06, 6.177930572448531e-06, 6.179580395837547e-06, 6.169581411086256e-06, 6.171058885229286e-06, 6.166811090224655e-06], [6.1790265135641675e-06, 6.168146228446858e-06, 0.9999567270278931, 6.176646365929628e-06, 6.1695463955402374e-06, 6.1744608501612674e-06, 6.178177955007413e-06, 6.162872068671277e-06], [6.171229415485868e-06, 6.179379852255806e-06, 6.173690053401515e-06, 0.9999567270278931, 6.1837372413720004e-06, 6.171947461552918e-06, 6.179108822834678e-06, 6.178272542456398e-06], [6.1690052461926825e-06, 6.177842351462459e-06, 6.166023013065569e-06, 6.176092483656248e-06, 0.9999567270278931, 6.177028808451723e-06, 6.179569027153775e-06, 6.175556336529553e-06], [6.173701876832638e-06, 6.17844307271298e-06, 6.191201464389451e-06, 6.18184412815026e-06, 6.186267000884982e-06, 0.9999567270278931, 6.171547283884138e-06, 6.171782843011897e-06], [6.17435443928116e-06, 6.183282039273763e-06, 6.176327588036656e-06, 6.1829159676562995e-06, 6.183075583976461e-06, 6.188945462781703e-06, 0.9999566078186035, 6.184107860462973e-06], [6.169258085719775e-06, 6.179569027153775e-06, 6.167252195155015e-06, 6.16739316683379e-06, 6.160315933811944e-06, 6.160815246403217e-06, 6.1722416830889415e-06, 0.9999567270278931]], "mean_depth_distance": 0.05264158174395561}
{"kind": "key", "receiver_layer": 4, "sender_layers": [1, 2, 3, 4, 5, 6], "layer_weights": [0.15530741214752197, 0.17324833571910858, 0.19482207298278809, 0.17740070819854736, 0.15801078081130981, 0.14121071994304657], "head_mapping": [[0.9999567270278931, 6.168616437207675e-06, 6.171064796944847e-06, 6.170947017380968e-06, 6.184438461787067e-06, 6.178284365887521e-06, 6.1712762544630095e-06, 6.176769602461718e-06], [6.189222403918393e-06, 0.9999566078186035, 6.206369562278269e-06, 6.18244439465343e-06, 6.195819423737703e-06, 6.201393716764869e-06, 6.206772013683803e-06, 6.195370588102378e-06], [6.169559128466062e-06, 6.165682862047106e-06, 0.9999568462371826, 6.159799340821337e-06, 6.166629191284301e-06, 6.160751127026742e-06, 6.167135325085837e-06, 6.1643831941182725e-06], [6.195654805196682e-06, 6.179238425829681e-06, 6.190752174006775e-06, 0.9999567270278931, 6.176351689646253e-06, 6.1913192439533304e-06, 6.17115847489913e-06, 6.195323749125237e-06], [6.182220204209443e-06, 6.1787663980794605e-06, 6.1950040617375635e-06, 6.196765298227547e-06, 0.9999566078186035, 6.183541700011119e-06, 6.181117896630894e-06, 6.17713476458448e-06], [6.1598930187756196e-06, 6.169693278934574e-06, 6.175550424813991e-06, 6.164582373457961e-06, 6.173701876832638e-06, 0.9999567270278931, 6.175526777951745e-06, 6.177670911711175e-06], [6.201913947734283e-06, 6.177830073283985e-06, 6.185039183037588e-06, 6.187919098010752e-06, 6.1897007981315255e-06, 6.18461444901186e-06, 0.9999566078186035, 6.186478913150495e-06], [6.176163424242986e-06, 6.180488071549917e-06, 6.17836622041068e-06, 6.176669558044523e-06, 6.18101284999284e-06, 6.1877422012912575e-06, 6.176139322633389e-06, 0.9999567270278931]], "mean_depth_distance": 0.05203426629304886}
{"kind": "key", "receiver_layer": 5, "sender_layers": [1, 2, 3, 4, 5, 6], "layer_weights": [0.142324298620224, 0.15989947319030762, 0.1778511106967926, 0.1929003894329071, 0.17260730266571045, 0.154417484998703], "head_mapping": [[0.9999567270278931, 6.176717306516366e-06, 6.1897371779195964e-06, 6.179557203722652e-06, 6.1781897784385365e-06, 6.185240636114031e-06, 6.181773187563522e-06, 6.188910901983036e-06], [6.185888651089044e-06, 0.9999566078186035, 6.180640411912464e-06, 6.1885675677331164e-06, 6.188821316754911e-06, 6.1902496781840455e-06, 6.188590759848012e-06, 6.181607204780448e-06], [6.195228706928901e-06, 6.189948635437759e-06, 0.9999566078186035, 6.1933619690535124e-06, 6.190302883624099e-06, 6.189759915287141e-06, 6.196008598635672e-06, 6.192009550431976e-06], [6.179415777296526e-06, 6.1866685427958146e-06, 6.174702321004588e-06, 0.9999567270278931, 6.179886895552045e-06, 6.174290319904685e-06, 6.179674528539181e-06, 6.179321189847542e-06], [6.182067863846896e-06, 6.184155608934816e-06, 6.1819146139896475e-06, 6.180322998261545e-06, 0.9999567270278931, 6.186915925354697e-06, 6.181454864417901e-06, 6.177258455863921e-06], [6.179144747875398e-06, 6.180293439683737e-06, 6.176268925628392e-06, 6.176764145493507e-06, 6.1759747040923685e-06, 0.9999567270278931, 6.17374917055713e-06, 6.175232556415722e-06], [6.185865458974149e-06, 6.184921403473709e-06, 6.185033726069378e-06, 6.18850253886194e-06, 6.18559397480567e-06, 6.186950940900715e-06, 0.9999566078186035, 6.1846380958741065e-06], [6.17863770457916e-06, 6.174166628625244e-06, 6.170970664243214e-06, 6.178248440846801e-06, 6.171182576508727e-06, 6.168410891405074e-06, 6.175691851240117e-06, 0.9999567270278931]], "mean_depth_distance": 0.05228734016418457}
{"kind": "key", "receiver_layer": 6, "sender_layers": [2, 3, 4, 5, 6, 7], "layer_weights": [0.1459360271692276, 0.16365385055541992, 0.18335114419460297, 0.18812111020088196, 0.16878940165042877, 0.15014848113059998], "head_mapping": [[0.9999567270278931, 6.1736195675621275e-06, 6.1687578636338e-06, 6.168593245092779e-06, 6.169299012981355e-06, 6.1726659623673186e-06, 6.175880571390735e-06, 6.1668988564633764e-06], [6.161985311337048e-06, 0.9999568462371826, 6.1616674429387785e-06, 6.169517746457132e-06, 6.167053015815327e-06, 6.167882474983344e-06, 6.169264906930039e-06, 6.167288120195735e-06], [6.1800519688404165e-06, 6.179333013278665e-06, 0.9999567270278931, 6.182781817187788e-06, 6.179409410833614e-06, 6.188391580508323e-06, 6.174449026730144e-06, 6.175998350954615e-06], [6.197001312102657e-06, 6.193160970724421e-06, 6.1955242927069776e-06, 0.9999566078186035, 6.190527528815437e-06, 6.179019692353904e-06, 6.179225692903856e-06, 6.189824489410967e-06], [6.1881310102762654e-06, 6.190917247295147e-06, 6.188161023601424e-06, 6.194307388796005e-06, 0.9999566078186035, 6.195323294377886e-06, 6.194496108946623e-06, 6.185027814353816e-06], [6.198733444762183e-06, 6.1816899687983096e-06, 6.199826657393714e-06, 6.19077536612167e-06, 6.198939900059486e-06, 0.9999566078186035, 6.201494215929415e-06, 6.186431619426003e-06], [6.183529876579996e-06, 6.1979117162991315e-06, 6.17952036918723e-06, 6.190125986904604e-06, 6.18224430581904e-06, 6.1957248362887185e-06, 0.9999566078186035, 6.188437509990763e-06], [6.196386948431609e-06, 6.1893642850918695e-06, 6.189335181261413e-06, 6.192204637045506e-06, 6.188508450577501e-06, 6.191802640387323e-06, 6.203707016538829e-06, 0.9999566078186035]], "mean_depth_distance": 0.052696190774440765}
{"kind": "key", "receiver_layer": 7, "sender_layers": [3, 4, 5, 6, 7, 8], "layer_weights": [0.1500243842601776, 0.16738007962703705, 0.18779028952121735, 0.18352355062961578, 0.16471385955810547, 0.14656782150268555], "head_mapping": [[0.9999567270278931, 6.172265329951188e-06, 6.178979674587026e-06, 6.179267984407488e-06, 6.188467978063272e-06, 6.167169431137154e-06, 6.174519967316883e-06, 6.186940026964294e-06], [6.180134732858278e-06, 0.9999567270278931, 6.180388027132722e-06, 6.183329787745606e-06, 6.180924174259417e-06, 6.181861408549594e-06, 6.183264758874429e-06, 6.174366717459634e-06], [6.172818757477216e-06, 6.1784376157447696e-06, 0.9999567270278931, 6.176504939503502e-06, 6.180747732287273e-06, 6.173489964567125e-06, 6.17582145423512e-06, 6.18680996922194e-06], [6.1823147916584276e-06, 6.192593900777865e-06, 6.183718141983263e-06, 0.9999566078186035, 6.184077847137814e-06, 6.190562544361455e-06, 6.1887035371910315e-06, 6.186632163007744e-06], [6.197367838467471e-06, 6.201316864462569e-06, 6.211260370037053e-06, 6.212670541572152e-06, 0.9999566078186035, 6.191814463818446e-06, 6.206322268553777e-06, 6.20521586824907e-06], [6.1844498304708395e-06, 6.1800401454092935e-06, 6.182905508467229e-06, 6.179374395287596e-06, 6.184191079228185e-06, 0.9999567270278931, 6.173936981213046e-06, 6.180782747833291e-06], [6.188768566062208e-06, 6.183594450703822e-06, 6.184844551171409e-06, 6.197888069436885e-06, 6.1910704971523955e-06, 6.187812687130645e-06, 0.9999566078186035, 6.188957286212826e-06], [6.173766450956464e-06, 6.184191079228185e-06, 6.175968792376807e-06, 6.194538400450256e-06, 6.178136572998483e-06, 6.184544417919824e-06, 6.176569513627328e-06, 0.9999567270278931]], "mean_depth_distance": 0.05274960398674011}
{"kind": "key", "receiver_layer": 8, "sender_layers": [4, 5, 6, 7, 8, 9], "layer_weights": [0.1537901610136032, 0.17273731529712677, 0.19318072497844696, 0.1784631907939911, 0.15919911861419678, 0.14262951910495758], "head_mapping": [[0.9999566078186035, 6.190066869748989e-06, 6.200335519679356e-06, 6.200211373652564e-06, 6.200885309226578e-06, 6.203280918271048e-06, 6.199767540238099e-06, 6.20193804934388e-06], [6.169475454953499e-06, 0.9999567270278931, 6.168087566038594e-06, 6.1672990341321565e-06, 6.163171747175511e-06, 6.172718713060021e-06, 6.163947091408772e-06, 6.173148449306609e-06], [6.174219834065298e-06, 6.168610980239464e-06, 0.9999567270278931, 6.18755348114064e-06, 6.179792762850411e-06, 6.1687578636338e-06, 6.184007816045778e-06, 6.179415777296526e-06], [6.189146006363444e-06, 6.179939191497397e-06, 6.1846503740525804e-06, 0.9999566078186035, 6.18763579041115e-06, 6.20320997768431e-06, 6.1809414546587504e-06, 6.181984645081684e-06], [6.18778949501575e-06, 6.1702348830294795e-06, 6.185193342389539e-06, 6.182622200867627e-06, 0.9999567270278931, 6.180570835567778e-06, 6.18657395534683e-06, 6.174007467052434e-06], [6.197616130521055e-06, 6.187954113556771e-06, 6.171075710881269e-06, 6.188166480569635e-06, 6.192251476022648e-06, 0.9999566078186035, 6.177411250973819e-06, 6.18669719187892e-06], [6.202239546837518e-06, 6.19214506514254e-06, 6.195642527018208e-06, 6.194354227773147e-06, 6.1862961047154386e-06, 6.20163018538733e-06, 0.9999566078186035, 6.194614343257854e-06], [6.1665823523071595e-06, 6.161091732792556e-06, 6.157203642942477e-06, 6.149333785288036e-06, 6.169758762553101e-06, 6.157838015496964e-06, 6.158237283671042e-06, 0.9999568462371826]], "mean_depth_distance": 0.05228980630636215}
{"kind": "key", "receiver_layer": 9, "sender_layers": [4, 5, 6, 7, 8, 9], "layer_weights": [0.14074507355690002, 0.15826758742332458, 0.1759641468524933, 0.19541744887828827, 0.17402462661266327, 0.15558122098445892], "head_mapping": [[0.9999566078186035, 6.177517661853926e-06, 6.195677542564226e-06, 6.194590241648257e-06, 6.1933619690535124e-06, 6.1886676121503115e-06, 6.187316557770828e-06, 6.179827323649079e-06], [6.179121101013152e-06, 0.9999567270278931, 6.1678638303419575e-06, 6.166040293464903e-06, 6.17780688116909e-06, 6.176004262670176e-06, 6.197616585268406e-06, 6.179003321449272e-06], [6.192151431605453e-06, 6.200772986630909e-06, 0.9999566078186035, 6.214389031811152e-06, 6.198419669090072e-06, 6.18476815361646e-06, 6.189930900291074e-06, 6.190255589899607e-06], [6.177848263178021e-06, 6.196086360432673e-06, 6.193161880219122e-06, 0.9999567270278931, 6.170929282234283e-06, 6.179085175972432e-06, 6.184927769936621e-06, 6.180694526847219e-06], [6.187965936987894e-06, 6.1893642850918695e-06, 6.190367912495276e-06, 6.1884552451374475e-06, 0.9999566078186035, 6.19499223830644e-06, 6.188413863128517e-06, 6.180481705087004e-06], [6.159247277537361e-06, 6.166406365082366e-06, 6.1663299675274175e-06, 6.15253702562768e-06, 6.1685004766331986e-06, 0.9999568462371826, 6.163772013678681e-06, 6.177247996674851e-06], [6.1600694607477635e-06, 6.1557534536405e-06, 6.1505129451688845e-06, 6.149973160063382e-06, 6.1653122429561336e-06, 6.1654768614971545e-06, 0.9999568462371826, 6.158319592941552e-06], [6.192517048475565e-06, 6.197994025569642e-06, 6.19755701336544e-06, 6.196363301569363e-06, 6.188272891449742e-06, 6.19911133981077e-06, 6.2013523347559385e-06, 0.9999566078186035]], "mean_depth_distance": 0.05195486545562744}
{"kind": "key", "receiver_layer": 10, "sender_layers": [5, 6, 7, 8, 9, 10], "layer_weights": [0.14519910514354706, 0.16222956776618958, 0.17995041608810425, 0.18984884023666382, 0.17063292860984802, 0.15213921666145325], "head_mapping": [[0.9999566078186035, 6.184242920426186e-06, 6.186773589433869e-06, 6.18810781816137e-06, 6.186307928146562e-06, 6.186331575008808e-06, 6.189547093526926e-06, 6.186691280163359e-06], [6.179379852255806e-06, 0.9999567270278931, 6.182964625622844e-06, 6.176139322633389e-06, 6.184721314639319e-06, 6.182297966006445e-06, 6.184350240800995e-06, 6.181761364132399e-06], [6.181337084854022e-06, 6.181466687849024e-06, 0.9999567270278931, 6.1793389249942265e-06, 6.1861724134359974e-06, 6.183760433486896e-06, 6.180694526847219e-06, 6.18137210040004e-06], [6.179650881676935e-06, 6.1838609326514415e-06, 6.182480774441501e-06, 0.9999567270278931, 6.184202447911957e-06, 6.1858718254370615e-06, 6.181785010994645e-06, 6.184262019814923e-06], [6.181112439662684e-06, 6.183818641147809e-06, 6.183841833262704e-06, 6.1844380070397165e-06, 0.9999566078186035, 6.183965979289496e-06, 6.185322490637191e-06, 6.185452093632193e-06], [6.176822807901772e-06, 6.180146556289401e-06, 6.182952802191721e-06, 6.1809009821445215e-06, 6.1842738432460465e-06, 0.9999567270278931, 6.17582145423512e-06, 6.186361588333966e-06], [6.183223376865499e-06, 6.180211130413227e-06, 6.181195658427896e-06, 6.183152891026111e-06, 6.182893685036106e-06, 6.1815903791284654e-06, 0.9999567270278931, 6.179050160426414e-06], [6.171747372718528e-06, 6.178684543556301e-06, 6.180429409141652e-06, 6.177306204335764e-06, 6.177848263178021e-06, 6.1784139688825235e-06, 6.173372185003245e-06, 0.9999567270278931]], "mean_depth_distance": 0.05267149582505226}
{"kind": "key", "receiver_layer": 11, "sender_layers": [6, 7, 8, 9, 10, 11], "layer_weights": [0.14849647879600525, 0.16595695912837982, 0.18621808290481567, 0.1852083057165146, 0.16611248254776, 0.14800766110420227], "head_mapping": [[0.9999566078186035, 6.193060471559875e-06, 6.1907103372504935e-06, 6.199531071615638e-06, 6.195547484821873e-06, 6.190261956362519e-06, 6.198904429766117e-06, 6.201328687893692e-06], [6.188095994730247e-06, 0.9999566078186035, 6.196705726324581e-06, 6.204937562870327e-06, 6.1954888224136084e-06, 6.205363661138108e-06, 6.201855285326019e-06, 6.191123702592449e-06], [6.1881546571385115e-06, 6.187611688801553e-06, 0.9999566078186035, 6.192446562636178e-06, 6.183529876579996e-06, 6.200335519679356e-06, 6.199507424753392e-06, 6.19092907072627e-06], [6.1838009060011245e-06, 6.1757855291944e-06, 6.183081040944671e-06, 0.9999566078186035, 6.18669719187892e-06, 6.1773762354278006e-06, 6.183069217513548e-06, 6.1806285884813406e-06], [6.187576218508184e-06, 6.185463917063316e-06, 6.183187451824779e-06, 6.19844968241523e-06, 0.9999566078186035, 6.183841833262704e-06, 6.19003139945562e-06, 6.172546818561386e-06], [6.208844752109144e-06, 6.205434601724846e-06, 6.2140802583599e-06, 6.205050340213347e-06, 6.2044405240158085e-06, 0.9999566078186035, 6.193840363266645e-06, 6.2052095017861575e-06], [6.193527497089235e-06, 6.183612185850507e-06, 6.192623459355673e-06, 6.193444278324023e-06, 6.17975638306234e-06, 6.186113296280382e-06, 0.9999566078186035, 6.186561677168356e-06], [6.181184289744124e-06, 6.163583748275414e-06, 6.17326668361784e-06, 6.174827376526082e-06, 6.169441348902183e-06, 6.172295343276346e-06, 6.169888365548104e-06, 0.9999568462371826]], "mean_depth_distance": 0.05277995020151138}
{"kind": "key", "receiver_layer": 12, "sender_layers": [7, 8, 9, 10, 11, 12], "layer_weights": [0.15202639997005463, 0.17138247191905975, 0.19070719182491302, 0.18093203008174896, 0.16106700897216797, 0.14388497173786163], "head_mapping": [[0.9999567270278931, 6.173066140036099e-06, 6.1810656006855424e-06, 6.172024313855218e-06, 6.17015803072718e-06, 6.173931069497485e-06, 6.180181571835419e-06, 6.1786140577169135e-06], [6.1769997046212666e-06, 0.9999567270278931, 6.171782843011897e-06, 6.169870175654069e-06, 6.183760433486896e-06, 6.1706996348220855e-06, 6.171741461002966e-06, 6.181561275298009e-06], [6.1739838201901875e-06, 6.163841590023367e-06, 0.9999567270278931, 6.165499144117348e-06, 6.173713700263761e-06, 6.172901521495078e-06, 6.175279395392863e-06, 6.168487288960023e-06], [6.191637567098951e-06, 6.191619831952266e-06, 6.18252124695573e-06, 0.9999566078186035, 6.18701005805633e-06, 6.186136943142628e-06, 6.189257874211762e-06, 6.1737719079246745e-06], [6.188909992488334e-06, 6.190869498823304e-06, 6.188202405610355e-06, 6.187664894241607e-06, 0.9999566078186035, 6.185700385685777e-06, 6.18177227806882e-06, 6.192918590386398e-06], [6.188957286212826e-06, 6.185511665535159e-06, 6.1903856476419605e-06, 6.184567610034719e-06, 6.185895017551957e-06, 0.9999566078186035, 6.18594822299201e-06, 6.190822659846162e-06], [6.180841864988906e-06, 6.184120138641447e-06, 6.177241175464587e-06, 6.175797807372874e-06, 6.18029980614665e-06, 6.1782016018696595e-06, 0.9999567270278931, 6.183571713336278e-06], [6.175250291562406e-06, 6.1747969084535725e-06, 6.175056114443578e-06, 6.178731837280793e-06, 6.174249392643105e-06, 6.183955520100426e-06, 6.1810656006855424e-06, 0.9999567270278931]], "mean_depth_distance": 0.05249688774347305}
{"kind": "key", "receiver_layer": 13, "sender_layers": [8, 9, 10, 11, 12, 13], "layer_weights": [0.15652845799922943, 0.17417460680007935, 0.1962016224861145, 0.17527948319911957, 0.1572110503911972, 0.14060476422309875], "head_mapping": [[0.9999568462371826, 6.169758762553101e-06, 6.1730547713523265e-06, 6.173060683067888e-06, 6.166070761537412e-06, 6.167700121295638e-06, 6.1510177147283684e-06, 6.187737199070398e-06], [6.174643658596324e-06, 0.9999567270278931, 6.170440883579431e-06, 6.171505901875207e-06, 6.166240837046644e-06, 6.147251951915678e-06, 6.167264018586138e-06, 6.1803762037015986e-06], [6.1957130128575955e-06, 6.189759915287141e-06, 0.9999566078186035, 6.2023696045798715e-06, 6.19155480308109e-06, 6.188962743181037e-06, 6.172912435431499e-06, 6.186809514474589e-06], [6.186426617205143e-06, 6.178519470267929e-06, 6.171771019580774e-06, 0.9999567270278931, 6.189754913066281e-06, 6.190540261741262e-06, 6.175044291012455e-06, 6.177529485285049e-06], [6.1989812820684165e-06, 6.184402536746347e-06, 6.1982841543795075e-06, 6.190432941366453e-06, 0.9999566078186035, 6.198975370352855e-06, 6.1956125136930496e-06, 6.201683390827384e-06], [6.1868931879871525e-06, 6.184981884871377e-06, 6.165947525005322e-06, 6.165324066387257e-06, 6.191638931341004e-06, 0.9999568462371826, 6.173160272737732e-06, 6.1590480981976725e-06], [6.159347321954556e-06, 6.154637958388776e-06, 6.1748328334942926e-06, 6.1602931964444e-06, 6.17163050264935e-06, 6.180653599585639e-06, 0.9999568462371826, 6.18275225860998e-06], [6.200997631822247e-06, 6.199471954460023e-06, 6.219937858986668e-06, 6.209188086359063e-06, 6.2026419982430525e-06, 6.213203505467391e-06, 6.203351858857786e-06, 0.9999566078186035]], "mean_depth_distance": 0.05186239629983902}
{"kind": "key", "receiver_layer": 14, "sender_layers": [8, 9, 10, 11, 12, 13], "layer_weights": [0.1429312527179718, 0.16025741398334503, 0.17935234308242798, 0.1921650767326355, 0.17192327976226807, 0.15337058901786804], "head_mapping": [[0.9999566078186035, 6.2179101405490655e-06, 6.210229457792593e-06, 6.209453658811981e-06, 6.200057214300614e-06, 6.1992295741220005e-06, 6.209874300111551e-06, 6.207595106388908e-06], [6.181761364132399e-06, 0.9999567270278931, 6.160880275274394e-06, 6.189643045217963e-06, 6.170976575958775e-06, 6.1660934989049565e-06, 6.166581442812458e-06, 6.176675924507435e-06], [6.156798463052837e-06, 6.162407771626022e-06, 0.9999568462371826, 6.156698418635642e-06, 6.1585192270285916e-06, 6.1699588513874914e-06, 6.150472017907305e-06, 6.156310973892687e-06], [6.171394034026889e-06, 6.167898845887976e-06, 6.179297542985296e-06, 0.9999567270278931, 6.15730277786497e-06, 6.177753675729036e-06, 6.158864835015265e-06, 6.149949058453785e-06], [6.186498012539232e-06, 6.165923878143076e-06, 6.168423624330899e-06, 6.160656994325109e-06, 0.9999568462371826, 6.184356607263908e-06, 6.165570994198788e-06, 6.161033070384292e-06], [6.177459454193013e-06, 6.171118002384901e-06, 6.1812897911295295e-06, 6.181525350257289e-06, 6.175114776851842e-06, 0.9999567270278931, 6.18389594819746e-06, 6.168910658743698e-06], [6.162055342429085e-06, 6.1636183090740815e-06, 6.162254976516124e-06, 6.169499556563096e-06, 6.184856829349883e-06, 6.162161298561841e-06, 0.9999567270278931, 6.1846744756621774e-06], [6.161573310237145e-06, 6.192323780851439e-06, 6.178066087159095e-06, 6.170505457703257e-06, 6.1842738432460465e-06, 6.1906462178740185e-06, 6.190238764247624e-06, 0.9999567270278931]], "mean_depth_distance": 0.052381809800863266}
{"kind": "key", "receiver_layer": 15, "sender_layers": [9, 10, 11, 12, 13, 14], "layer_weights": [0.1477026641368866, 0.16455531120300293, 0.18456651270389557, 0.18666179478168488, 0.16716285049915314, 0.14935094118118286], "head_mapping": [[0.9999567270278931, 6.164905698824441e-06, 6.171382665343117e-06, 6.18787180428626e-06, 6.18429112364538e-06, 6.1743962760374416e-06, 6.185606252984144e-06, 6.175668204377871e-06], [6.183441655593924e-06, 0.9999567270278931, 6.177247087180149e-06, 6.183388904901221e-06, 6.176469469210133e-06, 6.189028681546915e-06, 6.187388407852268e-06, 6.180747732287273e-06], [6.155841674626572e-06, 6.150113676994806e-06, 0.9999568462371826, 6.161015335237607e-06, 6.167941137391608e-06, 6.146637133497279e-06, 6.171518180053681e-06, 6.163466423458885e-06], [6.204168585099978e-06, 6.214412678673398e-06, 6.215858775249217e-06, 0.9999566078186035, 6.201375981618185e-06, 6.207861588336527e-06, 6.2255644479591865e-06, 6.2016129049879964e-06], [6.195542027853662e-06, 6.191649390530074e-06, 6.1924401961732656e-06, 6.196440153871663e-06, 0.9999566078186035, 6.1865848692832515e-06, 6.1935861594974995e-06, 6.201754786161473e-06], [6.189671239553718e-06, 6.185157417348819e-06, 6.196954018378165e-06, 6.1897126215626486e-06, 6.187422968650935e-06, 0.9999566078186035, 6.190255589899607e-06, 6.185747224662919e-06], [6.1581431509694085e-06, 6.159229997138027e-06, 6.167723313410534e-06, 6.177707746246597e-06, 6.171524091769243e-06, 6.180924629006768e-06, 0.9999568462371826, 6.155941264296416e-06], [6.189783562149387e-06, 6.172841494844761e-06, 6.18417834630236e-06, 6.175597263791133e-06, 6.179544470796827e-06, 6.181489425216569e-06, 6.181996468512807e-06, 0.9999566078186035]], "mean_depth_distance": 0.0527915433049202}
{"kind": "key", "receiver_layer": 16, "sender_layers": [10, 11, 12, 13, 14, 15], "layer_weights": [0.15054622292518616, 0.1685657948255539, 0.18782617151737213, 0.18338072299957275, 0.16334906220436096, 0.1463320106267929], "head_mapping": [[0.9999566078186035, 6.195258265506709e-06, 6.1765513237332925e-06, 6.2143294599081855e-06, 6.177458999445662e-06, 6.1817781897843815e-06, 6.171693712531123e-06, 6.183753612276632e-06], [6.173636847961461e-06, 0.9999567270278931, 6.185689017002005e-06, 6.1788382481609005e-06, 6.1866448959335685e-06, 6.177860086609144e-06, 6.163383204693673e-06, 6.167910669319099e-06], [6.192854925757274e-06, 6.1798159549653064e-06, 0.9999567270278931, 6.159716576803476e-06, 6.192624368850375e-06, 6.169982043502387e-06, 6.180517630127724e-06, 6.176151600811863e-06], [6.1460627875931095e-06, 6.146924533823039e-06, 6.180936452437891e-06, 0.9999568462371826, 6.144990038592368e-06, 6.151779871288454e-06, 6.1464793361665215e-06, 6.180754098750185e-06], [6.2104845710564405e-06, 6.174466761876829e-06, 6.1835885389882606e-06, 6.190427029650891e-06, 0.9999566078186035, 6.186278369568754e-06, 6.196563845151104e-06, 6.198183655214962e-06], [6.175162070576334e-06, 6.186933660501381e-06, 6.195270543685183e-06, 6.178584499139106e-06, 6.142967777122976e-06, 0.9999567270278931, 6.1825635384593625e-06, 6.163547823234694e-06], [6.151499292172957e-06, 6.143139671621611e-06, 6.147083240648499e-06, 6.160669727250934e-06, 6.168641903059324e-06, 6.151828074507648e-06, 0.9999569654464722, 6.146983650978655e-06], [6.175897851790069e-06, 6.162983936519595e-06, 6.197273705765838e-06, 6.1819623624614906e-06, 6.183943696669303e-06, 6.172483153932262e-06, 6.1809009821445215e-06, 0.9999567270278931]], "mean_depth_distance": 0.05272188037633896}
{"kind": "key", "receiver_layer": 17, "sender_layers": [11, 12, 13, 14, 15, 16], "layer_weights": [0.15469375252723694, 0.17374244332313538, 0.1942538321018219, 0.17717181146144867, 0.1581294983625412, 0.1420087218284607], "head_mapping": [[0.9999567270278931, 6.1811133491573855e-06, 6.1864557210356e-06, 6.183264758874429e-06, 6.187813141877996e-06, 6.1783134697179776e-06, 6.1832884057366755e-06, 6.181596290844027e-06], [6.154984475870151e-06, 0.9999568462371826, 6.16982970313984e-06, 6.169488642626675e-06, 6.170441338326782e-06, 6.165929789858637e-06, 6.17059413343668e-06, 6.167970695969416e-06], [6.1842015384172555e-06, 6.185764959809603e-06, 0.9999566078186035, 6.186278369568754e-06, 6.188036422827281e-06, 6.1861483118264005e-06, 6.1851105783716775e-06, 6.181318894959986e-06], [6.159898930491181e-06, 6.159523309179349e-06, 6.1662299231102224e-06, 0.9999568462371826, 6.164077603898477e-06, 6.162420049804496e-06, 6.166153070807923e-06, 6.165894774312619e-06], [6.172972007334465e-06, 6.179498086567037e-06, 6.182398465170991e-06, 6.171052973513724e-06, 0.9999567270278931, 6.172760095068952e-06, 6.1634418671019375e-06, 6.1695582189713605e-06], [6.1781015574524645e-06, 6.179650881676935e-06, 6.181761364132399e-06, 6.184072844916955e-06, 6.183530786074698e-06, 0.9999567270278931, 6.182062406878686e-06, 6.1864557210356e-06], [6.174631835165201e-06, 6.175785983941751e-06, 6.180647233122727e-06, 6.188970019138651e-06, 6.189206033013761e-06, 6.176746410346823e-06, 0.9999567270278931, 6.18287003817386e-06], [6.185252459545154e-06, 6.184697667777073e-06, 6.181744083733065e-06, 6.185464371810667e-06, 6.182811375765596e-06, 6.193528406583937e-06, 6.181950084283017e-06, 0.9999567270278931]], "mean_depth_distance": 0.05213974788784981}
{"kind": "key", "receiver_layer": 18, "sender_layers": [11, 12, 13, 14, 15, 16], "layer_weights": [0.14200972020626068, 0.15884092450141907, 0.1783500611782074, 0.19354744255542755, 0.1728820651769638, 0.15436983108520508], "head_mapping": [[0.9999566078186035, 6.206133093655808e-06, 6.194814886839595e-06, 6.182385732245166e-06, 6.177193426992744e-06, 6.189535724843154e-06, 6.17100477029453e-06, 6.1979235397302546e-06], [6.224103344720788e-06, 0.999956488609314, 6.212598691490712e-06, 6.1966579778527375e-06, 6.211959316715365e-06, 6.234249667613767e-06, 6.222287538548699e-06, 6.20220998825971e-06], [6.127943834144389e-06, 6.168159416120034e-06, 0.9999569654464722, 6.159982604003744e-06, 6.133948772912845e-06, 6.137634954939131e-06, 6.138618118711747e-06, 6.155020400910871e-06], [6.185381607792806e-06, 6.182326615089551e-06, 6.200489224283956e-06, 0.9999566078186035, 6.214578661456471e-06, 6.193143235577736e-06, 6.209211278473958e-06, 6.1814421314920764e-06], [6.210128958628047e-06, 6.201234100444708e-06, 6.1981718317838386e-06, 6.185511665535159e-06, 0.9999566078186035, 6.190409294504207e-06, 6.177529030537698e-06, 6.181577646202641e-06], [6.170005235617282e-06, 6.170558663143311e-06, 6.166781531646848e-06, 6.178531293699052e-06, 6.176551778480643e-06, 0.9999567270278931, 6.1582950365846045e-06, 6.1788141465513036e-06], [6.13038082519779e-06, 6.154339644126594e-06, 6.149493401608197e-06, 6.127364940766711e-06, 6.160599241411546e-06, 6.119831596151926e-06, 0.9999569654464722, 6.165465947560733e-06], [6.159434178698575e-06, 6.222383944987087e-06, 6.184397079778137e-06, 6.188108272908721e-06, 6.205647878232412e-06, 6.167769697640324e-06, 6.182457127579255e-06, 0.9999567270278931]], "mean_depth_distance": 0.05216433107852936}
{"kind": "key", "receiver_layer": 19, "sender_layers": [12, 13, 14, 15, 16, 17], "layer_weights": [0.14609432220458984, 0.16325826942920685, 0.18266546726226807, 0.18984265625476837, 0.16883665323257446, 0.149302676320076], "head_mapping": [[0.9999566078186035, 6.18327021584264e-06, 6.1938462749822065e-06, 6.200861662364332e-06, 6.175444468681235e-06, 6.19397633272456e-06, 6.185245638334891e-06, 6.17590376350563e-06], [6.182397555676289e-06, 0.9999566078186035, 6.1962214203958865e-06, 6.2185390561353415e-06, 6.199779363669222e-06, 6.191589818627108e-06, 6.202688837220194e-06, 6.177871455292916e-06], [6.20155333308503e-06, 6.221249350346625e-06, 0.9999566078186035, 6.163500074762851e-06, 6.202334134286502e-06, 6.180687705636956e-06, 6.2100757531879935e-06, 6.213227152329637e-06], [6.204002602316905e-06, 6.182385732245166e-06, 6.174372174427845e-06, 0.9999566078186035, 6.18476815361646e-06, 6.208500963111874e-06, 6.1794912653567735e-06, 6.201234100444708e-06], [6.189406576595502e-06, 6.163195394037757e-06, 6.1909063333587255e-06, 6.187765393406153e-06, 0.9999567270278931, 6.182645847729873e-06, 6.164182650536532e-06, 6.197652055561775e-06], [6.138115622889018e-06, 6.137424861663021e-06, 6.136851425253553e-06, 6.142038728285115e-06, 6.142319762147963e-06, 0.9999570846557617, 6.14630425843643e-06, 6.159107670100639e-06], [6.1440523495548405e-06, 6.157309144327883e-06, 6.171418135636486e-06, 6.170441338326782e-06, 6.1815139815735165e-06, 6.180170657898998e-06, 0.9999568462371826, 6.163230864331126e-06], [6.129118446551729e-06, 6.142307483969489e-06, 6.131597274361411e-06, 6.142032361822203e-06, 6.1477812778321095e-06, 6.150748504296644e-06, 6.15358840150293e-06, 0.9999569654464722]], "mean_depth_distance": 0.05260667949914932}
{"kind": "key", "receiver_layer": 20, "sender_layers": [13, 14, 15, 16, 17, 18], "layer_weights": [0.14921201765537262, 0.1673312932252884, 0.1876174658536911, 0.1836143136024475, 0.1646401584148407, 0.1475847363471985], "head_mapping": [[0.9999567270278931, 6.159258191473782e-06, 6.170752840262139e-06, 6.165487775433576e-06, 6.169340394990286e-06, 6.1650644056499004e-06, 6.169581411086256e-06, 6.1546784309030045e-06], [6.194980414875317e-06, 0.9999566078186035, 6.2198491832532454e-06, 6.202623808349017e-06, 6.194212801347021e-06, 6.181748631206574e-06, 6.181194748933194e-06, 6.190704425534932e-06], [6.206405487318989e-06, 6.1905861912237015e-06, 0.9999566078186035, 6.218017006176524e-06, 6.2211784097598866e-06, 6.195582955115242e-06, 6.222145202627871e-06, 6.2337153394764755e-06], [6.191584361658897e-06, 6.185605798236793e-06, 6.197781658556778e-06, 0.9999566078186035, 6.212735115695978e-06, 6.178230250952765e-06, 6.1991172515263315e-06, 6.189080977492267e-06], [6.155477421998512e-06, 6.128428140073083e-06, 6.144381131889531e-06, 6.144346116343513e-06, 0.9999568462371826, 6.182198376336601e-06, 6.161350484035211e-06, 6.162173121992964e-06], [6.162254976516124e-06, 6.17251271251007e-06, 6.185352503962349e-06, 6.178767307574162e-06, 6.157003099360736e-06, 0.9999567270278931, 6.170764663693262e-06, 6.168204890855122e-06], [6.168011168483645e-06, 6.172471330501139e-06, 6.16385341345449e-06, 6.199744802870555e-06, 6.175256203277968e-06, 6.160256816656329e-06, 0.9999567270278931, 6.1695582189713605e-06], [6.19635147813824e-06, 6.1872697187936865e-06, 6.202210443007061e-06, 6.203707016538829e-06, 6.192346063471632e-06, 6.193763965711696e-06, 6.174136615300085e-06, 0.9999566078186035]], "mean_depth_distance": 0.052776679396629333}
{"kind": "key", "receiver_layer": 21, "sender_layers": [14, 15, 16, 17, 18, 19], "layer_weights": [0.15327699482440948, 0.1714913696050644, 0.1917855590581894, 0.18008393049240112, 0.16015829145908356, 0.14320383965969086], "head_mapping": [[0.9999566078186035, 6.1885675677331164e-06, 6.1886794355814345e-06, 6.193527497089235e-06, 6.185334314068314e-06, 6.186632163007744e-06, 6.1872697187936865e-06, 6.1903620007797144e-06], [6.18468584434595e-06, 0.9999566078186035, 6.1819905567972455e-06, 6.187116468936438e-06, 6.187965936987894e-06, 6.182438482937869e-06, 6.183629920997191e-06, 6.181052867759718e-06], [6.190184649312869e-06, 6.19296042714268e-06, 0.9999566078186035, 6.190444310050225e-06, 6.189500254549785e-06, 6.196291906235274e-06, 6.187222425069194e-06, 6.1865848692832515e-06], [6.1783898672729265e-06, 6.184497124195332e-06, 6.177435807330767e-06, 0.9999567270278931, 6.183990535646444e-06, 6.179898718983168e-06, 6.182799097587122e-06, 6.182840479596052e-06], [6.1770938373229e-06, 6.174820100568468e-06, 6.1699465732090175e-06, 6.1728305809083395e-06, 0.9999567270278931, 6.172006123961182e-06, 6.1802525124221575e-06, 6.1783134697179776e-06], [6.1775890571880154e-06, 6.177953764563426e-06, 6.1825753618904855e-06, 6.178596322570229e-06, 6.183648110891227e-06, 0.9999567270278931, 6.18137210040004e-06, 6.18994954493246e-06], [6.179573574627284e-06, 6.187304734339705e-06, 6.190090516611235e-06, 6.181943263072753e-06, 6.180369382491335e-06, 6.188166480569635e-06, 0.9999566078186035, 6.1775886024406645e-06], [6.176446277095238e-06, 6.174213467602385e-06, 6.184002359077567e-06, 6.187671260704519e-06, 6.184397079778137e-06, 6.178555395308649e-06, 6.181142452987842e-06, 0.9999567270278931]], "mean_depth_distance": 0.05239551514387131}
