{"kind": "key", "receiver_layer": 0, "sender_layers": [0, 1, 2, 3, 4, 5], "layer_weights": [0.20795798301696777, 0.1879837065935135, 0.17181909084320068, 0.1570882648229599, 0.14436109364032745, 0.13078990578651428], "head_mapping": [[0.9999568462371826, 6.15774388279533e-06, 6.169329481053865e-06, 6.164912520034704e-06, 6.167594165162882e-06, 6.170329470478464e-06, 6.166617822600529e-06, 6.159071290312568e-06], [6.180005129863275e-06, 0.9999567270278931, 6.177918749017408e-06, 6.175297130539548e-06, 6.1798159549653064e-06, 6.16711122347624e-06, 6.180405762279406e-06, 6.177624072734034e-06], [6.1905861912237015e-06, 6.182433025969658e-06, 0.9999566078186035, 6.1852870203438215e-06, 6.198443770699669e-06, 6.186880000313977e-06, 6.181282969919266e-06, 6.187930921441875e-06], [6.197344191605225e-06, 6.204860255820677e-06, 6.198414212121861e-06, 0.9999566078186035, 6.2039316617301665e-06, 6.18991361989174e-06, 6.191719876369461e-06, 6.190497515490279e-06], [6.1743844526063185e-06, 6.1678756537730806e-06, 6.174843747430714e-06, 6.16895795246819e-06, 0.9999567270278931, 6.164464593894081e-06, 6.179810497997096e-06, 6.1675873439526185e-06], [6.199519248184515e-06, 6.210644187376602e-06, 6.200270036060829e-06, 6.211354957486037e-06, 6.2044045989750884e-06, 0.9999566078186035, 6.20421542407712e-06, 6.194490197231062e-06], [6.22180095888325e-06, 6.214719633135246e-06, 6.21332128503127e-06, 6.2172211983124726e-06, 6.214103450474795e-06, 6.214684617589228e-06, 0.999956488609314, 6.218478574737674e-06], [6.206215857673669e-06, 6.204895726114046e-06, 6.207926617207704e-06, 6.206405487318989e-06, 6.205553290783428e-06, 6.194519755808869e-06, 6.210034371179063e-06, 0.9999566078186035]], "mean_depth_distance": 0.06383658945560455}
{"kind": "key", "receiver_layer": 1, "sender_layers": [0, 1, 2, 3, 4, 5], "layer_weights": [0.1779502034187317, 0.19686442613601685, 0.17686569690704346, 0.16327200829982758, 0.14900802075862885, 0.13603967428207397], "head_mapping": [[0.999956488609314, 6.2160238485375885e-06, 6.212812422745628e-06, 6.210703304532217e-06, 6.212391326698707e-06, 6.2178382904676255e-06, 6.219415809027851e-06, 6.223118361958768e-06], [6.1857122091169e-06, 0.9999566078186035, 6.187541202962166e-06, 6.184697213029722e-06, 6.185605798236793e-06, 6.187588041939307e-06, 6.1868149714428e-06, 6.184054655022919e-06], [6.220709110493772e-06, 6.222738193173427e-06, 0.999956488609314, 6.2209342104324605e-06, 6.21854360360885e-06, 6.219569968379801e-06, 6.218822818482295e-06, 6.214897439349443e-06], [6.218278031155933e-06, 6.224756816664012e-06, 6.208927061379654e-06, 0.9999566078186035, 6.2106087170832325e-06, 6.212836524355225e-06, 6.210857463884167e-06, 6.2160720517567825e-06], [6.212148946360685e-06, 6.205269073689124e-06, 6.21289518676349e-06, 6.208903414517408e-06, 0.9999566078186035, 6.211829258973012e-06, 6.207459136930993e-06, 6.216190740815364e-06], [6.1896889747004025e-06, 6.191542979649967e-06, 6.188885890878737e-06, 6.186549853737233e-06, 6.193367426021723e-06, 0.9999566078186035, 6.188361112435814e-06, 6.19685943092918e-06], [6.201991254783934e-06, 6.204298642842332e-06, 6.204611963767093e-06, 6.198686151037691e-06, 6.203801149240462e-06, 6.205464160302654e-06, 0.9999566078186035, 6.200074949447298e-06], [6.1969722082722e-06, 6.19903448750847e-06, 6.199123163241893e-06, 6.203576958796475e-06, 6.2008198256080505e-06, 6.1984083004062995e-06, 6.19829052084242e-06, 0.9999566078186035]], "mean_depth_distance": 0.04778693616390228}
{"kind": "key", "receiver_layer": 2, "sender_layers": [0, 1, 2, 3, 4, 5], "layer_weights": [0.157253235578537, 0.17272239923477173, 0.196237713098526, 0.17299343645572662, 0.1585060954093933, 0.14228706061840057], "head_mapping": [[0.9999566078186035, 6.190060958033428e-06, 6.193492026795866e-06, 6.1981718317838386e-06, 6.194224170030793e-06, 6.194129582581809e-06, 6.1950399867782835e-06, 6.194312845764216e-06], [6.199069957801839e-06, 0.9999566078186035, 6.199128620210104e-06, 6.20046557742171e-06, 6.200051302585052e-06, 6.200021744007245e-06, 6.198674327606568e-06, 6.198822120495606e-06], [6.20190212430316e-06, 6.203671091498109e-06, 0.9999566078186035, 6.202227723406395e-06, 6.204310466273455e-06, 6.202623808349017e-06, 6.204191777214874e-06, 6.204594228620408e-06], [6.189429313963046e-06, 6.188969109643949e-06, 6.1868918237451e-06, 0.9999566078186035, 6.187004146340769e-06, 6.185015990922693e-06, 6.1874816310591996e-06, 6.186042355693644e-06], [6.200181815074757e-06, 6.199749805091415e-06, 6.200914867804386e-06, 6.200950338097755e-06, 0.9999566078186035, 6.202044460223988e-06, 6.20247647020733e-06, 6.202452823345084e-06], [6.183388904901221e-06, 6.182881861604983e-06, 6.182515789987519e-06, 6.182964625622844e-06, 6.18307012700825e-06, 0.9999567270278931, 6.184031917655375e-06, 6.183371169754537e-06], [6.197095899551641e-06, 6.1966702560312115e-06, 6.196907179401023e-06, 6.199708423082484e-06, 6.199318249855423e-06, 6.1993418967176694e-06, 0.9999566078186035, 6.196014510351233e-06], [6.216237579792505e-06, 6.214927452674601e-06, 6.21526532995631e-06, 6.213546384969959e-06, 6.2169488046492916e-06, 6.215063422132516e-06, 6.2139970395946875e-06, 0.999956488609314]], "mean_depth_distance": 0.04011702165007591}
{"kind": "key", "receiver_layer": 3, "sender_layers": [0, 1, 2, 3, 4, 5], "layer_weights": [0.14493757486343384, 0.15869392454624176, 0.1722605675458908, 0.19560320675373077, 0.1718115657567978, 0.15669317543506622], "head_mapping": [[0.9999566078186035, 6.194460638653254e-06, 6.192386990733212e-06, 6.193875833560014e-06, 6.203505563462386e-06, 6.199672952789115e-06, 6.199578820087481e-06, 6.1903856476419605e-06], [6.192735781951342e-06, 0.9999566078186035, 6.1931732489028946e-06, 6.193066838022787e-06, 6.1922160057292785e-06, 6.196168214955833e-06, 6.191342436068226e-06, 6.193302397150546e-06], [6.210845640453044e-06, 6.2120066104398575e-06, 0.9999566078186035, 6.2100639297568705e-06, 6.209720595506951e-06, 6.2089866332826205e-06, 6.20656510363915e-06, 6.2071158026810735e-06], [6.2118465393723454e-06, 6.216066140041221e-06, 6.210407718754141e-06, 0.9999566078186035, 6.210193987499224e-06, 6.210786068550078e-06, 6.206108992046211e-06, 6.212291282281512e-06], [6.197521543072071e-06, 6.195205060066655e-06, 6.1894056671008e-06, 6.194944944581948e-06, 0.9999566078186035, 6.1912946875963826e-06, 6.195831247168826e-06, 6.193887656991137e-06], [6.183518962643575e-06, 6.183719051477965e-06, 6.1834007283323444e-06, 6.179533102113055e-06, 6.1819382608518936e-06, 0.9999567270278931, 6.1810774241166655e-06, 6.180983746162383e-06], [6.188449333421886e-06, 6.185370239109034e-06, 6.188797669892665e-06, 6.1890159486210905e-06, 6.191188731463626e-06, 6.189812665979844e-06, 0.9999566078186035, 6.193072294990998e-06], [6.201766609592596e-06, 6.203925750014605e-06, 6.204487817740301e-06, 6.2018611970415805e-06, 6.204315923241666e-06, 6.195701189426472e-06, 6.200973984960001e-06, 0.9999566078186035]], "mean_depth_distance": 0.040275972336530685}
{"kind": "key", "receiver_layer": 4, "sender_layers": [1, 2, 3, 4, 5, 6], "layer_weights": [0.144923135638237, 0.1581384539604187, 0.17266982793807983, 0.19313263893127441, 0.17240215837955475, 0.15873384475708008], "head_mapping": [[0.9999566078186035, 6.2031149354879744e-06, 6.207310889294604e-06, 6.201577434694627e-06, 6.2057542891125195e-06, 6.211959771462716e-06, 6.204168585099978e-06, 6.211799245647853e-06], [6.20744731349987e-06, 0.9999566078186035, 6.211615527718095e-06, 6.21224398855702e-06, 6.212065727595473e-06, 6.205186309671262e-06, 6.202949407452252e-06, 6.212273092387477e-06], [6.175173894007457e-06, 6.1739838201901875e-06, 0.9999567270278931, 6.16967599853524e-06, 6.17653995504952e-06, 6.171370841911994e-06, 6.171464974613627e-06, 6.178431249281857e-06], [6.173584097268758e-06, 6.1760629250784405e-06, 6.177318027766887e-06, 0.9999567270278931, 6.174755526444642e-06, 6.175656380946748e-06, 6.167040282889502e-06, 6.175079306558473e-06], [6.183683126437245e-06, 6.18461444901186e-06, 6.189086889207829e-06, 6.190917247295147e-06, 0.9999566078186035, 6.1868331613368355e-06, 6.188921815919457e-06, 6.179243882797891e-06], [6.1783780438418034e-06, 6.18307012700825e-06, 6.179557203722652e-06, 6.1819382608518936e-06, 6.178248440846801e-06, 0.9999567270278931, 6.180535365274409e-06, 6.185635811561951e-06], [6.182804099807981e-06, 6.186939572216943e-06, 6.189523901412031e-06, 6.186761766002746e-06, 6.192121418280294e-06, 6.19120601186296e-06, 0.9999566078186035, 6.1818786889489274e-06], [6.194212801347021e-06, 6.192783075675834e-06, 6.189246050780639e-06, 6.195317382662324e-06, 6.194496108946623e-06, 6.201293672347674e-06, 6.194277830218198e-06, 0.9999566078186035]], "mean_depth_distance": 0.04038817435503006}
{"kind": "key", "receiver_layer": 5, "sender_layers": [3, 4, 5, 6, 7, 8], "layer_weights": [0.15843519568443298, 0.17321762442588806, 0.19127747416496277, 0.17202110588550568, 0.15899837017059326, 0.14605018496513367], "head_mapping": [[0.9999566078186035, 6.19736192675191e-06, 6.190562544361455e-06, 6.1888154050393496e-06, 6.1868918237451e-06, 6.1940945670357905e-06, 6.200223197083687e-06, 6.194956768013071e-06], [6.1708760767942294e-06, 0.9999567270278931, 6.18547073827358e-06, 6.1790146901330445e-06, 6.1825871853216086e-06, 6.1765636019117665e-06, 6.168858362798346e-06, 6.164746991998982e-06], [6.177659543027403e-06, 6.1869573073636275e-06, 0.9999567270278931, 6.178024705150165e-06, 6.171836048451951e-06, 6.18345984548796e-06, 6.176675924507435e-06, 6.1852761064074e-06], [6.191537067934405e-06, 6.183482128108153e-06, 6.189724444993772e-06, 0.9999566078186035, 6.181996468512807e-06, 6.185653091961285e-06, 6.194247816893039e-06, 6.191200554894749e-06], [6.182621291372925e-06, 6.195565674715908e-06, 6.185676738823531e-06, 6.188780389493331e-06, 0.9999566078186035, 6.173565907374723e-06, 6.183977802720619e-06, 6.1873815866420045e-06], [6.171924269438023e-06, 6.179521278681932e-06, 6.18160811427515e-06, 6.18219792158925e-06, 6.1800637922715396e-06, 0.9999567270278931, 6.179934189276537e-06, 6.181254775583511e-06], [6.191424745338736e-06, 6.188472980284132e-06, 6.201423730090028e-06, 6.195051355462056e-06, 6.2013523347559385e-06, 6.190887688717339e-06, 0.9999566078186035, 6.1966939028934576e-06], [6.1947916947246995e-06, 6.213387223397149e-06, 6.19553566139075e-06, 6.194059096742421e-06, 6.196291906235274e-06, 6.208459126355592e-06, 6.1990049289306626e-06, 0.9999566078186035]], "mean_depth_distance": 0.040521614253520966}
{"kind": "key", "receiver_layer": 6, "sender_layers": [3, 4, 5, 6, 7, 8], "layer_weights": [0.14501959085464478, 0.15847811102867126, 0.1719176471233368, 0.19530446827411652, 0.17156656086444855, 0.15771368145942688], "head_mapping": [[0.9999566078186035, 6.197155471454607e-06, 6.200211373652564e-06, 6.199259132699808e-06, 6.2001104197406676e-06, 6.2067838371149264e-06, 6.204511464602547e-06, 6.199909421411576e-06], [6.1894643295090646e-06, 0.9999566078186035, 6.187116468936438e-06, 6.187146027514245e-06, 6.183423465699889e-06, 6.1890041251899675e-06, 6.18834383203648e-06, 6.1868213379057124e-06], [6.191117790876888e-06, 6.194626166688977e-06, 0.9999566078186035, 6.191354259499349e-06, 6.194283287186408e-06, 6.195335117809009e-06, 6.194165507622529e-06, 6.192618002387462e-06], [6.1916312006360386e-06, 6.195795776875457e-06, 6.190172825881746e-06, 0.9999566078186035, 6.194626166688977e-06, 6.190220574353589e-06, 6.193350145622389e-06, 6.19498678133823e-06], [6.175880571390735e-06, 6.179557203722652e-06, 6.176351689646253e-06, 6.180747732287273e-06, 0.9999567270278931, 6.176757779030595e-06, 6.1806649682694115e-06, 6.1769997046212666e-06], [6.175756425363943e-06, 6.177223440317903e-06, 6.176834631332895e-06, 6.175945600261912e-06, 6.177441264298977e-06, 0.9999567270278931, 6.1757746152579784e-06, 6.173425390443299e-06], [6.187659437273396e-06, 6.179720912768971e-06, 6.194980414875317e-06, 6.1852870203438215e-06, 6.186348855408141e-06, 6.187151484482456e-06, 0.9999566078186035, 6.184272933751345e-06], [6.198089067765977e-06, 6.202251370268641e-06, 6.197769835125655e-06, 6.20197897660546e-06, 6.207707883731928e-06, 6.1993064264243e-06, 6.207701517269015e-06, 0.9999566078186035]], "mean_depth_distance": 0.04031218960881233}
{"kind": "key", "receiver_layer": 7, "sender_layers": [4, 5, 6, 7, 8, 9], "layer_weights": [0.14588269591331482, 0.15867243707180023, 0.1735766977071762, 0.1906687319278717, 0.17272445559501648, 0.15847502648830414], "head_mapping": [[0.9999567270278931, 6.17570367467124e-06, 6.186225618876051e-06, 6.177294380904641e-06, 6.170664619276067e-06, 6.169899279484525e-06, 6.17741170572117e-06, 6.157607913337415e-06], [6.231729457795154e-06, 0.999956488609314, 6.222643150977092e-06, 6.222738193173427e-06, 6.229596237972146e-06, 6.215081612026552e-06, 6.221955118235201e-06, 6.223522177606355e-06], [6.1679402278969064e-06, 6.145575298432959e-06, 0.9999567270278931, 6.175715952849714e-06, 6.170893811940914e-06, 6.1649880080949515e-06, 6.159234999358887e-06, 6.155593837320339e-06], [6.149849923531292e-06, 6.145423867565114e-06, 6.151264187792549e-06, 0.9999568462371826, 6.155477421998512e-06, 6.183595814945875e-06, 6.170988854137249e-06, 6.165735612739809e-06], [6.169569132907782e-06, 6.202807526278775e-06, 6.181996468512807e-06, 6.1721175370621495e-06, 0.9999566078186035, 6.1761511460645124e-06, 6.18779495198396e-06, 6.197852599143516e-06], [6.1963219195604324e-06, 6.178624971653335e-06, 6.206500074767973e-06, 6.201257747306954e-06, 6.1957489378983155e-06, 0.9999566078186035, 6.194673460413469e-06, 6.192310138430912e-06], [6.1931973505124915e-06, 6.191390184540069e-06, 6.182823199196719e-06, 6.189666237332858e-06, 6.164641035866225e-06, 6.182162451295881e-06, 0.9999567270278931, 6.162572390167043e-06], [6.19798265688587e-06, 6.1750492932333145e-06, 6.20027594777639e-06, 6.206227681104792e-06, 6.201056748977862e-06, 6.2070680542092305e-06, 6.184992344060447e-06, 0.9999566078186035]], "mean_depth_distance": 0.04052126407623291}
{"kind": "key", "receiver_layer": 8, "sender_layers": [6, 7, 8, 9, 10, 11], "layer_weights": [0.1595783531665802, 0.17066463828086853, 0.19833318889141083, 0.16945239901542664, 0.15832634270191193, 0.14364507794380188], "head_mapping": [[0.9999566078186035, 6.186325208545895e-06, 6.187316557770828e-06, 6.1812775129510555e-06, 6.1938344515510835e-06, 6.191814463818446e-06, 6.187470262375427e-06, 6.190302883624099e-06], [6.172436314955121e-06, 0.9999567270278931, 6.1722535065200645e-06, 6.171971108415164e-06, 6.1708879002253525e-06, 6.170664619276067e-06, 6.172895155032165e-06, 6.176175247674109e-06], [6.207127626112197e-06, 6.20714490651153e-06, 0.9999566078186035, 6.210501851455774e-06, 6.20737046119757e-06, 6.204647888807813e-06, 6.212605512700975e-06, 6.203700650075916e-06], [6.186573500599479e-06, 6.183883215271635e-06, 6.188626684888732e-06, 0.9999566078186035, 6.185700385685777e-06, 6.185676738823531e-06, 6.188809493323788e-06, 6.1881310102762654e-06], [6.18744070379762e-06, 6.185410711623263e-06, 6.1873815866420045e-06, 6.187470262375427e-06, 0.9999566078186035, 6.185546681081178e-06, 6.191448392200982e-06, 6.189500254549785e-06], [6.190503881953191e-06, 6.190545263962122e-06, 6.188001407281263e-06, 6.1964697124494705e-06, 6.193940862431191e-06, 0.9999566078186035, 6.195530204422539e-06, 6.192936780280434e-06], [6.1929013099870645e-06, 6.194519755808869e-06, 6.194661636982346e-06, 6.191920874698553e-06, 6.192369710333878e-06, 6.193296940182336e-06, 0.9999566078186035, 6.202546956046717e-06], [6.198219125508331e-06, 6.20070159129682e-06, 6.193503850226989e-06, 6.199389190442162e-06, 6.1957371144671924e-06, 6.199732524692081e-06, 6.19685943092918e-06, 0.9999566078186035]], "mean_depth_distance": 0.04019605368375778}
{"kind": "key", "receiver_layer": 9, "sender_layers": [6, 7, 8, 9, 10, 11], "layer_weights": [0.14527618885040283, 0.1576286256313324, 0.17316485941410065, 0.19414709508419037, 0.17272987961769104, 0.15705335140228271], "head_mapping": [[0.9999566078186035, 6.194685283844592e-06, 6.199743893375853e-06, 6.1964337874087505e-06, 6.198006303748116e-06, 6.190550720930332e-06, 6.193101853568805e-06, 6.1955124692758545e-06], [6.184391622809926e-06, 0.9999567270278931, 6.178177955007413e-06, 6.1848863879276905e-06, 6.180346645123791e-06, 6.179698630148778e-06, 6.180181571835419e-06, 6.182310244184919e-06], [6.171082077344181e-06, 6.170723281684332e-06, 0.9999567270278931, 6.1714767980447505e-06, 6.176675924507435e-06, 6.17151226833812e-06, 6.170652795844944e-06, 6.1653645389014855e-06], [6.2261215134640224e-06, 6.2282479120767675e-06, 6.22475590716931e-06, 0.999956488609314, 6.220234809006797e-06, 6.220685463631526e-06, 6.222156571311643e-06, 6.215964731381973e-06], [6.198502887855284e-06, 6.1915311562188435e-06, 6.191489774209913e-06, 6.198130449774908e-06, 0.9999566078186035, 6.199495601322269e-06, 6.191542979649967e-06, 6.199412837304408e-06], [6.201494215929415e-06, 6.1915311562188435e-06, 6.201943961059442e-06, 6.19794172962429e-06, 6.192753517098026e-06, 0.9999566078186035, 6.197947186592501e-06, 6.191407464939402e-06], [6.180193395266542e-06, 6.178779131005285e-06, 6.1893360907561146e-06, 6.179462616273668e-06, 6.183141522342339e-06, 6.183117875480093e-06, 0.9999567270278931, 6.192240562086226e-06], [6.181307526276214e-06, 6.177058367029531e-06, 6.184591711644316e-06, 6.181690878293011e-06, 6.173666406539269e-06, 6.18330614088336e-06, 6.184238372952677e-06, 0.9999567270278931]], "mean_depth_distance": 0.040316782891750336}
{"kind": "key", "receiver_layer": 10, "sender_layers": [7, 8, 9, 10, 11, 12], "layer_weights": [0.14507240056991577, 0.1589234173297882, 0.1720704287290573, 0.19166524708271027, 0.17295509576797485, 0.15931336581707], "head_mapping": [[0.9999567270278931, 6.188509360072203e-06, 6.1881669353169855e-06, 6.182787274155999e-06, 6.179792762850411e-06, 6.186709924804745e-06, 6.184809990372742e-06, 6.17502655586577e-06], [6.170746928546578e-06, 0.9999568462371826, 6.163119451230159e-06, 6.157826192065841e-06, 6.1684645515924785e-06, 6.164877049741335e-06, 6.166829734866042e-06, 6.149562977952883e-06], [6.176680926728295e-06, 6.1857235778006725e-06, 0.9999566078186035, 6.18031026533572e-06, 6.183305231388658e-06, 6.1811415434931405e-06, 6.183140612847637e-06, 6.190704425534932e-06], [6.143419795989757e-06, 6.158672022138489e-06, 6.167693754832726e-06, 0.9999568462371826, 6.151158231659792e-06, 6.169882908579893e-06, 6.167029368953081e-06, 6.145933639345458e-06], [6.201269570738077e-06, 6.2028902902966365e-06, 6.205387308000354e-06, 6.195677542564226e-06, 0.9999566078186035, 6.1917908169562e-06, 6.1944842855155e-06, 6.193869467097102e-06], [6.21983099335921e-06, 6.209252205735538e-06, 6.202759777806932e-06, 6.218051566975191e-06, 6.221142029971816e-06, 0.999956488609314, 6.225860488484614e-06, 6.215893336047884e-06], [6.196115009515779e-06, 6.201210453582462e-06, 6.198939900059486e-06, 6.191814463818446e-06, 6.193332410475705e-06, 6.192606178956339e-06, 0.9999566078186035, 6.1965820350451395e-06], [6.189842679305002e-06, 6.186130576679716e-06, 6.190302883624099e-06, 6.190114163473481e-06, 6.183683126437245e-06, 6.17784780843067e-06, 6.192487944645109e-06, 0.9999566078186035]], "mean_depth_distance": 0.04047761112451553}
{"kind": "key", "receiver_layer": 11, "sender_layers": [9, 10, 11, 12, 13, 14], "layer_weights": [0.15739093720912933, 0.17231576144695282, 0.1939428448677063, 0.1733526587486267, 0.15769265592098236, 0.14530512690544128], "head_mapping": [[0.9999566078186035, 6.205884346854873e-06, 6.218171165528474e-06, 6.208246304595377e-06, 6.196298272698186e-06, 6.19988577454933e-06, 6.2000985963095445e-06, 6.208038939803373e-06], [6.176493116072379e-06, 0.9999567270278931, 6.180370291986037e-06, 6.1777009250363335e-06, 6.176569513627328e-06, 6.174449026730144e-06, 6.172547728056088e-06, 6.181950084283017e-06], [6.180728632898536e-06, 6.201210453582462e-06, 0.9999566078186035, 6.1922160057292785e-06, 6.186390237417072e-06, 6.199164545250824e-06, 6.182232027640566e-06, 6.183116965985391e-06], [6.1986565924598835e-06, 6.196168214955833e-06, 6.1897126215626486e-06, 0.9999566078186035, 6.194626166688977e-06, 6.1959731283423025e-06, 6.189523901412031e-06, 6.204109013197012e-06], [6.157162715680897e-06, 6.156005838420242e-06, 6.167140782054048e-06, 6.161861620057607e-06, 0.9999568462371826, 6.157039479148807e-06, 6.152425612526713e-06, 6.1540217757283244e-06], [6.201606538525084e-06, 6.196823960635811e-06, 6.187299277371494e-06, 6.1959849517734256e-06, 6.196705726324581e-06, 0.9999566078186035, 6.197232323756907e-06, 6.195394234964624e-06], [6.193350145622389e-06, 6.186154678289313e-06, 6.195778041728772e-06, 6.186880000313977e-06, 6.196091362653533e-06, 6.1827277022530325e-06, 0.9999566078186035, 6.192618002387462e-06], [6.162637419038219e-06, 6.171135282784235e-06, 6.169752396090189e-06, 6.171105724206427e-06, 6.1712762544630095e-06, 6.167569608805934e-06, 6.167928404465783e-06, 0.9999567270278931]], "mean_depth_distance": 0.04033574089407921}
{"kind": "key", "receiver_layer": 12, "sender_layers": [10, 11, 12, 13, 14, 15], "layer_weights": [0.15846498310565948, 0.17289599776268005, 0.1933695524930954, 0.17200733721256256, 0.15833605825901031, 0.14492611587047577], "head_mapping": [[0.9999568462371826, 6.152225978439674e-06, 6.164524165797047e-06, 6.174715053930413e-06, 6.1736554926028475e-06, 6.1720775192952715e-06, 6.155183655209839e-06, 6.167758783703903e-06], [6.198089067765977e-06, 0.9999566078186035, 6.202499662322225e-06, 6.203434622875648e-06, 6.2021213125262875e-06, 6.199897597980453e-06, 6.190338808664819e-06, 6.196291906235274e-06], [6.191696229507215e-06, 6.2028902902966365e-06, 0.9999566078186035, 6.1784421632182784e-06, 6.1769519561494235e-06, 6.199288691277616e-06, 6.179343927215086e-06, 6.190987733134534e-06], [6.191141437739134e-06, 6.1687333072768524e-06, 6.1984846979612485e-06, 0.9999566078186035, 6.202665190357948e-06, 6.184261110320222e-06, 6.194803063408472e-06, 6.1948799157107715e-06], [6.193190529302228e-06, 6.187865892570699e-06, 6.1881310102762654e-06, 6.19724414718803e-06, 0.9999566078186035, 6.191838110680692e-06, 6.1991172515263315e-06, 6.194626166688977e-06], [6.1802525124221575e-06, 6.169734660943504e-06, 6.177871910040267e-06, 6.185181518958416e-06, 6.1787904996890575e-06, 0.9999567270278931, 6.177306204335764e-06, 6.182515789987519e-06], [6.191566171764862e-06, 6.19592583461781e-06, 6.188992301758844e-06, 6.195205060066655e-06, 6.19472029939061e-06, 6.19498678133823e-06, 0.9999566078186035, 6.188844963617157e-06], [6.2026538216741756e-06, 6.195630703587085e-06, 6.19650518274284e-06, 6.191690772539005e-06, 6.197627953952178e-06, 6.199933068273822e-06, 6.198556093295338e-06, 0.9999566078186035]], "mean_depth_distance": 0.04037953168153763}
{"kind": "key", "receiver_layer": 13, "sender_layers": [10, 11, 12, 13, 14, 15], "layer_weights": [0.14525994658470154, 0.15932855010032654, 0.17101913690567017, 0.19398413598537445, 0.1725427657365799, 0.1578654795885086], "head_mapping": [[0.9999566078186035, 6.198349183250684e-06, 6.207210390130058e-06, 6.209288585523609e-06, 6.2054937188804615e-06, 6.209566436155001e-06, 6.19374031884945e-06, 6.1918676692584995e-06], [6.175645012262976e-06, 0.9999567270278931, 6.174225291033508e-06, 6.191732609295286e-06, 6.17764771959628e-06, 6.188119641592493e-06, 6.181967819429701e-06, 6.179056072141975e-06], [6.156863037176663e-06, 6.152954028948443e-06, 0.9999568462371826, 6.159112672321498e-06, 6.162784302432556e-06, 6.166811999719357e-06, 6.160046268632868e-06, 6.155301434773719e-06], [6.160674729471793e-06, 6.169270363898249e-06, 6.159564236440929e-06, 0.9999568462371826, 6.173078418214573e-06, 6.15863655184512e-06, 6.165112608869094e-06, 6.161708824947709e-06], [6.179561751196161e-06, 6.181524440762587e-06, 6.17395426161238e-06, 6.188478891999694e-06, 0.9999566078186035, 6.194200977915898e-06, 6.18177227806882e-06, 6.199483777891146e-06], [6.200512416398851e-06, 6.196729827934178e-06, 6.205647423485061e-06, 6.187340204633074e-06, 6.201695214258507e-06, 0.9999566078186035, 6.1998384808248375e-06, 6.201973519637249e-06], [6.201802079885965e-06, 6.204996680025943e-06, 6.207719707163051e-06, 6.203682914929232e-06, 6.196741651365301e-06, 6.212202151800739e-06, 0.9999566078186035, 6.199087692948524e-06], [6.187965936987894e-06, 6.194425168359885e-06, 6.198343271535123e-06, 6.18854392087087e-06, 6.192865384946344e-06, 6.196800313773565e-06, 6.192735781951342e-06, 0.9999566078186035]], "mean_depth_distance": 0.040392275899648666}
{"kind": "key", "receiver_layer": 14, "sender_layers": [11, 12, 13, 14, 15, 16], "layer_weights": [0.1456221491098404, 0.1580650359392166, 0.17261305451393127, 0.19206896424293518, 0.1723446249961853, 0.15928618609905243], "head_mapping": [[0.9999567270278931, 6.174914688017452e-06, 6.1855471358285286e-06, 6.153187314339448e-06, 6.184143785503693e-06, 6.156357358122477e-06, 6.152548394311452e-06, 6.172306711960118e-06], [6.2008675740798935e-06, 0.9999566078186035, 6.200985353643773e-06, 6.197581114975037e-06, 6.200288225954864e-06, 6.188685347296996e-06, 6.193231911311159e-06, 6.189311079651816e-06], [6.167641004140023e-06, 6.164918431750266e-06, 0.9999568462371826, 6.186421160236932e-06, 6.1547143559437245e-06, 6.1801119954907335e-06, 6.1847104007028975e-06, 6.165947525005322e-06], [6.1590762925334275e-06, 6.175939233798999e-06, 6.175350335979601e-06, 0.9999567270278931, 6.177965587994549e-06, 6.179910542414291e-06, 6.158835276437458e-06, 6.161549663374899e-06], [6.200028110470157e-06, 6.1884670685685705e-06, 6.171275344968308e-06, 6.195494279381819e-06, 0.9999566078186035, 6.176109764055582e-06, 6.1775408539688215e-06, 6.175655926199397e-06], [6.149798082333291e-06, 6.151969046186423e-06, 6.150730769149959e-06, 6.155043593025766e-06, 6.144211965875002e-06, 0.9999569654464722, 6.144334747659741e-06, 6.149123692011926e-06], [6.1889518292446155e-06, 6.179003321449272e-06, 6.1981363614904694e-06, 6.174337613629177e-06, 6.181396202009637e-06, 6.1773766901751515e-06, 0.9999567270278931, 6.185588517837459e-06], [6.1953883232490625e-06, 6.190680778672686e-06, 6.1814421314920764e-06, 6.182350261951797e-06, 6.193533408804797e-06, 6.187965936987894e-06, 6.185275651660049e-06, 0.9999566078186035]], "mean_depth_distance": 0.04047218710184097}
{"kind": "key", "receiver_layer": 15, "sender_layers": [12, 13, 14, 15, 16, 17], "layer_weights": [0.14518173038959503, 0.15726162493228912, 0.1726691573858261, 0.19473040103912354, 0.17230503261089325, 0.15785202383995056], "head_mapping": [[0.9999566078186035, 6.190055046317866e-06, 6.184850917634321e-06, 6.192033197294222e-06, 6.179780029924586e-06, 6.194254183355952e-06, 6.196871709107654e-06, 6.184449375723489e-06], [6.198148639668943e-06, 0.9999566078186035, 6.199016752361786e-06, 6.2025178522162605e-06, 6.1935861594974995e-06, 6.214382665348239e-06, 6.20325135969324e-06, 6.207802016433561e-06], [6.184744506754214e-06, 6.188780389493331e-06, 0.9999566078186035, 6.181407115946058e-06, 6.183234745549271e-06, 6.185676738823531e-06, 6.186426162457792e-06, 6.1952523537911475e-06], [6.192936780280434e-06, 6.186136943142628e-06, 6.1834407460992225e-06, 0.9999566078186035, 6.182131983223371e-06, 6.186348855408141e-06, 6.1856353568146005e-06, 6.186478913150495e-06], [6.19514594291104e-06, 6.197237780725118e-06, 6.204298642842332e-06, 6.202387794473907e-06, 0.9999566078186035, 6.195813966769492e-06, 6.192086402734276e-06, 6.196191861818079e-06], [6.197509719640948e-06, 6.1885793911642395e-06, 6.189930900291074e-06, 6.1990936046640854e-06, 6.188962743181037e-06, 0.9999566078186035, 6.198266419232823e-06, 6.198242772370577e-06], [6.191164629854029e-06, 6.195571131684119e-06, 6.187434792082058e-06, 6.1936102611070964e-06, 6.200713869475294e-06, 6.197627953952178e-06, 0.9999566078186035, 6.19677712165867e-06], [6.183565801620716e-06, 6.178207513585221e-06, 6.177712293720106e-06, 6.180753644002834e-06, 6.1743962760374416e-06, 6.179321189847542e-06, 6.171029326651478e-06, 0.9999567270278931]], "mean_depth_distance": 0.040307048708200455}
{"kind": "key", "receiver_layer": 16, "sender_layers": [13, 14, 15, 16, 17, 18], "layer_weights": [0.1451404094696045, 0.1593015044927597, 0.1729522943496704, 0.19232557713985443, 0.17211362719535828, 0.1581665277481079], "head_mapping": [[0.9999566078186035, 6.178624971653335e-06, 6.1917794482724275e-06, 6.185045549500501e-06, 6.1891282712167595e-06, 6.1865084717283025e-06, 6.179885986057343e-06, 6.196203685249202e-06], [6.182257038744865e-06, 0.9999567270278931, 6.184980975376675e-06, 6.169629159558099e-06, 6.170941105665406e-06, 6.181513526826166e-06, 6.170511824166169e-06, 6.181690878293011e-06], [6.200914867804386e-06, 6.2001104197406676e-06, 0.9999566078186035, 6.203079465194605e-06, 6.206606485648081e-06, 6.204191777214874e-06, 6.207163096405566e-06, 6.210585070220986e-06], [6.1746086430503055e-06, 6.181443040986778e-06, 6.17343084741151e-06, 0.9999567270278931, 6.198071332619293e-06, 6.201181804499356e-06, 6.180605851113796e-06, 6.167522769828793e-06], [6.19296042714268e-06, 6.193296940182336e-06, 6.178295279823942e-06, 6.1840014495828655e-06, 0.9999566078186035, 6.197888069436885e-06, 6.1997143347980455e-06, 6.194862180564087e-06], [6.177147042762954e-06, 6.172806934046093e-06, 6.1782016018696595e-06, 6.188910901983036e-06, 6.177553132147295e-06, 0.9999567270278931, 6.185004622238921e-06, 6.182928700582124e-06], [6.179286174301524e-06, 6.175202997837914e-06, 6.177182058308972e-06, 6.181573098729132e-06, 6.170546839712188e-06, 6.183684035931947e-06, 0.9999567270278931, 6.170758751977701e-06], [6.174967893457506e-06, 6.185682650539093e-06, 6.173572273837635e-06, 6.1821388044336345e-06, 6.183589448482962e-06, 6.179780939419288e-06, 6.192287855810719e-06, 0.9999567270278931]], "mean_depth_distance": 0.04044065624475479}
{"kind": "key", "receiver_layer": 17, "sender_layers": [15, 16, 17, 18, 19, 20], "layer_weights": [0.15896327793598175, 0.1728178709745407, 0.1912473887205124, 0.17297323048114777, 0.1583757847547531, 0.1456223726272583], "head_mapping": [[0.9999566078186035, 6.197734819579637e-06, 6.165904778754339e-06, 6.209359526110347e-06, 6.209188086359063e-06, 6.176692750159418e-06, 6.207660135260085e-06, 6.205091267474927e-06], [6.166040293464903e-06, 0.9999567270278931, 6.171605946292402e-06, 6.174879217724083e-06, 6.167605079099303e-06, 6.1663699852942955e-06, 6.174148893478559e-06, 6.170500000735046e-06], [6.1602459027199075e-06, 6.168164873088244e-06, 0.9999568462371826, 6.163019406812964e-06, 6.154843504191376e-06, 6.159330041555222e-06, 6.14029204371036e-06, 6.147194199002115e-06], [6.2400554270425346e-06, 6.240495622478193e-06, 6.242495601327391e-06, 0.999956488609314, 6.224850949365646e-06, 6.210975698195398e-06, 6.236057288333541e-06, 6.219581791810924e-06], [6.154724815132795e-06, 6.199939434736734e-06, 6.178595413075527e-06, 6.186290192999877e-06, 0.9999566078186035, 6.182326615089551e-06, 6.176156603032723e-06, 6.169851531012682e-06], [6.158484666229924e-06, 6.1502205426222645e-06, 6.146537998574786e-06, 6.1326209106482565e-06, 6.138091521279421e-06, 0.9999569654464722, 6.144557573861675e-06, 6.139039669506019e-06], [6.1981359067431185e-06, 6.196291906235274e-06, 6.204842975421343e-06, 6.1981359067431185e-06, 6.193668923515361e-06, 6.187764938658802e-06, 0.9999566078186035, 6.196162757987622e-06], [6.1689115682384e-06, 6.1688529058301356e-06, 6.150214176159352e-06, 6.159611530165421e-06, 6.159059466881445e-06, 6.167923402244924e-06, 6.176281658554217e-06, 0.9999568462371826]], "mean_depth_distance": 0.04049532860517502}
{"kind": "key", "receiver_layer": 18, "sender_layers": [16, 17, 18, 19, 20, 21], "layer_weights": [0.15944667160511017, 0.17324891686439514, 0.18891198933124542, 0.17250725626945496, 0.15965603291988373, 0.1462290734052658], "head_mapping": [[0.9999566078186035, 6.200394182087621e-06, 6.188461156853009e-06, 6.204245437402278e-06, 6.1899254433228634e-06, 6.184997801028658e-06, 6.192511591507355e-06, 6.173918791319011e-06], [6.162407316878671e-06, 0.9999567270278931, 6.174337613629177e-06, 6.1742080106341746e-06, 6.173513611429371e-06, 6.176163424242986e-06, 6.177141131047392e-06, 6.174738246045308e-06], [6.189258783706464e-06, 6.175032467581332e-06, 0.9999567270278931, 6.184391622809926e-06, 6.193746685312362e-06, 6.17526757196174e-06, 6.1955247474543285e-06, 6.191797638166463e-06], [6.19140109847649e-06, 6.1714404182566795e-06, 6.187116468936438e-06, 0.9999566078186035, 6.1900491346023045e-06, 6.189995929162251e-06, 6.1867208387411665e-06, 6.189570740389172e-06], [6.204380952112842e-06, 6.179921456350712e-06, 6.194165507622529e-06, 6.19472029939061e-06, 0.9999566078186035, 6.208050763234496e-06, 6.202429176482838e-06, 6.209388629940804e-06], [6.198218216013629e-06, 6.221147941687377e-06, 6.21526532995631e-06, 6.227000540093286e-06, 6.204770670592552e-06, 0.999956488609314, 6.231397037481656e-06, 6.234939064597711e-06], [6.181337084854022e-06, 6.164617389003979e-06, 6.1858659137215e-06, 6.175986072776141e-06, 6.187636245158501e-06, 6.176958322612336e-06, 0.9999567270278931, 6.152401965664467e-06], [6.167311767057981e-06, 6.164983005874092e-06, 6.1675236793234944e-06, 6.168423624330899e-06, 6.1926248235977255e-06, 6.165029844851233e-06, 6.155665232654428e-06, 0.9999568462371826]], "mean_depth_distance": 0.040647126734256744}
{"kind": "key", "receiver_layer": 19, "sender_layers": [16, 17, 18, 19, 20, 21], "layer_weights": [0.1453860104084015, 0.15886497497558594, 0.17403793334960938, 0.1902761310338974, 0.17230398952960968, 0.15913091599941254], "head_mapping": [[0.9999566078186035, 6.18810781816137e-06, 6.196907179401023e-06, 6.1812775129510555e-06, 6.190397471073084e-06, 6.195335117809009e-06, 6.189547093526926e-06, 6.189830855873879e-06], [6.203789325809339e-06, 0.9999566078186035, 6.185275651660049e-06, 6.178577677928843e-06, 6.186372957017738e-06, 6.177952855068725e-06, 6.175291218823986e-06, 6.1755617934977636e-06], [6.168717845866922e-06, 6.157074494694825e-06, 0.9999568462371826, 6.189419309521327e-06, 6.154004495328991e-06, 6.156111794552999e-06, 6.177884188218741e-06, 6.147510703158332e-06], [6.183311597851571e-06, 6.191932698129676e-06, 6.182810466270894e-06, 0.9999566078186035, 6.1929249568493105e-06, 6.2065710153547116e-06, 6.1863966038799845e-06, 6.1998384808248375e-06], [6.165806553326547e-06, 6.15257795288926e-06, 6.166364983073436e-06, 6.171077075123321e-06, 0.9999568462371826, 6.1790628933522385e-06, 6.157544248708291e-06, 6.1722539612674154e-06], [6.185517577250721e-06, 6.191059583215974e-06, 6.168846539367223e-06, 6.16227862337837e-06, 6.17550358583685e-06, 0.9999567270278931, 6.186137397889979e-06, 6.197332822921453e-06], [6.161327746667666e-06, 6.142799975350499e-06, 6.148314696474699e-06, 6.126295829744777e-06, 6.162856152513996e-06, 6.165066224639304e-06, 0.9999569654464722, 6.163332272990374e-06], [6.186903647176223e-06, 6.187894996401155e-06, 6.1815539993403945e-06, 6.185788606671849e-06, 6.186709470057394e-06, 6.188638508319855e-06, 6.203630164236529e-06, 0.9999566078186035]], "mean_depth_distance": 0.04052835330367088}
{"kind": "key", "receiver_layer": 20, "sender_layers": [18, 19, 20, 21, 22, 23], "layer_weights": [0.15899449586868286, 0.1730460822582245, 0.1922864019870758, 0.1729489117860794, 0.15754370391368866, 0.14518046379089355], "head_mapping": [[0.9999566078186035, 6.185263828228926e-06, 6.193615718075307e-06, 6.19108823229908e-06, 6.20455921307439e-06, 6.213820142875193e-06, 6.206357738847146e-06, 6.18268040852854e-06], [6.1753617046633735e-06, 0.9999566078186035, 6.193326498760143e-06, 6.181159278639825e-06, 6.166463208501227e-06, 6.179850970511325e-06, 6.212848347786348e-06, 6.182633114804048e-06], [6.1547143559437245e-06, 6.158061296446249e-06, 0.9999568462371826, 6.155148639663821e-06, 6.1456703406292945e-06, 6.159429176477715e-06, 6.171029781398829e-06, 6.178107923915377e-06], [6.189972282300005e-06, 6.179603133205092e-06, 6.191076408867957e-06, 0.9999566078186035, 6.183428922668099e-06, 6.185900474520167e-06, 6.183458935993258e-06, 6.187688541103853e-06], [6.194851266627666e-06, 6.181655407999642e-06, 6.171605946292402e-06, 6.160856628412148e-06, 0.9999567270278931, 6.170152573758969e-06, 6.166052116896026e-06, 6.172383109515067e-06], [6.1968953559699e-06, 6.177741852297913e-06, 6.19728507444961e-06, 6.206239504535915e-06, 6.192606178956339e-06, 0.9999566078186035, 6.187004146340769e-06, 6.182845481816912e-06], [6.1977998484508134e-06, 6.174914233270101e-06, 6.192263299453771e-06, 6.192168712004786e-06, 6.18621970716049e-06, 6.1838009060011245e-06, 0.9999566078186035, 6.1983964769751765e-06], [6.169699190650135e-06, 6.16509987594327e-06, 6.162066711112857e-06, 6.1890464166936e-06, 6.1582068155985326e-06, 6.176581337058451e-06, 6.176245278766146e-06, 0.9999567270278931]], "mean_depth_distance": 0.040417514741420746}
{"kind": "key", "receiver_layer": 21, "sender_layers": [18, 19, 20, 21, 22, 23], "layer_weights": [0.14591437578201294, 0.15876884758472443, 0.17414221167564392, 0.18985623121261597, 0.1723373681306839, 0.15898096561431885], "head_mapping": [[0.9999567270278931, 6.1925243244331796e-06, 6.186868631630205e-06, 6.186490736581618e-06, 6.185505753819598e-06, 6.195010428200476e-06, 6.187623966980027e-06, 6.1598693719133735e-06], [6.173748261062428e-06, 0.9999566078186035, 6.200554253155133e-06, 6.179308456921717e-06, 6.178247531352099e-06, 6.1894884311186615e-06, 6.195170044520637e-06, 6.189057330630021e-06], [6.182786364661297e-06, 6.180982836667681e-06, 0.9999566078186035, 6.184307949297363e-06, 6.1691216615145095e-06, 6.187919098010752e-06, 6.186986411194084e-06, 6.1963337429915555e-06], [6.176009719638387e-06, 6.174678219394991e-06, 6.19034426563303e-06, 0.9999566078186035, 6.2181948123907205e-06, 6.218384896783391e-06, 6.189747637108667e-06, 6.184066478454042e-06], [6.2000508478377014e-06, 6.229400241863914e-06, 6.20591890765354e-06, 6.196551112225279e-06, 0.999956488609314, 6.24104313828866e-06, 6.206676516740117e-06, 6.228259735507891e-06], [6.130737801868236e-06, 6.14921782471356e-06, 6.175552243803395e-06, 6.163960733829299e-06, 6.152672995085595e-06, 0.9999569654464722, 6.13509519098443e-06, 6.154339644126594e-06], [6.184031008160673e-06, 6.19600268692011e-06, 6.181725439091679e-06, 6.184496669447981e-06, 6.201647920534015e-06, 6.208607373991981e-06, 0.9999566078186035, 6.18893363935058e-06], [6.157396910566604e-06, 6.167063475004397e-06, 6.178507646836806e-06, 6.164746991998982e-06, 6.167546416691039e-06, 6.179650881676935e-06, 6.1716768868791405e-06, 0.9999567270278931]], "mean_depth_distance": 0.04056350141763687}
