{"kind": "key", "receiver_layer": 0, "sender_layers": [0, 1, 2, 3, 4, 5], "layer_weights": [0.20584271848201752, 0.18735666573047638, 0.17253531515598297, 0.15784624218940735, 0.14447863399982452, 0.13194039463996887], "head_mapping": [[0.9999569654464722, 6.144814960862277e-06, 6.152356036182027e-06, 6.148719421616988e-06, 6.152966307126917e-06, 6.154010861791903e-06, 6.152009518700652e-06, 6.146045961941127e-06], [6.1645832829526626e-06, 0.9999568462371826, 6.163972102513071e-06, 6.162431873235619e-06, 6.167088486108696e-06, 6.16163242739276e-06, 6.165741979202721e-06, 6.165171271277359e-06], [6.168917934701312e-06, 6.171806944621494e-06, 0.9999568462371826, 6.163677426229697e-06, 6.1637424551008735e-06, 6.164242222439498e-06, 6.164512342365924e-06, 6.172407211124664e-06], [6.150138688099105e-06, 6.155196388135664e-06, 6.153594313218491e-06, 0.9999569654464722, 6.154257334856084e-06, 6.148848115117289e-06, 6.1461628320103046e-06, 6.1437958720489405e-06], [6.158402356959414e-06, 6.154104994493537e-06, 6.1596006162289996e-06, 6.153811682452215e-06, 0.9999569654464722, 6.148203283373732e-06, 6.161233613966033e-06, 6.154908987809904e-06], [6.165029844851233e-06, 6.169923835841473e-06, 6.163965736050159e-06, 6.166723778733285e-06, 6.167411811475176e-06, 0.9999568462371826, 6.170452707010554e-06, 6.170452707010554e-06], [6.167088486108696e-06, 6.16618262938573e-06, 6.167229912534822e-06, 6.166547336761141e-06, 6.161456440167967e-06, 6.163219040900003e-06, 0.9999568462371826, 6.166617822600529e-06], [6.163442776596639e-06, 6.162531917652814e-06, 6.165182639961131e-06, 6.1647597249248065e-06, 6.164500518934801e-06, 6.163648777146591e-06, 6.170229426061269e-06, 0.9999568462371826]], "mean_depth_distance": 0.06410235911607742}
{"kind": "key", "receiver_layer": 1, "sender_layers": [0, 1, 2, 3, 4, 5], "layer_weights": [0.17821434140205383, 0.19481788575649261, 0.17753788828849792, 0.16321125626564026, 0.14909601211547852, 0.13712261617183685], "head_mapping": [[0.9999568462371826, 6.167911578813801e-06, 6.1664236454817e-06, 6.16445367995766e-06, 6.163172201922862e-06, 6.1703472056251485e-06, 6.170452707010554e-06, 6.1752980400342494e-06], [6.162619683891535e-06, 0.9999568462371826, 6.1640189414902125e-06, 6.161602868814953e-06, 6.163237230794039e-06, 6.1597052081197035e-06, 6.162948920973577e-06, 6.160469183669193e-06], [6.1773885136062745e-06, 6.178154762892518e-06, 0.9999567270278931, 6.17657588009024e-06, 6.175615453685168e-06, 6.176705028337892e-06, 6.1740720411762595e-06, 6.174820100568468e-06], [6.174879217724083e-06, 6.177023351483513e-06, 6.171294444357045e-06, 0.9999567270278931, 6.174254849611316e-06, 6.172706889628898e-06, 6.171123459353112e-06, 6.176528131618397e-06], [6.178555395308649e-06, 6.171982931846287e-06, 6.175839189381804e-06, 6.174025202199118e-06, 0.9999567270278931, 6.175232556415722e-06, 6.173095698613906e-06, 6.1784139688825235e-06], [6.1611508499481715e-06, 6.163924808788579e-06, 6.160375050967559e-06, 6.158061296446249e-06, 6.162619683891535e-06, 0.9999568462371826, 6.160974407976028e-06, 6.165065315144602e-06], [6.166006187413586e-06, 6.166429557197262e-06, 6.1658652157348115e-06, 6.162714271340519e-06, 6.166788352857111e-06, 6.1689884205407e-06, 0.9999568462371826, 6.1633018049178645e-06], [6.1665823523071595e-06, 6.168346772028599e-06, 6.168806066852994e-06, 6.172054327180376e-06, 6.169535481603816e-06, 6.167823357827729e-06, 6.167864739836659e-06, 0.9999568462371826]], "mean_depth_distance": 0.04794152081012726}
{"kind": "key", "receiver_layer": 2, "sender_layers": [0, 1, 2, 3, 4, 5], "layer_weights": [0.15764355659484863, 0.17268598079681396, 0.19270554184913635, 0.17323899269104004, 0.1590459942817688, 0.14467988908290863], "head_mapping": [[0.9999568462371826, 6.164712431200314e-06, 6.1653886405110825e-06, 6.1668943089898676e-06, 6.166064849821851e-06, 6.166282219055574e-06, 6.165194463392254e-06, 6.16497163719032e-06], [6.16915804130258e-06, 0.9999567270278931, 6.169205335027073e-06, 6.1703231040155515e-06, 6.170017059048405e-06, 6.1697464843746275e-06, 6.1688051573582925e-06, 6.16863462710171e-06], [6.169540483824676e-06, 6.1706114138360135e-06, 0.9999567270278931, 6.169593234517379e-06, 6.170593678689329e-06, 6.1697464843746275e-06, 6.171241238916991e-06, 6.171299901325256e-06], [6.163395482872147e-06, 6.1626728893315885e-06, 6.162513727758778e-06, 0.9999568462371826, 6.162714271340519e-06, 6.162173121992964e-06, 6.162666522868676e-06, 6.16360739513766e-06], [6.165682862047106e-06, 6.1653004195250105e-06, 6.166429557197262e-06, 6.1667060435866006e-06, 0.9999568462371826, 6.1666059991694055e-06, 6.1668588386964984e-06, 6.1666705732932314e-06], [6.164465503388783e-06, 6.163977559481282e-06, 6.1636424106836785e-06, 6.164083515614038e-06, 6.164218575577252e-06, 0.9999568462371826, 6.165147624415113e-06, 6.164477326819906e-06], [6.16943498243927e-06, 6.169240350573091e-06, 6.170299457153305e-06, 6.172500889078947e-06, 6.171288077894133e-06, 6.171229415485868e-06, 0.9999567270278931, 6.1676755649386905e-06], [6.16774696027278e-06, 6.168570507725235e-06, 6.167570518300636e-06, 6.1674995777138975e-06, 6.1681002989644185e-06, 6.168205800349824e-06, 6.1675473261857405e-06, 0.9999568462371826]], "mean_depth_distance": 0.04038125276565552}
{"kind": "key", "receiver_layer": 3, "sender_layers": [0, 1, 2, 3, 4, 5], "layer_weights": [0.14551974833011627, 0.15883095562458038, 0.17308464646339417, 0.1913629174232483, 0.17264069616794586, 0.15856106579303741], "head_mapping": [[0.9999568462371826, 6.1658533923036885e-06, 6.164347723824903e-06, 6.164477326819906e-06, 6.170464530441677e-06, 6.1686291701334994e-06, 6.165171271277359e-06, 6.163295438454952e-06], [6.166758794279303e-06, 0.9999568462371826, 6.165823833725881e-06, 6.167029368953081e-06, 6.165935246826848e-06, 6.166829734866042e-06, 6.164136721054092e-06, 6.1643831941182725e-06], [6.1664941313210875e-06, 6.1667942645726725e-06, 0.9999568462371826, 6.164888873172458e-06, 6.164900696603581e-06, 6.166917955852114e-06, 6.162061708891997e-06, 6.1614796322828624e-06], [6.163989382912405e-06, 6.168176696519367e-06, 6.1656651269004215e-06, 0.9999568462371826, 6.165741979202721e-06, 6.168906111270189e-06, 6.164442311273888e-06, 6.165582817629911e-06], [6.165870672703022e-06, 6.167346782604e-06, 6.164536443975521e-06, 6.167229912534822e-06, 0.9999568462371826, 6.16778834228171e-06, 6.167029368953081e-06, 6.166665116325021e-06], [6.164177648315672e-06, 6.164300884847762e-06, 6.163954367366387e-06, 6.16053966950858e-06, 6.162690169730922e-06, 0.9999568462371826, 6.1615032791451085e-06, 6.161409146443475e-06], [6.1672471929341555e-06, 6.165794275148073e-06, 6.165465038066031e-06, 6.1650002862734254e-06, 6.164277692732867e-06, 6.166394541651243e-06, 0.9999568462371826, 6.1686650951742195e-06], [6.164500518934801e-06, 6.165759259602055e-06, 6.1644832385354675e-06, 6.165229933685623e-06, 6.1647597249248065e-06, 6.160152224765625e-06, 6.16388933849521e-06, 0.9999568462371826]], "mean_depth_distance": 0.04048767685890198}
{"kind": "key", "receiver_layer": 4, "sender_layers": [2, 3, 4, 5, 6, 7], "layer_weights": [0.15880870819091797, 0.17307645082473755, 0.1903325319290161, 0.17329519987106323, 0.15871061384677887, 0.14577645063400269], "head_mapping": [[0.9999567270278931, 6.168358140712371e-06, 6.171570930746384e-06, 6.166522780404193e-06, 6.173442670842633e-06, 6.179969659569906e-06, 6.173201199999312e-06, 6.173307610879419e-06], [6.17299519944936e-06, 0.9999567270278931, 6.176021997816861e-06, 6.171982931846287e-06, 6.174148893478559e-06, 6.1708879002253525e-06, 6.1682521845796145e-06, 6.175845101097366e-06], [6.161033070384292e-06, 6.1603982430824544e-06, 0.9999568462371826, 6.158237283671042e-06, 6.163783382362453e-06, 6.160562861623475e-06, 6.158971700642724e-06, 6.162843419588171e-06], [6.154174116090871e-06, 6.158014002721757e-06, 6.158237283671042e-06, 0.9999568462371826, 6.156522431410849e-06, 6.158842552395072e-06, 6.147159183456097e-06, 6.153998128866078e-06], [6.168787422211608e-06, 6.168110758153489e-06, 6.170329015731113e-06, 6.170169854158303e-06, 0.9999567270278931, 6.170176220621215e-06, 6.172801022330532e-06, 6.1684286265517585e-06], [6.151147772470722e-06, 6.155372375360457e-06, 6.149141881905962e-06, 6.1540577007690445e-06, 6.149294222268509e-06, 0.9999569654464722, 6.150947683636332e-06, 6.155959454190452e-06], [6.167323590489104e-06, 6.165770628285827e-06, 6.164159913168987e-06, 6.165600552776596e-06, 6.169659172883257e-06, 6.167594165162882e-06, 0.9999568462371826, 6.164606475067558e-06], [6.167847004689975e-06, 6.162878435134189e-06, 6.162343652249547e-06, 6.164577371237101e-06, 6.1695823205809575e-06, 6.1696300690528005e-06, 6.16618262938573e-06, 0.9999568462371826]], "mean_depth_distance": 0.040535420179367065}
{"kind": "key", "receiver_layer": 5, "sender_layers": [3, 4, 5, 6, 7, 8], "layer_weights": [0.15840207040309906, 0.17389926314353943, 0.18948139250278473, 0.17303256690502167, 0.15903310477733612, 0.1461515724658966], "head_mapping": [[0.9999567270278931, 6.169593234517379e-06, 6.166028924781131e-06, 6.16357147009694e-06, 6.160039447422605e-06, 6.166222647152608e-06, 6.1728424043394625e-06, 6.168381787574617e-06], [6.143678547232412e-06, 0.9999569654464722, 6.158084943308495e-06, 6.153036792966304e-06, 6.151047728053527e-06, 6.143983227957506e-06, 6.142249276308576e-06, 6.138641765573993e-06], [6.161009878269397e-06, 6.167193987494102e-06, 0.9999568462371826, 6.159928489068989e-06, 6.155501068860758e-06, 6.1654886849282775e-06, 6.1606101553479675e-06, 6.168276740936562e-06], [6.169276730361162e-06, 6.1625728449143935e-06, 6.16971192357596e-06, 0.9999568462371826, 6.166000275698025e-06, 6.1578143686347175e-06, 6.164677415654296e-06, 6.170040705910651e-06], [6.151738944026874e-06, 6.167235369503032e-06, 6.166476396174403e-06, 6.166923412820324e-06, 0.9999568462371826, 6.151386969577288e-06, 6.159024451335426e-06, 6.160222255857661e-06], [6.155771188787185e-06, 6.166335424495628e-06, 6.159129952720832e-06, 6.164683327369858e-06, 6.168800155137433e-06, 0.9999568462371826, 6.158125870570075e-06, 6.167129413370276e-06], [6.174254849611316e-06, 6.172983376018237e-06, 6.182805009302683e-06, 6.173854671942536e-06, 6.1778891904396005e-06, 6.179226602398558e-06, 0.9999567270278931, 6.173054316604976e-06], [6.169452262838604e-06, 6.181578555697342e-06, 6.174891041155206e-06, 6.170352662593359e-06, 6.174620011734078e-06, 6.187376584421145e-06, 6.176669558044523e-06, 0.9999567270278931]], "mean_depth_distance": 0.04057876765727997}
{"kind": "key", "receiver_layer": 6, "sender_layers": [3, 4, 5, 6, 7, 8], "layer_weights": [0.14582054316997528, 0.1583513766527176, 0.1731843650341034, 0.19127915799617767, 0.17287659645080566, 0.158487930893898], "head_mapping": [[0.9999568462371826, 6.159623353596544e-06, 6.1604341681231745e-06, 6.158853921078844e-06, 6.161279998195823e-06, 6.164218575577252e-06, 6.1643954722967464e-06, 6.158930318633793e-06], [6.165018476167461e-06, 0.9999568462371826, 6.162255431263475e-06, 6.163619218568783e-06, 6.162273166410159e-06, 6.164254045870621e-06, 6.1626847127627116e-06, 6.161820238048676e-06], [6.16823444943293e-06, 6.170417236717185e-06, 0.9999567270278931, 6.166322691569803e-06, 6.169963853608351e-06, 6.17083514953265e-06, 6.16911665929365e-06, 6.168204890855122e-06], [6.1607101997651625e-06, 6.164930255181389e-06, 6.159664280858124e-06, 0.9999568462371826, 6.162108547869138e-06, 6.162772479001433e-06, 6.166500043036649e-06, 6.164947535580723e-06], [6.162742920423625e-06, 6.164077603898477e-06, 6.1633018049178645e-06, 6.1649357121495996e-06, 0.9999568462371826, 6.16291981714312e-06, 6.162890258565312e-06, 6.1620439737453125e-06], [6.159423264762154e-06, 6.159024451335426e-06, 6.158225460239919e-06, 6.157603365863906e-06, 6.158354608487571e-06, 0.9999568462371826, 6.156874860607786e-06, 6.155242772365455e-06], [6.1728305809083395e-06, 6.169187599880388e-06, 6.177694558573421e-06, 6.1700466176262125e-06, 6.17259502178058e-06, 6.17374917055713e-06, 0.9999567270278931, 6.171105724206427e-06], [6.1741725403408054e-06, 6.174449026730144e-06, 6.171900622575777e-06, 6.174025202199118e-06, 6.175851012812927e-06, 6.172607299959054e-06, 6.175102953420719e-06, 0.9999567270278931]], "mean_depth_distance": 0.04049146547913551}
{"kind": "key", "receiver_layer": 7, "sender_layers": [5, 6, 7, 8, 9, 10], "layer_weights": [0.15884314477443695, 0.17383745312690735, 0.18954910337924957, 0.1728624850511551, 0.1589890569448471, 0.14591866731643677], "head_mapping": [[0.9999567270278931, 6.170405413286062e-06, 6.179096999403555e-06, 6.1759628806612454e-06, 6.168257641547825e-06, 6.168028448882978e-06, 6.173831479827641e-06, 6.152941296022618e-06], [6.1919681684230454e-06, 0.9999566078186035, 6.189671239553718e-06, 6.184992344060447e-06, 6.183895038702758e-06, 6.180946911626961e-06, 6.184396170283435e-06, 6.1842374634579755e-06], [6.146234227344394e-06, 6.127202595962444e-06, 0.9999570846557617, 6.153489266580436e-06, 6.146105079096742e-06, 6.144686722109327e-06, 6.134628165455069e-06, 6.139075594546739e-06], [6.137986019894015e-06, 6.140825917100301e-06, 6.144557573861675e-06, 0.9999569654464722, 6.150900844659191e-06, 6.154151833470678e-06, 6.152872629172634e-06, 6.157450570754008e-06], [6.147300155134872e-06, 6.177071099955356e-06, 6.154644324851688e-06, 6.15131102676969e-06, 0.9999568462371826, 6.156640210974729e-06, 6.161232704471331e-06, 6.174856480356539e-06], [6.173995643621311e-06, 6.1567093325720634e-06, 6.18029980614665e-06, 6.180677246447885e-06, 6.167781066324096e-06, 0.9999567270278931, 6.17701152805239e-06, 6.173837391543202e-06], [6.1804767028661445e-06, 6.182097877172055e-06, 6.164824299048632e-06, 6.175068392622052e-06, 6.151029083412141e-06, 6.168135314510437e-06, 0.9999568462371826, 6.148272859718418e-06], [6.1771884247718845e-06, 6.167240371723892e-06, 6.1800283219781704e-06, 6.1910063777759206e-06, 6.184980975376675e-06, 6.187801318446873e-06, 6.172877419885481e-06, 0.9999567270278931]], "mean_depth_distance": 0.04057487100362778}
{"kind": "key", "receiver_layer": 8, "sender_layers": [5, 6, 7, 8, 9, 10], "layer_weights": [0.1451290100812912, 0.15899629890918732, 0.17193958163261414, 0.19267700612545013, 0.1722521334886551, 0.15900588035583496], "head_mapping": [[0.9999568462371826, 6.1662058215006255e-06, 6.165430022520013e-06, 6.165318609419046e-06, 6.167576884763548e-06, 6.167529136291705e-06, 6.165359081933275e-06, 6.16485385762644e-06], [6.15855424257461e-06, 0.9999568462371826, 6.157779353088699e-06, 6.15839007878094e-06, 6.1580549299833365e-06, 6.156105428090086e-06, 6.15855424257461e-06, 6.158378255349817e-06], [6.168153049657121e-06, 6.1667824411415495e-06, 0.9999568462371826, 6.1703353821940254e-06, 6.169441348902183e-06, 6.166082584968535e-06, 6.170105734781828e-06, 6.168129402794875e-06], [6.161256351333577e-06, 6.160375050967559e-06, 6.1603982430824544e-06, 0.9999568462371826, 6.160492830531439e-06, 6.160974407976028e-06, 6.163172201922862e-06, 6.16146826359909e-06], [6.16513580098399e-06, 6.16388933849521e-06, 6.165100785437971e-06, 6.164847491163528e-06, 0.9999568462371826, 6.164213118609041e-06, 6.165682862047106e-06, 6.16553597865277e-06], [6.1625728449143935e-06, 6.165189006424043e-06, 6.162090812722454e-06, 6.165253580547869e-06, 6.163677426229697e-06, 0.9999568462371826, 6.163671969261486e-06, 6.164595106383786e-06], [6.1657888181798626e-06, 6.165723789308686e-06, 6.166311777633382e-06, 6.165600552776596e-06, 6.165253580547869e-06, 6.164741535030771e-06, 0.9999568462371826, 6.164800652186386e-06], [6.166476396174403e-06, 6.166653292893898e-06, 6.167894298414467e-06, 6.166829734866042e-06, 6.166076673252974e-06, 6.16794704910717e-06, 6.1662176449317485e-06, 0.9999568462371826]], "mean_depth_distance": 0.0404452346265316}
{"kind": "key", "receiver_layer": 9, "sender_layers": [6, 7, 8, 9, 10, 11], "layer_weights": [0.14570362865924835, 0.1587560921907425, 0.17332163453102112, 0.19040092825889587, 0.17314249277114868, 0.15867526829242706], "head_mapping": [[0.9999567270278931, 6.1762984842062e-06, 6.17621662968304e-06, 6.176940587465651e-06, 6.1780133364663925e-06, 6.172777375468286e-06, 6.176728675200138e-06, 6.174755526444642e-06], [6.1643954722967464e-06, 0.9999568462371826, 6.160058092063991e-06, 6.164489150251029e-06, 6.1611267483385745e-06, 6.1618561630893964e-06, 6.1627611103176605e-06, 6.163713351270417e-06], [6.1527316574938595e-06, 6.151124125608476e-06, 0.9999569654464722, 6.155800747364992e-06, 6.159365511848591e-06, 6.151276465971023e-06, 6.153007234388497e-06, 6.151153229438933e-06], [6.176599072205136e-06, 6.17701152805239e-06, 6.174013378767995e-06, 0.9999567270278931, 6.171135282784235e-06, 6.172547728056088e-06, 6.172983376018237e-06, 6.174007467052434e-06], [6.176304850669112e-06, 6.175238468131283e-06, 6.177682735142298e-06, 6.177158411446726e-06, 0.9999567270278931, 6.180346645123791e-06, 6.172524535941193e-06, 6.178225248731906e-06], [6.161567853268934e-06, 6.161773399071535e-06, 6.159887107060058e-06, 6.161685632832814e-06, 6.1602459027199075e-06, 0.9999568462371826, 6.162067165860208e-06, 6.157015832286561e-06], [6.168841537146363e-06, 6.168494110170286e-06, 6.173101610329468e-06, 6.17127670921036e-06, 6.167970695969416e-06, 6.169688731461065e-06, 0.9999568462371826, 6.177743216539966e-06], [6.162202680570772e-06, 6.159335498523433e-06, 6.163818852655822e-06, 6.16102170170052e-06, 6.162455520097865e-06, 6.164342266856693e-06, 6.164324531710008e-06, 0.9999568462371826]], "mean_depth_distance": 0.040526796132326126}
{"kind": "key", "receiver_layer": 10, "sender_layers": [7, 8, 9, 10, 11, 12], "layer_weights": [0.14555968344211578, 0.15925702452659607, 0.17305998504161835, 0.18974320590496063, 0.17312881350517273, 0.15925131738185883], "head_mapping": [[0.9999568462371826, 6.159171334729763e-06, 6.154761194920866e-06, 6.1576502048410475e-06, 6.157139068818651e-06, 6.157708412501961e-06, 6.157127700134879e-06, 6.152601599751506e-06], [6.157884854474105e-06, 0.9999568462371826, 6.159552413009806e-06, 6.146807209006511e-06, 6.151751222205348e-06, 6.147792191768531e-06, 6.147698513814248e-06, 6.149333785288036e-06], [6.151604338811012e-06, 6.161098099255469e-06, 0.9999568462371826, 6.154825769044692e-06, 6.159270924399607e-06, 6.1541454670077655e-06, 6.154661605251022e-06, 6.165829745441442e-06], [6.1418331824825145e-06, 6.145529823697871e-06, 6.1602700043295044e-06, 0.9999569654464722, 6.151499292172957e-06, 6.153013146104058e-06, 6.15012095295242e-06, 6.149668934085639e-06], [6.166476396174403e-06, 6.16918850937509e-06, 6.156557901704218e-06, 6.159670192573685e-06, 0.9999568462371826, 6.159875738376286e-06, 6.164265869301744e-06, 6.157144980534213e-06], [6.18567082710797e-06, 6.174702321004588e-06, 6.170564574858872e-06, 6.178466719575226e-06, 6.181425305840094e-06, 0.9999567270278931, 6.180724085425027e-06, 6.176675924507435e-06], [6.1634777921426576e-06, 6.168806066852994e-06, 6.168264917505439e-06, 6.16336637904169e-06, 6.164159913168987e-06, 6.170800133986631e-06, 0.9999568462371826, 6.163454600027762e-06], [6.165395006973995e-06, 6.165935246826848e-06, 6.1675473261857405e-06, 6.170982487674337e-06, 6.162490535643883e-06, 6.160692009871127e-06, 6.169841526570963e-06, 0.9999568462371826]], "mean_depth_distance": 0.04056813195347786}
{"kind": "key", "receiver_layer": 11, "sender_layers": [8, 9, 10, 11, 12, 13], "layer_weights": [0.14548373222351074, 0.15837590396404266, 0.17268651723861694, 0.1909840852022171, 0.17369285225868225, 0.1587768793106079], "head_mapping": [[0.9999567270278931, 6.1828636717109475e-06, 6.179545380291529e-06, 6.174967893457506e-06, 6.1687933339271694e-06, 6.184285211929819e-06, 6.1749733504257165e-06, 6.177895102155162e-06], [6.1547907534986734e-06, 0.9999568462371826, 6.158190444693901e-06, 6.15420913163689e-06, 6.1555597312690224e-06, 6.153047252155375e-06, 6.155207756819436e-06, 6.160915745567763e-06], [6.16259649177664e-06, 6.177495379233733e-06, 0.9999568462371826, 6.171253517095465e-06, 6.1636542341148015e-06, 6.17282557868748e-06, 6.1632254073629156e-06, 6.167035280668642e-06], [6.173772817419376e-06, 6.16979923506733e-06, 6.168769687064923e-06, 0.9999567270278931, 6.168628260638798e-06, 6.176622719067382e-06, 6.171817858557915e-06, 6.171811946842354e-06], [6.154421043902403e-06, 6.1523314798250794e-06, 6.154421043902403e-06, 6.159147687867517e-06, 0.9999568462371826, 6.154884886200307e-06, 6.154256425361382e-06, 6.15526596448035e-06], [6.170505912450608e-06, 6.163089892652351e-06, 6.164359547256026e-06, 6.161573764984496e-06, 6.166358616610523e-06, 0.9999568462371826, 6.163501439004904e-06, 6.166288585518487e-06], [6.165971171867568e-06, 6.1581549744005315e-06, 6.165083050291287e-06, 6.162619683891535e-06, 6.160316388559295e-06, 6.164242222439498e-06, 0.9999568462371826, 6.158448286441853e-06], [6.154433322080877e-06, 6.15538419879158e-06, 6.1522150645032525e-06, 6.15151111560408e-06, 6.15391672909027e-06, 6.151159141154494e-06, 6.153758477012161e-06, 0.9999569654464722]], "mean_depth_distance": 0.04048960283398628}
{"kind": "key", "receiver_layer": 12, "sender_layers": [9, 10, 11, 12, 13, 14], "layer_weights": [0.14569540321826935, 0.15871581435203552, 0.1732180118560791, 0.19057485461235046, 0.1732386350631714, 0.15855731070041656], "head_mapping": [[0.9999569654464722, 6.141393896541558e-06, 6.147499789221911e-06, 6.154198672447819e-06, 6.154873972263886e-06, 6.152878540888196e-06, 6.1461751101887785e-06, 6.1513701439253055e-06], [6.168928393890383e-06, 0.9999567270278931, 6.1743962760374416e-06, 6.174002010084223e-06, 6.178054718475323e-06, 6.170535016281065e-06, 6.1715886658930685e-06, 6.173036581458291e-06], [6.155195478640962e-06, 6.16465376879205e-06, 0.9999568462371826, 6.148987722554011e-06, 6.151979960122844e-06, 6.158777523523895e-06, 6.152724381536245e-06, 6.156675226520747e-06], [6.1645832829526626e-06, 6.161033070384292e-06, 6.16646457274328e-06, 0.9999568462371826, 6.174844656925416e-06, 6.166758794279303e-06, 6.173031579237431e-06, 6.170199867483461e-06], [6.174254849611316e-06, 6.170017059048405e-06, 6.17119439993985e-06, 6.177353043312905e-06, 0.9999567270278931, 6.174148893478559e-06, 6.181195658427896e-06, 6.176710940053454e-06], [6.154703442007303e-06, 6.1506370911956765e-06, 6.153869890113128e-06, 6.157656116556609e-06, 6.154204584163381e-06, 0.9999569654464722, 6.150701665319502e-06, 6.157603820611257e-06], [6.164242222439498e-06, 6.170906090119388e-06, 6.167064384499099e-06, 6.166523689898895e-06, 6.161949841043679e-06, 6.166476396174403e-06, 0.9999568462371826, 6.167429546621861e-06], [6.162420049804496e-06, 6.159552413009806e-06, 6.163519174151588e-06, 6.15847238805145e-06, 6.161056717246538e-06, 6.163360467326129e-06, 6.163831130834296e-06, 0.9999568462371826]], "mean_depth_distance": 0.04051682725548744}
{"kind": "key", "receiver_layer": 13, "sender_layers": [11, 12, 13, 14, 15, 16], "layer_weights": [0.15931425988674164, 0.17250461876392365, 0.1902034431695938, 0.17294982075691223, 0.15908987820148468, 0.14593800902366638], "head_mapping": [[0.9999567270278931, 6.166781531646848e-06, 6.172972007334465e-06, 6.176222086651251e-06, 6.165570084704086e-06, 6.1782134253007825e-06, 6.164911610540003e-06, 6.170105280034477e-06], [6.155524715723004e-06, 0.9999568462371826, 6.153329195512924e-06, 6.167253104649717e-06, 6.156587460282026e-06, 6.1645832829526626e-06, 6.159611530165421e-06, 6.154485618026229e-06], [6.153394679131452e-06, 6.147968633740675e-06, 0.9999569654464722, 6.156910785648506e-06, 6.1574978644785006e-06, 6.160012162581552e-06, 6.152966307126917e-06, 6.150026820250787e-06], [6.150197350507369e-06, 6.158907581266249e-06, 6.153130470920587e-06, 0.9999569654464722, 6.156752078823047e-06, 6.1477694544009864e-06, 6.155255505291279e-06, 6.156910785648506e-06], [6.162290901556844e-06, 6.156722065497888e-06, 6.157932148198597e-06, 6.165747436170932e-06, 0.9999568462371826, 6.162890258565312e-06, 6.158061296446249e-06, 6.1695823205809575e-06], [6.17609839537181e-06, 6.176151600811863e-06, 6.1786258811480366e-06, 6.168969775899313e-06, 6.174531790748006e-06, 0.9999567270278931, 6.178118837851798e-06, 6.1848982113588136e-06], [6.17031719229999e-06, 6.181266599014634e-06, 6.182740435178857e-06, 6.173948804644169e-06, 6.17015803072718e-06, 6.178448984428542e-06, 0.9999567270278931, 6.175915586936753e-06], [6.16735223957221e-06, 6.174443569761934e-06, 6.170005235617282e-06, 6.164346814330202e-06, 6.172024313855218e-06, 6.169899279484525e-06, 6.167016636027256e-06, 0.9999567270278931]], "mean_depth_distance": 0.040573619306087494}
{"kind": "key", "receiver_layer": 14, "sender_layers": [11, 12, 13, 14, 15, 16], "layer_weights": [0.1458633989095688, 0.15877214074134827, 0.17309589684009552, 0.1901579648256302, 0.17276041209697723, 0.15935014188289642], "head_mapping": [[0.9999569654464722, 6.1611867749888916e-06, 6.1713603827229235e-06, 6.146280156826833e-06, 6.165888862597058e-06, 6.148848115117289e-06, 6.142331130831735e-06, 6.154544735181844e-06], [6.174243935674895e-06, 0.9999568462371826, 6.180223863339052e-06, 6.170017513795756e-06, 6.172318990138592e-06, 6.16207353232312e-06, 6.167646915855585e-06, 6.166611910884967e-06], [6.157056759548141e-06, 6.150078661448788e-06, 0.9999568462371826, 6.171859695314197e-06, 6.1464556893042754e-06, 6.172107077873079e-06, 6.168346772028599e-06, 6.157250481919618e-06], [6.150466106191743e-06, 6.163689704408171e-06, 6.163054877106333e-06, 0.9999568462371826, 6.161291821626946e-06, 6.156446488603251e-06, 6.154761194920866e-06, 6.149257842480438e-06], [6.167852916405536e-06, 6.159846179798478e-06, 6.155788469186518e-06, 6.176269835123094e-06, 0.9999568462371826, 6.16191437075031e-06, 6.165265403978992e-06, 6.165129889268428e-06], [6.128237146185711e-06, 6.131773261586204e-06, 6.130615474830847e-06, 6.134452178230276e-06, 6.12949361311621e-06, 0.9999570846557617, 6.13163274465478e-06, 6.130755991762271e-06], [6.171005679789232e-06, 6.167805167933693e-06, 6.173913789098151e-06, 6.161925739434082e-06, 6.168051640997874e-06, 6.173148449306609e-06, 0.9999567270278931, 6.175444923428586e-06], [6.162907993711997e-06, 6.158601536299102e-06, 6.148343345557805e-06, 6.1574501160066575e-06, 6.164447768242098e-06, 6.157603365863906e-06, 6.1588480093632825e-06, 0.9999568462371826]], "mean_depth_distance": 0.040562599897384644}
{"kind": "key", "receiver_layer": 15, "sender_layers": [12, 13, 14, 15, 16, 17], "layer_weights": [0.14582790434360504, 0.15871335566043854, 0.17300690710544586, 0.1904926300048828, 0.17310620844364166, 0.1588529795408249], "head_mapping": [[0.9999568462371826, 6.165235845401185e-06, 6.164418664411642e-06, 6.160075372463325e-06, 6.1567693592223804e-06, 6.1671471485169604e-06, 6.168970685394015e-06, 6.1553191699204035e-06], [6.159916665637866e-06, 0.9999568462371826, 6.155794835649431e-06, 6.157262305350741e-06, 6.155677056085551e-06, 6.16070383330225e-06, 6.159165423014201e-06, 6.164677415654296e-06], [6.159399617899908e-06, 6.163677426229697e-06, 0.9999568462371826, 6.159757958812406e-06, 6.162273166410159e-06, 6.160022621770622e-06, 6.16553597865277e-06, 6.170488632051274e-06], [6.170264896354638e-06, 6.162813861010363e-06, 6.163524631119799e-06, 0.9999568462371826, 6.160163593449397e-06, 6.161973033158574e-06, 6.168559139041463e-06, 6.16187344348873e-06], [6.155970822874224e-06, 6.159775693959091e-06, 6.159740678413073e-06, 6.164347723824903e-06, 0.9999568462371826, 6.163954367366387e-06, 6.1609857766598e-06, 6.1597288549819496e-06], [6.169681455503451e-06, 6.164388196339132e-06, 6.165817467262968e-06, 6.173566816869425e-06, 6.167428637127159e-06, 0.9999567270278931, 6.173384008434368e-06, 6.17279511061497e-06], [6.1603982430824544e-06, 6.160692009871127e-06, 6.1606219787790906e-06, 6.164077603898477e-06, 6.165511877043173e-06, 6.164818842080422e-06, 0.9999568462371826, 6.16263787378557e-06], [6.162972113088472e-06, 6.158566066005733e-06, 6.158754331409e-06, 6.1651244323002174e-06, 6.158378255349817e-06, 6.160345492389752e-06, 6.155453775136266e-06, 0.9999568462371826]], "mean_depth_distance": 0.04053512588143349}
{"kind": "key", "receiver_layer": 16, "sender_layers": [13, 14, 15, 16, 17, 18], "layer_weights": [0.1457059234380722, 0.15906374156475067, 0.17403635382652283, 0.18960487842559814, 0.1727803349494934, 0.15880875289440155], "head_mapping": [[0.9999567270278931, 6.168334039102774e-06, 6.175762791826855e-06, 6.170893811940914e-06, 6.173224846861558e-06, 6.175591806822922e-06, 6.165499144117348e-06, 6.182622200867627e-06], [6.155736173241166e-06, 0.9999569654464722, 6.162338650028687e-06, 6.150114586489508e-06, 6.142852271295851e-06, 6.158390533528291e-06, 6.149511136754882e-06, 6.155460596346529e-06], [6.170346750877798e-06, 6.172825123940129e-06, 0.9999567270278931, 6.169952030177228e-06, 6.176139322633389e-06, 6.171700078994036e-06, 6.169911557662999e-06, 6.181342996569583e-06], [6.153547019493999e-06, 6.159048552945023e-06, 6.1455184550140984e-06, 0.9999569654464722, 6.1630375967069995e-06, 6.163420493976446e-06, 6.152637524792226e-06, 6.145436145743588e-06], [6.168570507725235e-06, 6.154150923975976e-06, 6.155524715723004e-06, 6.154526545287808e-06, 0.9999568462371826, 6.161444616736844e-06, 6.167123501654714e-06, 6.1647597249248065e-06], [6.162631507322658e-06, 6.15672797721345e-06, 6.159218173706904e-06, 6.167188530525891e-06, 6.157732059364207e-06, 0.9999568462371826, 6.1574382925755344e-06, 6.157227289804723e-06], [6.150085937406402e-06, 6.1474174799514e-06, 6.150021363282576e-06, 6.148461125121685e-06, 6.138969183666632e-06, 6.151992238301318e-06, 0.9999569654464722, 6.1533246480394155e-06], [6.148683496576268e-06, 6.158425094326958e-06, 6.1513460423157085e-06, 6.151099569251528e-06, 6.15733870290569e-06, 6.150735771370819e-06, 6.1623964029422496e-06, 0.9999568462371826]], "mean_depth_distance": 0.040562260895967484}
{"kind": "key", "receiver_layer": 17, "sender_layers": [15, 16, 17, 18, 19, 20], "layer_weights": [0.15890614688396454, 0.17316870391368866, 0.18952709436416626, 0.17377780377864838, 0.15879377722740173, 0.14582650363445282], "head_mapping": [[0.9999566078186035, 6.197876246005762e-06, 6.163365014799638e-06, 6.195902642502915e-06, 6.194939032866387e-06, 6.165123068058165e-06, 6.1915193327877205e-06, 6.1801924857718404e-06], [6.149333785288036e-06, 0.9999568462371826, 6.154902166599641e-06, 6.169218067952897e-06, 6.158290034363745e-06, 6.158496034913696e-06, 6.157767529657576e-06, 6.13851170783164e-06], [6.136781394161517e-06, 6.135956482467009e-06, 0.9999570846557617, 6.145003226265544e-06, 6.127231699792901e-06, 6.132702765171416e-06, 6.1318201005633455e-06, 6.128680979600176e-06], [6.202464646776207e-06, 6.211650998011464e-06, 6.209199455042835e-06, 0.9999566078186035, 6.201269570738077e-06, 6.193480203364743e-06, 6.203179964359151e-06, 6.1938226281199604e-06], [6.135147486929782e-06, 6.1768596424371935e-06, 6.152262358227745e-06, 6.16021134192124e-06, 0.9999569654464722, 6.164560545585118e-06, 6.148731245048111e-06, 6.1454420574591495e-06], [6.1394621297949925e-06, 6.135119292594027e-06, 6.125402705947636e-06, 6.112617029430112e-06, 6.122330887592398e-06, 0.9999570846557617, 6.130188921815716e-06, 6.1193309193186e-06], [6.1850223573856056e-06, 6.182610377436504e-06, 6.186538485053461e-06, 6.185417532833526e-06, 6.1769997046212666e-06, 6.176840543048456e-06, 0.9999567270278931, 6.189571649883874e-06], [6.137922355264891e-06, 6.129615940153599e-06, 6.118111286923522e-06, 6.129107532615308e-06, 6.131200279924087e-06, 6.136594038252952e-06, 6.142437086964492e-06, 0.9999570846557617]], "mean_depth_distance": 0.04056645557284355}
{"kind": "key", "receiver_layer": 18, "sender_layers": [16, 17, 18, 19, 20, 21], "layer_weights": [0.15943415462970734, 0.17326925694942474, 0.1893032342195511, 0.17288294434547424, 0.15927375853061676, 0.14583663642406464], "head_mapping": [[0.9999568462371826, 6.168017534946557e-06, 6.162102636153577e-06, 6.176682290970348e-06, 6.168817890284117e-06, 6.169035714265192e-06, 6.159006716188742e-06, 6.152824880700791e-06], [6.1469600041164085e-06, 0.9999569654464722, 6.152578862383962e-06, 6.151927664177492e-06, 6.153295089461608e-06, 6.154128186608432e-06, 6.147100975795183e-06, 6.143022346805083e-06], [6.169835614855401e-06, 6.165088507259497e-06, 0.9999568462371826, 6.16590023128083e-06, 6.1640189414902125e-06, 6.1620321503141895e-06, 6.172395387693541e-06, 6.17326668361784e-06], [6.163524631119799e-06, 6.1590362747665495e-06, 6.16646457274328e-06, 0.9999568462371826, 6.169218067952897e-06, 6.171741915750317e-06, 6.164477326819906e-06, 6.1633018049178645e-06], [6.174014288262697e-06, 6.147968178993324e-06, 6.160921202535974e-06, 6.164601018099347e-06, 0.9999568462371826, 6.174238478706684e-06, 6.166717412270373e-06, 6.172819212224567e-06], [6.163476882647956e-06, 6.177364866744028e-06, 6.174855570861837e-06, 6.190610747580649e-06, 6.180930540722329e-06, 0.9999567270278931, 6.1926125454192515e-06, 6.196174581418745e-06], [6.152802143333247e-06, 6.146831310616108e-06, 6.157802999950945e-06, 6.14605778537225e-06, 6.167888386698905e-06, 6.151892648631474e-06, 0.9999569654464722, 6.136071988294134e-06], [6.145161023596302e-06, 6.15526096225949e-06, 6.1450614339264575e-06, 6.150150511530228e-06, 6.1651721807720605e-06, 6.1562882365251426e-06, 6.139004653960001e-06, 0.9999569654464722]], "mean_depth_distance": 0.040602244436740875}
{"kind": "key", "receiver_layer": 19, "sender_layers": [16, 17, 18, 19, 20, 21], "layer_weights": [0.14576320350170135, 0.15872862935066223, 0.1740548014640808, 0.18937095999717712, 0.17306561768054962, 0.15901677310466766], "head_mapping": [[0.9999567270278931, 6.163759280752856e-06, 6.178225248731906e-06, 6.161532382975565e-06, 6.170841061248211e-06, 6.177005616336828e-06, 6.176669558044523e-06, 6.166957973618992e-06], [6.167288120195735e-06, 0.9999568462371826, 6.15753879174008e-06, 6.159517397463787e-06, 6.162843419588171e-06, 6.150149602035526e-06, 6.154156835691538e-06, 6.150870831334032e-06], [6.1553309933515266e-06, 6.144926373963244e-06, 0.9999569654464722, 6.169335847516777e-06, 6.14078453509137e-06, 6.141294306871714e-06, 6.16239140072139e-06, 6.136236152087804e-06], [6.152661626401823e-06, 6.157897132652579e-06, 6.147241492726607e-06, 0.9999569654464722, 6.1546506913146e-06, 6.176506303745555e-06, 6.147323801997118e-06, 6.166776984173339e-06], [6.165570084704086e-06, 6.149632554297568e-06, 6.179032425279729e-06, 6.177735940582352e-06, 0.9999567270278931, 6.167846095195273e-06, 6.17494424659526e-06, 6.176664101076312e-06], [6.162443696666742e-06, 6.173749625304481e-06, 6.150864919618471e-06, 6.143209247966297e-06, 6.1686291701334994e-06, 0.9999568462371826, 6.168052550492575e-06, 6.171700533741387e-06], [6.151852176117245e-06, 6.131597729108762e-06, 6.125718300609151e-06, 6.131936970632523e-06, 6.1379282669804525e-06, 6.14896634942852e-06, 0.9999570846557617, 6.159331405797275e-06], [6.1654409364564344e-06, 6.172506800794508e-06, 6.1695463955402374e-06, 6.159904842206743e-06, 6.163242233014898e-06, 6.174996542540612e-06, 6.1697578530584e-06, 0.9999567270278931]], "mean_depth_distance": 0.04056861251592636}
{"kind": "key", "receiver_layer": 20, "sender_layers": [18, 19, 20, 21, 22, 23], "layer_weights": [0.15918204188346863, 0.17342734336853027, 0.19029568135738373, 0.17323651909828186, 0.15813104808330536, 0.14572735130786896], "head_mapping": [[0.9999567270278931, 6.15807221038267e-06, 6.174414011184126e-06, 6.166716502775671e-06, 6.161261808301788e-06, 6.183548066474032e-06, 6.171029326651478e-06, 6.1602218011103105e-06], [6.1614150581590366e-06, 0.9999568462371826, 6.159259100968484e-06, 6.16332499703276e-06, 6.155600658530602e-06, 6.1643713706871495e-06, 6.181986009323737e-06, 6.164065780467354e-06], [6.131878308224259e-06, 6.132369435363216e-06, 0.9999569654464722, 6.132287580840057e-06, 6.118419150880072e-06, 6.127937922428828e-06, 6.142108759377152e-06, 6.1523269323515706e-06], [6.163278158055618e-06, 6.156833933346206e-06, 6.15920089330757e-06, 0.9999568462371826, 6.167864739836659e-06, 6.164213118609041e-06, 6.1783380260749254e-06, 6.170505912450608e-06], [6.166711955302162e-06, 6.161444616736844e-06, 6.153833965072408e-06, 6.1548785197373945e-06, 0.9999568462371826, 6.156194103823509e-06, 6.148278771433979e-06, 6.146033683762653e-06], [6.182970082591055e-06, 6.164276783238165e-06, 6.181218850542791e-06, 6.182156539580319e-06, 6.173831479827641e-06, 0.9999567270278931, 6.184415269672172e-06, 6.17586283624405e-06], [6.173442670842633e-06, 6.151239631435601e-06, 6.166399089124752e-06, 6.158870291983476e-06, 6.1649761846638285e-06, 6.163935267977649e-06, 0.9999567270278931, 6.17263594904216e-06], [6.148109150672099e-06, 6.147757630969863e-06, 6.143116024759365e-06, 6.160904831631342e-06, 6.140438927104697e-06, 6.147968633740675e-06, 6.154093171062414e-06, 0.9999569654464722]], "mean_depth_distance": 0.04052778333425522}
{"kind": "key", "receiver_layer": 21, "sender_layers": [18, 19, 20, 21, 22, 23], "layer_weights": [0.14564324915409088, 0.15901677310466766, 0.17424704134464264, 0.1897192746400833, 0.17250579595565796, 0.15886782109737396], "head_mapping": [[0.9999570846557617, 6.133457645773888e-06, 6.1391579038172495e-06, 6.1547625591629185e-06, 6.133528131613275e-06, 6.162903446238488e-06, 6.1514942899520975e-06, 6.138695425761398e-06], [6.160239536256995e-06, 0.9999567270278931, 6.1734072005492635e-06, 6.162607860460412e-06, 6.169310836412478e-06, 6.157238203741144e-06, 6.17466730545857e-06, 6.175521320983535e-06], [6.1333871599345e-06, 6.1330538301263005e-06, 0.9999569654464722, 6.146667146822438e-06, 6.128101176727796e-06, 6.14548343946808e-06, 6.144715825939784e-06, 6.133691385912243e-06], [6.149175987957278e-06, 6.1443925005733036e-06, 6.1479095165850595e-06, 0.9999568462371826, 6.181296157592442e-06, 6.160380962683121e-06, 6.164818842080422e-06, 6.153640242700931e-06], [6.175726866786135e-06, 6.202647909958614e-06, 6.182975539559266e-06, 6.185605798236793e-06, 0.9999566078186035, 6.208572358445963e-06, 6.189747637108667e-06, 6.1982545958017e-06], [6.137868695077486e-06, 6.14869486526004e-06, 6.180170657898998e-06, 6.167576884763548e-06, 6.16025727140368e-06, 0.9999568462371826, 6.139015567896422e-06, 6.148748070700094e-06], [6.1708879002253525e-06, 6.169699190650135e-06, 6.164053047541529e-06, 6.184815902088303e-06, 6.1773885136062745e-06, 6.1905461734568235e-06, 0.9999567270278931, 6.167922492750222e-06], [6.1412883951561525e-06, 6.155560186016373e-06, 6.157327334221918e-06, 6.141265203041257e-06, 6.139824108686298e-06, 6.1610107877640985e-06, 6.131568170530954e-06, 0.9999569654464722]], "mean_depth_distance": 0.04055577144026756}
