{"receiver_layer": 0, "sender_layers": [0, 1], "layer_weights": [0.523508608341217, 0.47649136185646057], "head_mapping": [[0.9999570846557617, 6.1340310821833555e-06, 6.117031716712518e-06, 6.1214782363094855e-06, 6.115223641245393e-06, 6.129633675300283e-06, 6.108031357143773e-06, 6.125069830886787e-06], [6.139812285255175e-06, 0.9999569654464722, 6.137119726190576e-06, 6.1299133449210785e-06, 6.130492693046108e-06, 6.144610324554378e-06, 6.154163656901801e-06, 6.127440883574309e-06], [6.156522431410849e-06, 6.153974936751183e-06, 0.9999568462371826, 6.158830728963949e-06, 6.1554951571451966e-06, 6.157250481919618e-06, 6.152284640847938e-06, 6.171853783598635e-06], [6.010725428495789e-06, 6.007659521856112e-06, 6.025601578585338e-06, 0.9999579191207886, 6.00262592342915e-06, 6.007860065437853e-06, 6.007011506881099e-06, 6.009750904922839e-06], [6.2081694522930775e-06, 6.200677944434574e-06, 6.211556865309831e-06, 6.197781658556778e-06, 0.9999566078186035, 6.215704615897266e-06, 6.20031187281711e-06, 6.220478098839521e-06], [6.180076525197364e-06, 6.17274872638518e-06, 6.161103556223679e-06, 6.166947514429921e-06, 6.1642067521461286e-06, 0.9999568462371826, 6.169441348902183e-06, 6.162989848235156e-06], [6.101057806517929e-06, 6.1049804571666755e-06, 6.102873157942668e-06, 6.105190550442785e-06, 6.105388365540421e-06, 6.110170943429694e-06, 0.9999573230743408, 6.112775736255571e-06], [6.172289431560785e-06, 6.164242222439498e-06, 6.164154001453426e-06, 6.1583432398037985e-06, 6.183330242492957e-06, 6.1728542277705856e-06, 6.167676474433392e-06, 0.9999568462371826]], "gate": 0.02417796105146408}
{"receiver_layer": 1, "sender_layers": [0, 1], "layer_weights": [0.4813954532146454, 0.518604576587677], "head_mapping": [[0.9999568462371826, 6.176965143822599e-06, 6.166476396174403e-06, 6.164053957036231e-06, 6.1667824411415495e-06, 6.1690175243711565e-06, 6.16441275269608e-06, 6.160310476843733e-06], [6.147335625428241e-06, 0.9999569654464722, 6.155883056635503e-06, 6.143192422314314e-06, 6.1408318288158625e-06, 6.155008577479748e-06, 6.15777980783605e-06, 6.133223450888181e-06], [6.166276762087364e-06, 6.167129413370276e-06, 0.9999568462371826, 6.168523668748094e-06, 6.169158950797282e-06, 6.1693476709479e-06, 6.1671589719480835e-06, 6.168264917505439e-06], [6.113008566899225e-06, 6.114104962762212e-06, 6.111597940616775e-06, 0.9999572038650513, 6.108526577008888e-06, 6.112268238211982e-06, 6.1068667491781525e-06, 6.121012575022178e-06], [6.168446361698443e-06, 6.163865236885613e-06, 6.173572273837635e-06, 6.175715952849714e-06, 0.9999567270278931, 6.164464593894081e-06, 6.169870175654069e-06, 6.164652859297348e-06], [6.184709491208196e-06, 6.180217042128788e-06, 6.189282885316061e-06, 6.18963122178684e-06, 6.170958840812091e-06, 0.9999567270278931, 6.177618161018472e-06, 6.185134225233924e-06], [6.075661985960323e-06, 6.0705306168529205e-06, 6.076681529521011e-06, 6.081812443881063e-06, 6.083558673708467e-06, 6.072846645110985e-06, 0.9999574422836304, 6.078449587221257e-06], [6.1632899814867415e-06, 6.164442311273888e-06, 6.166276762087364e-06, 6.1700588958046865e-06, 6.1588598327944055e-06, 6.164618298498681e-06, 6.168817890284117e-06, 0.9999568462371826]], "gate": 0.02434973232448101}
{"receiver_layer": 2, "sender_layers": [1, 2], "layer_weights": [0.49599793553352356, 0.5040020942687988], "head_mapping": [[0.9999568462371826, 6.1588598327944055e-06, 6.153070899017621e-06, 6.161908459034748e-06, 6.144498001958709e-06, 6.164701062516542e-06, 6.167229912534822e-06, 6.14503687756951e-06], [6.174154805194121e-06, 0.9999567270278931, 6.192087312228978e-06, 6.180582658998901e-06, 6.1941068452142645e-06, 6.172088887979044e-06, 6.170087999635143e-06, 6.166440471133683e-06], [6.175886028358946e-06, 6.1811133491573855e-06, 0.9999567270278931, 6.18204421698465e-06, 6.177948307595216e-06, 6.17764771959628e-06, 6.1790265135641675e-06, 6.176928764034528e-06], [6.1645355344808195e-06, 6.176115675771143e-06, 6.176222086651251e-06, 0.9999567270278931, 6.14746340943384e-06, 6.170446795294993e-06, 6.1518267102655955e-06, 6.172406756377313e-06], [6.1915075093565974e-06, 6.1894643295090646e-06, 6.186950940900715e-06, 6.195216883497778e-06, 0.9999566078186035, 6.1946434470883105e-06, 6.197114089445677e-06, 6.191702595970128e-06], [6.142916845419677e-06, 6.152549758553505e-06, 6.148941793071572e-06, 6.168335403344827e-06, 6.15899534750497e-06, 0.9999569654464722, 6.160969405755168e-06, 6.15007957094349e-06], [6.154515176604036e-06, 6.157156349217985e-06, 6.15656927038799e-06, 6.15538920101244e-06, 6.149668024590937e-06, 6.1609507611137815e-06, 0.9999568462371826, 6.154016318760114e-06], [6.15920089330757e-06, 6.154515176604036e-06, 6.1599816945090424e-06, 6.158184532978339e-06, 6.159482381917769e-06, 6.162126283015823e-06, 6.158237283671042e-06, 0.9999568462371826]], "gate": 0.022215455770492554}
{"receiver_layer": 3, "sender_layers": [2, 3], "layer_weights": [0.50401771068573, 0.49598222970962524], "head_mapping": [[0.9999566078186035, 6.170911092340248e-06, 6.1934324548929e-06, 6.197817128850147e-06, 6.187664894241607e-06, 6.215011126187164e-06, 6.202227723406395e-06, 6.178636795084458e-06], [6.1741484387312084e-06, 0.9999566078186035, 6.1783539422322065e-06, 6.196871709107654e-06, 6.195205060066655e-06, 6.191377451614244e-06, 6.201482392498292e-06, 6.1829159676562995e-06], [6.15163935435703e-06, 6.161526471260004e-06, 0.9999568462371826, 6.166817911434919e-06, 6.1634777921426576e-06, 6.160992143122712e-06, 6.154808488645358e-06, 6.1678997553826775e-06], [6.208311788213905e-06, 6.186319751577685e-06, 6.191861757542938e-06, 0.9999566078186035, 6.190645308379317e-06, 6.201021278684493e-06, 6.211378604348283e-06, 6.194200977915898e-06], [6.034357738826657e-06, 6.061870408302639e-06, 6.0805436987720896e-06, 6.059708994143875e-06, 0.9999575614929199, 6.072048108762829e-06, 6.075766577851027e-06, 6.052604931028327e-06], [6.048860086593777e-06, 6.0556708376680035e-06, 6.049944659025641e-06, 6.0546776694536675e-06, 6.058680810383521e-06, 0.9999575614929199, 6.0545853557414375e-06, 6.058449798729271e-06], [5.9889034673688e-06, 5.978118224447826e-06, 5.974880878056865e-06, 5.98506630922202e-06, 5.98658471062663e-06, 5.9799663176818285e-06, 0.9999581575393677, 5.980650712444913e-06], [6.170618235046277e-06, 6.155330538604176e-06, 6.174756435939344e-06, 6.167452738736756e-06, 6.1519385781139135e-06, 6.156557901704218e-06, 6.146443865873152e-06, 0.9999568462371826]], "gate": 0.026283876970410347}
{"receiver_layer": 4, "sender_layers": [3, 4], "layer_weights": [0.5320876836776733, 0.4679122865200043], "head_mapping": [[0.9999569654464722, 6.173079327709274e-06, 6.160599241411546e-06, 6.1437958720489405e-06, 6.152344212750904e-06, 6.156663857836975e-06, 6.159659278637264e-06, 6.138951903267298e-06], [6.16533588981838e-06, 0.9999568462371826, 6.160762950457865e-06, 6.163430953165516e-06, 6.171406312205363e-06, 6.150518856884446e-06, 6.166064849821851e-06, 6.1598934735229705e-06], [6.145284714875743e-06, 6.161470082588494e-06, 0.9999570846557617, 6.148157353891293e-06, 6.1690134316449985e-06, 6.143081463960698e-06, 6.128406312200241e-06, 6.152943569759373e-06], [6.102763563831104e-06, 6.0884221966261975e-06, 6.090257556934375e-06, 0.9999574422836304, 6.080902039684588e-06, 6.091616796766175e-06, 6.100249720475404e-06, 6.0970737649768125e-06], [6.17867362961988e-06, 6.163789748825366e-06, 6.162267254694598e-06, 6.166617822600529e-06, 0.9999568462371826, 6.16581837675767e-06, 6.167006176838186e-06, 6.166852926980937e-06], [6.016609404468909e-06, 6.010931883793091e-06, 6.00858174948371e-06, 5.991061698296107e-06, 6.021936769684544e-06, 0.9999579191207886, 6.017699888616335e-06, 6.00710927756154e-06], [6.091000614105724e-06, 6.0998013395874295e-06, 6.1014479797449894e-06, 6.1129912864998914e-06, 6.091888735682005e-06, 6.084260348870885e-06, 0.9999573230743408, 6.110100912337657e-06], [6.167735136841657e-06, 6.167511855892371e-06, 6.159330041555222e-06, 6.164218575577252e-06, 6.165076683828374e-06, 6.169600510474993e-06, 6.163190391816897e-06, 0.9999568462371826]], "gate": 0.02651391364634037}
{"receiver_layer": 5, "sender_layers": [3, 4], "layer_weights": [0.48166951537132263, 0.5183305144309998], "head_mapping": [[0.9999567270278931, 6.178720468597021e-06, 6.178720468597021e-06, 6.195542482601013e-06, 6.186385235196212e-06, 6.174549071147339e-06, 6.195040441525634e-06, 6.177459454193013e-06], [6.10693723501754e-06, 0.9999573230743408, 6.112320988904685e-06, 6.110118192736991e-06, 6.111522907303879e-06, 6.107181889092317e-06, 6.113055860623717e-06, 6.103642135713017e-06], [6.155783012218308e-06, 6.170029337226879e-06, 0.9999568462371826, 6.1513460423157085e-06, 6.152601599751506e-06, 6.154861239338061e-06, 6.161797045933781e-06, 6.163689704408171e-06], [6.0994411796855275e-06, 6.1002901929896325e-06, 6.091848717915127e-06, 0.9999573230743408, 6.1011510297248606e-06, 6.106459750299109e-06, 6.103060059103882e-06, 6.098649464547634e-06], [6.173390374897281e-06, 6.168323579913704e-06, 6.148366992420051e-06, 6.161244527902454e-06, 0.9999568462371826, 6.159869826660724e-06, 6.154221409815364e-06, 6.155371920613106e-06], [6.097033292462584e-06, 6.092882813391043e-06, 6.127881988504669e-06, 6.093603133194847e-06, 6.103437954152469e-06, 0.9999573230743408, 6.095905519032385e-06, 6.101045983086806e-06], [6.161269084259402e-06, 6.14975124335615e-06, 6.151816705823876e-06, 6.154615675768582e-06, 6.1723258113488555e-06, 6.148378815851174e-06, 0.9999569654464722, 6.149845376057783e-06], [6.138267508504214e-06, 6.147887688712217e-06, 6.139884135336615e-06, 6.137682248663623e-06, 6.149365162855247e-06, 6.15432236372726e-06, 6.1258001551323105e-06, 0.9999570846557617]], "gate": 0.0242104884237051}
{"receiver_layer": 6, "sender_layers": [4, 5], "layer_weights": [0.4916518032550812, 0.5083482265472412], "head_mapping": [[0.9999568462371826, 6.178803232614882e-06, 6.1578025452035945e-06, 6.179122010507854e-06, 6.182445758895483e-06, 6.165923878143076e-06, 6.165671038615983e-06, 6.1677119447267614e-06], [6.147247404442169e-06, 0.9999568462371826, 6.156140898383455e-06, 6.158489668450784e-06, 6.1559121604659595e-06, 6.153305548650678e-06, 6.1665177781833336e-06, 6.15685121374554e-06], [6.153952199383639e-06, 6.157920779514825e-06, 0.9999569654464722, 6.140855020930758e-06, 6.148648935777601e-06, 6.141124686109833e-06, 6.15212138654897e-06, 6.142834990896517e-06], [6.164818842080422e-06, 6.146713531052228e-06, 6.160716111480724e-06, 0.9999568462371826, 6.156046765681822e-06, 6.153141384857008e-06, 6.163524631119799e-06, 6.153746198833687e-06], [6.209814728208585e-06, 6.218746875674697e-06, 6.201186806720216e-06, 6.19871616436285e-06, 0.9999566078186035, 6.192948603711557e-06, 6.200205007189652e-06, 6.2026301748119295e-06], [6.121806109149475e-06, 6.1334940255619586e-06, 6.115667474659858e-06, 6.1143205130065326e-06, 6.113078597991262e-06, 0.9999572038650513, 6.119517820479814e-06, 6.122016657172935e-06], [6.179638603498461e-06, 6.193296940182336e-06, 6.1835648921260145e-06, 6.195996775204549e-06, 6.197722996148514e-06, 6.187422968650935e-06, 0.9999566078186035, 6.189907253428828e-06], [6.198828032211168e-06, 6.190627573232632e-06, 6.189830855873879e-06, 6.187216513353633e-06, 6.199318249855423e-06, 6.191188731463626e-06, 6.194620254973415e-06, 0.9999566078186035]], "gate": 0.021485233679413795}
{"receiver_layer": 7, "sender_layers": [5, 6], "layer_weights": [0.5054218173027039, 0.49457815289497375], "head_mapping": [[0.9999570846557617, 6.135201147117186e-06, 6.1348678173089866e-06, 6.125911113485927e-06, 6.128406312200241e-06, 6.125648269517114e-06, 6.123638740973547e-06, 6.123708772065584e-06], [6.199909421411576e-06, 0.9999566078186035, 6.207547812664416e-06, 6.198863502504537e-06, 6.201068572408985e-06, 6.20189666733495e-06, 6.192546607053373e-06, 6.203144494065782e-06], [6.158748419693438e-06, 6.1744444792566355e-06, 0.9999568462371826, 6.159764325275319e-06, 6.164595106383786e-06, 6.166135790408589e-06, 6.1545383687189315e-06, 6.172130724735325e-06], [6.143737664388027e-06, 6.1420855672622565e-06, 6.132165253802668e-06, 0.9999570846557617, 6.1319724409258924e-06, 6.134352588560432e-06, 6.137108812254155e-06, 6.131492682470707e-06], [6.154134098323993e-06, 6.146849045762792e-06, 6.1645196183235385e-06, 6.148554803075967e-06, 0.9999569654464722, 6.161457349662669e-06, 6.165947979752673e-06, 6.149440196168143e-06], [6.173660949571058e-06, 6.166593266243581e-06, 6.17411342318519e-06, 6.172183020680677e-06, 6.176940587465651e-06, 0.9999567270278931, 6.145610768726328e-06, 6.1693936004303396e-06], [6.1428704611898866e-06, 6.128043878561584e-06, 6.126594598754309e-06, 6.117206794442609e-06, 6.148643933556741e-06, 6.127108918008162e-06, 0.9999570846557617, 6.129633675300283e-06], [6.1368268688966054e-06, 6.141827270766953e-06, 6.142424808786018e-06, 6.145342467789305e-06, 6.142705842648866e-06, 6.144861799839418e-06, 6.1443288359441794e-06, 0.9999569654464722]], "gate": 0.023150162771344185}
{"receiver_layer": 8, "sender_layers": [6, 7], "layer_weights": [0.5144472718238831, 0.48555272817611694], "head_mapping": [[0.9999567270278931, 6.171605946292402e-06, 6.180434866109863e-06, 6.192618911882164e-06, 6.1870696299592964e-06, 6.183789537317352e-06, 6.196848062245408e-06, 6.165405466163065e-06], [6.1088935581210535e-06, 0.9999572038650513, 6.101057351770578e-06, 6.121759270172333e-06, 6.109115474828286e-06, 6.111003131081816e-06, 6.107856734161032e-06, 6.102541647123871e-06], [6.1534124142781366e-06, 6.144668532215292e-06, 0.9999569654464722, 6.150971785245929e-06, 6.152350124466466e-06, 6.156065410323208e-06, 6.14725331615773e-06, 6.1482501223508734e-06], [6.1685050241067074e-06, 6.193457465997199e-06, 6.171735549287405e-06, 0.9999567270278931, 6.172913344926201e-06, 6.197380116645945e-06, 6.179569027153775e-06, 6.208359081938397e-06], [6.13571592111839e-06, 6.138923708931543e-06, 6.137366654002108e-06, 6.129306711954996e-06, 0.9999570846557617, 6.1253795138327405e-06, 6.1381565501505975e-06, 6.134253453637939e-06], [6.1784139688825235e-06, 6.176280749059515e-06, 6.171747372718528e-06, 6.180205218697665e-06, 6.19178581473534e-06, 0.9999567270278931, 6.180122909427155e-06, 6.1866089708928484e-06], [6.165383183542872e-06, 6.170582310005557e-06, 6.168311756482581e-06, 6.167829724290641e-06, 6.1683763306064066e-06, 6.167864739836659e-06, 0.9999568462371826, 6.168111667648191e-06], [6.215028861333849e-06, 6.213380856934236e-06, 6.214353106770432e-06, 6.204511464602547e-06, 6.200441930559464e-06, 6.2152425925887655e-06, 6.217986992851365e-06, 0.9999566078186035]], "gate": 0.023799166083335876}
{"receiver_layer": 9, "sender_layers": [6, 7], "layer_weights": [0.4725380837917328, 0.5274619460105896], "head_mapping": [[0.9999568462371826, 6.182233391882619e-06, 6.161715191410622e-06, 6.156457857287023e-06, 6.162561476230621e-06, 6.1664236454817e-06, 6.153587492008228e-06, 6.182327979331603e-06], [6.157667485240381e-06, 0.9999568462371826, 6.1635541896976065e-06, 6.165559170767665e-06, 6.153582035040017e-06, 6.15733324593748e-06, 6.142863639979623e-06, 6.149562977952883e-06], [6.176021997816861e-06, 6.187765393406153e-06, 0.9999567270278931, 6.155593837320339e-06, 6.169728749227943e-06, 6.17876094111125e-06, 6.1550067584903445e-06, 6.15932913206052e-06], [6.233822205103934e-06, 6.213463166204747e-06, 6.216705514816567e-06, 0.999956488609314, 6.220697287062649e-06, 6.225129709491739e-06, 6.2256644923763815e-06, 6.219498573045712e-06], [6.136910087661818e-06, 6.139895504020387e-06, 6.129651410446968e-06, 6.127132110123057e-06, 0.9999570846557617, 6.1239134083734825e-06, 6.122354079707293e-06, 6.135944204288535e-06], [6.127050710347248e-06, 6.119902536738664e-06, 6.125601430539973e-06, 6.1263608586159535e-06, 6.12781605013879e-06, 0.9999570846557617, 6.122424110799329e-06, 6.124561423348496e-06], [6.118700639490271e-06, 6.123043931438588e-06, 6.118012152001029e-06, 6.120335001469357e-06, 6.113376002758741e-06, 6.11088717050734e-06, 0.9999572038650513, 6.1120294958527666e-06], [6.191248758113943e-06, 6.189170107973041e-06, 6.164805654407246e-06, 6.174243026180193e-06, 6.177936484164093e-06, 6.18606600255589e-06, 6.182693141454365e-06, 0.9999567270278931]], "gate": 0.023439502343535423}
{"receiver_layer": 10, "sender_layers": [7, 8], "layer_weights": [0.48797252774238586, 0.5120275020599365], "head_mapping": [[0.9999567270278931, 6.183660389069701e-06, 6.1943551372678485e-06, 6.174738246045308e-06, 6.1787904996890575e-06, 6.180835953273345e-06, 6.171017503220355e-06, 6.174261216074228e-06], [6.117138127592625e-06, 0.9999573230743408, 6.110939921200043e-06, 6.097864570620004e-06, 6.104189196776133e-06, 6.096550805523293e-06, 6.092569037718931e-06, 6.106459750299109e-06], [6.160886186989956e-06, 6.166658749862108e-06, 0.9999568462371826, 6.177566319820471e-06, 6.1608743635588326e-06, 6.155095888971118e-06, 6.18061812929227e-06, 6.177077466418268e-06], [6.157227289804723e-06, 6.151246452645864e-06, 6.168682375573553e-06, 0.9999568462371826, 6.16550005361205e-06, 6.165747436170932e-06, 6.1569335230160505e-06, 6.1726664171146695e-06], [6.109505648055347e-06, 6.131821010058047e-06, 6.111079073889414e-06, 6.11793075222522e-06, 0.9999572038650513, 6.104584372224053e-06, 6.1233768064994365e-06, 6.108940851845546e-06], [6.157202733447775e-06, 6.1560281210404355e-06, 6.160550583445001e-06, 6.164053047541529e-06, 6.151803063403349e-06, 0.9999567270278931, 6.154220500320662e-06, 6.173784640850499e-06], [6.13929159953841e-06, 6.13954307482345e-06, 6.164631031424506e-06, 6.145858151285211e-06, 6.1475407164834905e-06, 6.144615781522589e-06, 0.9999569654464722, 6.143731297925115e-06], [6.1459986682166345e-06, 6.156552444736008e-06, 6.152649348223349e-06, 6.147610747575527e-06, 6.137190212029964e-06, 6.144856342871208e-06, 6.144457984191831e-06, 0.9999569654464722]], "gate": 0.02370453253388405}
{"receiver_layer": 11, "sender_layers": [8, 9], "layer_weights": [0.5039032697677612, 0.49609673023223877], "head_mapping": [[0.9999568462371826, 6.175704584165942e-06, 6.161497367429547e-06, 6.189242412801832e-06, 6.176718216011068e-06, 6.175292583066039e-06, 6.167576884763548e-06, 6.164183560031233e-06], [6.162784302432556e-06, 0.9999568462371826, 6.139741344668437e-06, 6.159858003229601e-06, 6.175751877890434e-06, 6.174067493702751e-06, 6.168676463857992e-06, 6.157791176519822e-06], [6.228930942597799e-06, 6.221124294825131e-06, 0.999956488609314, 6.2291624089994e-06, 6.221628609637264e-06, 6.207351361808833e-06, 6.233684871403966e-06, 6.199034032761119e-06], [6.201423730090028e-06, 6.2004951359995175e-06, 6.20775517745642e-06, 0.9999566078186035, 6.197037237143377e-06, 6.196150025061797e-06, 6.20360015091137e-06, 6.216167093953118e-06], [6.062593001843197e-06, 6.07658876106143e-06, 6.077330908738077e-06, 6.073240456316853e-06, 0.9999574422836304, 6.07390074947034e-06, 6.069499704608461e-06, 6.0888869484188035e-06], [6.145031420601299e-06, 6.161726560094394e-06, 6.162513727758778e-06, 6.163019406812964e-06, 6.154913535283413e-06, 0.9999568462371826, 6.172207122290274e-06, 6.14832015344291e-06], [6.12491248830338e-06, 6.137313903309405e-06, 6.116162694524974e-06, 6.118688816059148e-06, 6.1338669183896855e-06, 6.136254341981839e-06, 0.9999570846557617, 6.135476269264473e-06], [6.163537364045624e-06, 6.165630566101754e-06, 6.143865903140977e-06, 6.145465704321396e-06, 6.159494660096243e-06, 6.161292731121648e-06, 6.14778673480032e-06, 0.9999569654464722]], "gate": 0.022405393421649933}
{"receiver_layer": 12, "sender_layers": [9, 10], "layer_weights": [0.5099663734436035, 0.4900336265563965], "head_mapping": [[0.9999568462371826, 6.1643831941182725e-06, 6.162078989291331e-06, 6.16376610196312e-06, 6.162114004837349e-06, 6.16360739513766e-06, 6.166064849821851e-06, 6.166247203509556e-06], [6.164229489513673e-06, 0.9999567270278931, 6.171441327751381e-06, 6.1714526964351535e-06, 6.165722879813984e-06, 6.1889518292446155e-06, 6.155323717393912e-06, 6.1781133808835875e-06], [6.120498710515676e-06, 6.1152823036536574e-06, 0.9999572038650513, 6.120486887084553e-06, 6.116157237556763e-06, 6.117743851064006e-06, 6.117329576227348e-06, 6.12055737292394e-06], [6.13350493949838e-06, 6.139543984318152e-06, 6.139584911579732e-06, 0.9999570846557617, 6.132978342066053e-06, 6.1438081502274144e-06, 6.14407781540649e-06, 6.138098342489684e-06], [6.141968242445728e-06, 6.1449613895092625e-06, 6.144077360659139e-06, 6.142623988125706e-06, 0.9999569654464722, 6.143186055851402e-06, 6.142038273537764e-06, 6.140790901554283e-06], [6.1414407355186995e-06, 6.147071417217376e-06, 6.1415930758812465e-06, 6.149282398837386e-06, 6.148191459942609e-06, 0.9999569654464722, 6.144622147985501e-06, 6.145753104647156e-06], [6.123382263467647e-06, 6.120211764937267e-06, 6.1225878198456485e-06, 6.139831384643912e-06, 6.124433184595546e-06, 6.131142072263174e-06, 0.9999570846557617, 6.12149597145617e-06], [6.152765763545176e-06, 6.158718861115631e-06, 6.164430487842765e-06, 6.1623845795111265e-06, 6.159517397463787e-06, 6.15932367509231e-06, 6.159752501844196e-06, 0.9999568462371826]], "gate": 0.023344675078988075}
{"receiver_layer": 13, "sender_layers": [10, 11], "layer_weights": [0.5263671875, 0.4736327528953552], "head_mapping": [[0.9999572038650513, 6.1274422478163615e-06, 6.1205332713143434e-06, 6.12170106251142e-06, 6.1181058299553115e-06, 6.119249519542791e-06, 6.123330422269646e-06, 6.122868853708496e-06], [6.169982043502387e-06, 0.9999567270278931, 6.171441327751381e-06, 6.17530349700246e-06, 6.1724299484922085e-06, 6.189979558257619e-06, 6.171829681989038e-06, 6.182716788316611e-06], [6.1733830989396665e-06, 6.184272933751345e-06, 0.9999566078186035, 6.179868250910658e-06, 6.167175342852715e-06, 6.190172825881746e-06, 6.173006113385782e-06, 6.198538358148653e-06], [6.14934106124565e-06, 6.135398962214822e-06, 6.161921646707924e-06, 0.9999569654464722, 6.136183401395101e-06, 6.148355623736279e-06, 6.142120128060924e-06, 6.160375960462261e-06], [6.147968633740675e-06, 6.153623417048948e-06, 6.162715180835221e-06, 6.1431510403053835e-06, 0.9999569654464722, 6.152309197204886e-06, 6.152185960672796e-06, 6.147487965790788e-06], [6.149798082333291e-06, 6.1461751101887785e-06, 6.146901796455495e-06, 6.1456821640604176e-06, 6.154445145512e-06, 0.9999569654464722, 6.148848115117289e-06, 6.15595354247489e-06], [6.1166356317698956e-06, 6.126851985754911e-06, 6.119056706666015e-06, 6.1194714362500235e-06, 6.124936589912977e-06, 6.116518761700718e-06, 0.9999572038650513, 6.110490630817367e-06], [6.165317699924344e-06, 6.17119439993985e-06, 6.1840851230954286e-06, 6.161949386296328e-06, 6.175197086122353e-06, 6.186821792653063e-06, 6.17259502178058e-06, 0.9999567270278931]], "gate": 0.02334102801978588}
{"receiver_layer": 14, "sender_layers": [10, 11], "layer_weights": [0.48062872886657715, 0.5193712711334229], "head_mapping": [[0.9999570846557617, 6.155185019451892e-06, 6.122015747678233e-06, 6.129996563686291e-06, 6.126688276708592e-06, 6.133059741841862e-06, 6.127979759185109e-06, 6.12693384027807e-06], [6.192778073454974e-06, 0.9999567270278931, 6.1746491155645344e-06, 6.186249265738297e-06, 6.18042304267874e-06, 6.185771326272516e-06, 6.169664175104117e-06, 6.177860086609144e-06], [6.1475407164834905e-06, 6.147405656520277e-06, 0.9999569654464722, 6.142131951492047e-06, 6.139730885479366e-06, 6.135750481917057e-06, 6.1395785451168194e-06, 6.139326615084428e-06], [6.117311841080664e-06, 6.1194714362500235e-06, 6.127699634816963e-06, 0.9999572038650513, 6.114722964412067e-06, 6.127220331109129e-06, 6.114541974966414e-06, 6.117487373558106e-06], [6.1192672546894755e-06, 6.117639259173302e-06, 6.110117283242289e-06, 6.1142327467678115e-06, 0.9999572038650513, 6.1224718592711724e-06, 6.115923952165758e-06, 6.128792392701143e-06], [6.16686475041206e-06, 6.1631017160834745e-06, 6.168700110720238e-06, 6.172101166157518e-06, 6.161368219181895e-06, 0.9999568462371826, 6.148788997961674e-06, 6.1589598772116005e-06], [6.129990197223378e-06, 6.124947503849398e-06, 6.1213263506942894e-06, 6.1277869463083334e-06, 6.130989731900627e-06, 6.12986787018599e-06, 0.9999570846557617, 6.120830221334472e-06], [6.111807579145534e-06, 6.11101540926029e-06, 6.109628429840086e-06, 6.110316007834626e-06, 6.108899924583966e-06, 6.109115474828286e-06, 6.113708423072239e-06, 0.9999572038650513]], "gate": 0.024246277287602425}
{"receiver_layer": 15, "sender_layers": [11, 12], "layer_weights": [0.4957752525806427, 0.5042247176170349], "head_mapping": [[0.9999566078186035, 6.199436938914005e-06, 6.1929131334181875e-06, 6.201245923875831e-06, 6.191613920236705e-06, 6.184997801028658e-06, 6.200938514666632e-06, 6.198124538059346e-06], [6.166693310660776e-06, 0.9999567270278931, 6.145171028038021e-06, 6.1659934544877615e-06, 6.171206223370973e-06, 6.164188562252093e-06, 6.162919362395769e-06, 6.1726659623673186e-06], [6.128657787485281e-06, 6.131983809609665e-06, 0.9999570846557617, 6.1119058045733254e-06, 6.1326973082032055e-06, 6.130183010100154e-06, 6.12584108239389e-06, 6.135107469162904e-06], [6.125917025201488e-06, 6.142788606666727e-06, 6.126863354438683e-06, 0.9999570846557617, 6.144792678242084e-06, 6.121151727711549e-06, 6.138818207546137e-06, 6.12499979979475e-06], [6.138349817774724e-06, 6.130451765784528e-06, 6.134066552476725e-06, 6.129598659754265e-06, 0.9999570846557617, 6.1383966567518655e-06, 6.128587301645894e-06, 6.145987754280213e-06], [6.121747901488561e-06, 6.108952220529318e-06, 6.113288691267371e-06, 6.109883997851284e-06, 6.120708803791786e-06, 0.9999572038650513, 6.115008545748424e-06, 6.127881079009967e-06], [6.109424248279538e-06, 6.115672931628069e-06, 6.1253276726347394e-06, 6.132622274890309e-06, 6.115644282544963e-06, 6.114197731221793e-06, 0.9999572038650513, 6.1147811720729806e-06], [6.097667210269719e-06, 6.09199378232006e-06, 6.117780230852077e-06, 6.096596735005733e-06, 6.098777703300584e-06, 6.11716131970752e-06, 6.098231096984819e-06, 0.9999573230743408]], "gate": 0.024973586201667786}
{"receiver_layer": 16, "sender_layers": [12, 13], "layer_weights": [0.502893328666687, 0.4971066415309906], "head_mapping": [[0.9999568462371826, 6.15493763689301e-06, 6.173514066176722e-06, 6.159963504615007e-06, 6.169547305034939e-06, 6.156440122140339e-06, 6.158002179290634e-06, 6.1543742049252614e-06], [6.16686475041206e-06, 0.9999568462371826, 6.156511062727077e-06, 6.155148639663821e-06, 6.170529559312854e-06, 6.152718924568035e-06, 6.153300091682468e-06, 6.169453172333306e-06], [6.112717073847307e-06, 6.1091618590580765e-06, 0.9999572038650513, 6.113871677371208e-06, 6.112682058301289e-06, 6.1154864852142055e-06, 6.10835832048906e-06, 6.115556061558891e-06], [6.169723747007083e-06, 6.1612681747647e-06, 6.169376774778357e-06, 0.9999568462371826, 6.143237897049403e-06, 6.169323569338303e-06, 6.138430308055831e-06, 6.144978669908596e-06], [6.060390660422854e-06, 6.0556708376680035e-06, 6.053563083696645e-06, 6.072383712307783e-06, 0.9999575614929199, 6.0559191297215875e-06, 6.0556826610991266e-06, 6.057825430616504e-06], [6.124440005805809e-06, 6.122425020294031e-06, 6.125987511040876e-06, 6.122466402302962e-06, 6.114792540756753e-06, 0.9999572038650513, 6.121187198004918e-06, 6.123201728769345e-06], [6.03038370172726e-06, 6.054383902664995e-06, 6.046489943400957e-06, 6.041147116775392e-06, 6.045878762961365e-06, 6.038313586032018e-06, 0.9999576807022095, 6.034525540599134e-06], [6.1355171965260524e-06, 6.126694188424153e-06, 6.136301180958981e-06, 6.133563147159293e-06, 6.15064391240594e-06, 6.135499461379368e-06, 6.148831744212657e-06, 0.9999570846557617]], "gate": 0.0265008807182312}
{"receiver_layer": 17, "sender_layers": [13, 14], "layer_weights": [0.5413944721221924, 0.4586055278778076], "head_mapping": [[0.9999569654464722, 6.150584340502974e-06, 6.142881829873659e-06, 6.152009518700652e-06, 6.156182280392386e-06, 6.141025096439989e-06, 6.155865321488818e-06, 6.164454589452362e-06], [6.1392856878228486e-06, 0.9999569654464722, 6.128317636466818e-06, 6.130989277153276e-06, 6.126202151790494e-06, 6.147546173451701e-06, 6.135726835054811e-06, 6.147698968561599e-06], [6.144006420072401e-06, 6.142670827102847e-06, 0.9999569654464722, 6.143197879282525e-06, 6.156029485282488e-06, 6.1578384702443145e-06, 6.154762104415568e-06, 6.145776296762051e-06], [6.0647630562016275e-06, 6.0449165175668895e-06, 6.042443601472769e-06, 0.9999576807022095, 6.042242148396326e-06, 6.040312200639164e-06, 6.0366373872966506e-06, 6.038820174580906e-06], [6.097312962083379e-06, 6.087458586989669e-06, 6.091959676268743e-06, 6.091047907830216e-06, 0.9999574422836304, 6.082572326704394e-06, 6.092558578529861e-06, 6.08922391620581e-06], [6.124072115198942e-06, 6.128044333308935e-06, 6.124831543274922e-06, 6.124112587713171e-06, 6.11588893661974e-06, 0.9999572038650513, 6.124679657659726e-06, 6.131341251602862e-06], [5.707265700038988e-06, 5.711948233511066e-06, 5.724387392547214e-06, 5.716558462154353e-06, 5.725146365875844e-06, 5.734714250138495e-06, 0.9999599456787109, 5.717022304452257e-06], [6.186975042510312e-06, 6.174402187753003e-06, 6.183141522342339e-06, 6.169887456053402e-06, 6.194780780788278e-06, 6.189111445564777e-06, 6.167052106320625e-06, 0.9999567270278931]], "gate": 0.03191153705120087}
{"receiver_layer": 18, "sender_layers": [13, 14], "layer_weights": [0.4859630763530731, 0.5140369534492493], "head_mapping": [[0.9999570846557617, 6.135365310910856e-06, 6.1509135775850154e-06, 6.1503683355113026e-06, 6.130451765784528e-06, 6.155361461424036e-06, 6.145818133518333e-06, 6.1255195760168135e-06], [6.1349260249699e-06, 0.9999570846557617, 6.134838258731179e-06, 6.139251127024181e-06, 6.131059762992663e-06, 6.1182217905297875e-06, 6.1313876358326524e-06, 6.126840162323788e-06], [6.142659913166426e-06, 6.123253569967346e-06, 0.9999570846557617, 6.144230155769037e-06, 6.15773342360626e-06, 6.1433388509613e-06, 6.129622306616511e-06, 6.143837254057871e-06], [6.04108981860918e-06, 6.037720140739111e-06, 6.035883416188881e-06, 0.9999576807022095, 6.054978712199954e-06, 6.039856998540927e-06, 6.042951099516358e-06, 6.063935416023014e-06], [6.1251348597579636e-06, 6.118771125329658e-06, 6.115200903877849e-06, 6.1138421187934e-06, 0.9999572038650513, 6.113532890594797e-06, 6.117767497926252e-06, 6.116898020991357e-06], [6.143432528915582e-06, 6.150173703645123e-06, 6.146180567156989e-06, 6.14317468716763e-06, 6.146690338937333e-06, 0.9999569654464722, 6.144522558315657e-06, 6.138969183666632e-06], [5.920516287005739e-06, 5.926548965362599e-06, 5.929115559411002e-06, 5.922984200879e-06, 5.913963832426816e-06, 5.9314179452485405e-06, 0.9999585151672363, 5.929466624365887e-06], [6.152837158879265e-06, 6.16235047345981e-06, 6.15383487456711e-06, 6.150519766379148e-06, 6.15846693108324e-06, 6.144417056930251e-06, 6.146831310616108e-06, 0.9999569654464722]], "gate": 0.027326183393597603}
{"receiver_layer": 19, "sender_layers": [14, 15], "layer_weights": [0.4951041340827942, 0.5048958659172058], "head_mapping": [[0.9999567270278931, 6.160163138702046e-06, 6.168887466628803e-06, 6.161802502901992e-06, 6.170570031827083e-06, 6.164629212435102e-06, 6.171299901325256e-06, 6.160715656733373e-06], [6.138900062069297e-06, 0.9999570846557617, 6.137389846117003e-06, 6.141558515082579e-06, 6.139374363556271e-06, 6.138103799457895e-06, 6.136617685115198e-06, 6.1412247305270284e-06], [6.166047569422517e-06, 6.172907433210639e-06, 0.9999568462371826, 6.166123966977466e-06, 6.17115347267827e-06, 6.170005690364633e-06, 6.158807082101703e-06, 6.172383564262418e-06], [6.12436861047172e-06, 6.123878392827464e-06, 6.130019301053835e-06, 0.9999570846557617, 6.124602805357426e-06, 6.13100155533175e-06, 6.124164428911172e-06, 6.128289442131063e-06], [6.163008038129192e-06, 6.167781975818798e-06, 6.164418664411642e-06, 6.16533588981838e-06, 0.9999568462371826, 6.165653303469298e-06, 6.17159457760863e-06, 6.164824299048632e-06], [6.1204168559925165e-06, 6.119996669440297e-06, 6.119086265243823e-06, 6.125766049080994e-06, 6.127039341663476e-06, 0.9999572038650513, 6.12473786532064e-06, 6.121041224105284e-06], [6.135125204309588e-06, 6.120544185250765e-06, 6.124351784819737e-06, 6.13037582297693e-06, 6.130276688054437e-06, 6.121139904280426e-06, 0.9999570846557617, 6.126027983555105e-06], [6.145336556073744e-06, 6.1392856878228486e-06, 6.138067874417175e-06, 6.14325699643814e-06, 6.150959507067455e-06, 6.156657946121413e-06, 6.14643249718938e-06, 0.9999569654464722]], "gate": 0.025103848427534103}
{"receiver_layer": 20, "sender_layers": [15, 16], "layer_weights": [0.5093820691108704, 0.490617960691452], "head_mapping": [[0.9999568462371826, 6.1832361097913235e-06, 6.162796125863679e-06, 6.172024768602569e-06, 6.174938789627049e-06, 6.174950613058172e-06, 6.1630134950974025e-06, 6.163425041449955e-06], [6.103478881414048e-06, 0.9999573230743408, 6.099824986449676e-06, 6.099557595007354e-06, 6.107555236667395e-06, 6.1061982705723494e-06, 6.108894467615755e-06, 6.105097327235853e-06], [6.185075562825659e-06, 6.174266673042439e-06, 0.9999567270278931, 6.169287644297583e-06, 6.172948360472219e-06, 6.195158221089514e-06, 6.181690878293011e-06, 6.181655407999642e-06], [6.021694844093872e-06, 6.030751592334127e-06, 6.021154604241019e-06, 0.999957799911499, 6.015495728206588e-06, 6.024015419825446e-06, 6.028210918884724e-06, 6.0256470533204265e-06], [6.144750386738451e-06, 6.143520295154303e-06, 6.1473883761209436e-06, 6.144884991954314e-06, 0.9999569654464722, 6.143374321254669e-06, 6.156910785648506e-06, 6.136885986052221e-06], [6.01093097429839e-06, 6.0202360145922285e-06, 6.00233852310339e-06, 6.006198418617714e-06, 6.0204201872693375e-06, 0.999957799911499, 6.019862667017151e-06, 6.016356564941816e-06], [6.078786100260913e-06, 6.0817255871370435e-06, 6.086436769692227e-06, 6.084626420488348e-06, 6.075464625610039e-06, 6.071451025491115e-06, 0.9999574422836304, 6.07926131124259e-06], [6.009888238622807e-06, 6.019043212290853e-06, 6.009223397995811e-06, 6.0136153479106724e-06, 6.012468475091737e-06, 6.0084444157837424e-06, 6.003896032780176e-06, 0.9999579191207886]], "gate": 0.029481345787644386}
{"receiver_layer": 21, "sender_layers": [16, 17], "layer_weights": [0.529158353805542, 0.47084158658981323], "head_mapping": [[0.9999574422836304, 6.092883722885745e-06, 6.098725862102583e-06, 6.088323971198406e-06, 6.094784112065099e-06, 6.088863756303908e-06, 6.087005658628186e-06, 6.1037708292133175e-06], [6.163560556160519e-06, 0.9999568462371826, 6.15632279732381e-06, 6.156053132144734e-06, 6.148425654828316e-06, 6.16053966950858e-06, 6.15640510659432e-06, 6.15135195403127e-06], [6.207387741596904e-06, 6.205955287441611e-06, 0.9999566078186035, 6.196020876814146e-06, 6.209981165739009e-06, 6.196493359311717e-06, 6.207275419001235e-06, 6.206429134181235e-06], [6.131258487585001e-06, 6.147605290607316e-06, 6.141341145848855e-06, 0.9999569654464722, 6.14007649346604e-06, 6.141827270766953e-06, 6.14643249718938e-06, 6.147241492726607e-06], [5.869544111192226e-06, 5.888347914151382e-06, 5.881809556740336e-06, 5.886989129066933e-06, 0.9999587535858154, 5.8961591093975585e-06, 5.884783149667783e-06, 5.875026090507163e-06], [6.013837719365256e-06, 6.023745299899019e-06, 6.008523541822797e-06, 6.012995072524063e-06, 6.022492925694678e-06, 0.999957799911499, 6.015203325659968e-06, 5.991969374008477e-06], [5.977149157843087e-06, 5.980969945085235e-06, 5.9851690821233205e-06, 5.981277809041785e-06, 5.989748842694098e-06, 5.975838575977832e-06, 0.9999581575393677, 5.974436135147698e-06], [6.181371190905338e-06, 6.187859526107786e-06, 6.185334314068314e-06, 6.1890518736618105e-06, 6.186661721585551e-06, 6.169504104036605e-06, 6.1881546571385115e-06, 0.9999566078186035]], "gate": 0.030486300587654114}
{"receiver_layer": 22, "sender_layers": [17, 18], "layer_weights": [0.5298574566841125, 0.47014257311820984], "head_mapping": [[0.9999599456787109, 5.705235707864631e-06, 5.727603820560034e-06, 5.709693596145371e-06, 5.705034254788188e-06, 5.706525371351745e-06, 5.717763542634202e-06, 5.722919013351202e-06], [6.142243819340365e-06, 0.9999570846557617, 6.1313753576541785e-06, 6.129587291070493e-06, 6.140001005405793e-06, 6.129937901278026e-06, 6.1318437474255916e-06, 6.139895504020387e-06], [6.212937023519771e-06, 6.178671810630476e-06, 0.9999566078186035, 6.194744401000207e-06, 6.187924554978963e-06, 6.194354227773147e-06, 6.181913704494946e-06, 6.182857305248035e-06], [5.917682301515015e-06, 5.914652319916058e-06, 5.9224698816251475e-06, 0.9999585151672363, 5.9294552556821145e-06, 5.932945441600168e-06, 5.932605745329056e-06, 5.914178473176435e-06], [6.198739356477745e-06, 6.179549927765038e-06, 6.185145593917696e-06, 6.196865342644742e-06, 0.9999566078186035, 6.198538358148653e-06, 6.184933681652183e-06, 6.192227829160402e-06], [6.1472765082726255e-06, 6.164619207993383e-06, 6.157767984404927e-06, 6.1452137742890045e-06, 6.153623417048948e-06, 0.9999569654464722, 6.1527316574938595e-06, 6.1644432207685895e-06], [5.539291123568546e-06, 5.543492534343386e-06, 5.536286153073888e-06, 5.521211733139353e-06, 5.539872290682979e-06, 5.5463424359913915e-06, 0.999961256980896, 5.5287991926888935e-06], [6.1640189414902125e-06, 6.1560999711218756e-06, 6.163907528389245e-06, 6.158531050459715e-06, 6.171606401039753e-06, 6.1609857766598e-06, 6.147862677607918e-06, 0.9999568462371826]], "gate": 0.04392449930310249}
{"receiver_layer": 23, "sender_layers": [17, 18], "layer_weights": [0.4847938120365143, 0.5152062177658081], "head_mapping": [[0.999957799911499, 6.025543825671775e-06, 6.0225270317459945e-06, 6.015931830916088e-06, 6.036229933670256e-06, 6.032017154211644e-06, 6.030009899404831e-06, 6.020511591486866e-06], [6.133153419796145e-06, 0.9999570846557617, 6.129236226115609e-06, 6.1309310694923624e-06, 6.13504926150199e-06, 6.134493105491856e-06, 6.1280788941076025e-06, 6.132539510872448e-06], [6.1510418163379654e-06, 6.139678134786664e-06, 0.9999569654464722, 6.1459986682166345e-06, 6.152145033411216e-06, 6.155020400910871e-06, 6.156757990538608e-06, 6.147645763121545e-06], [6.130474957899423e-06, 6.126542302808957e-06, 6.129750545369461e-06, 0.9999570846557617, 6.138467142591253e-06, 6.130855126684764e-06, 6.14168720858288e-06, 6.131024747446645e-06], [6.1771884247718845e-06, 6.17267187408288e-06, 6.17063506069826e-06, 6.175656380946748e-06, 0.9999567270278931, 6.173995643621311e-06, 6.178466719575226e-06, 6.165670129121281e-06], [6.062731699785218e-06, 6.057137397874612e-06, 6.0616907830990385e-06, 6.063842192816082e-06, 6.064442914066603e-06, 0.9999574422836304, 6.070240942790406e-06, 6.066467904020101e-06], [6.057710379536729e-06, 6.046934231562773e-06, 6.036723789293319e-06, 6.044881502020871e-06, 6.037472758180229e-06, 6.04979550189455e-06, 0.9999576807022095, 6.044789643055992e-06], [6.1800519688404165e-06, 6.1747969084535725e-06, 6.1773885136062745e-06, 6.181101070978912e-06, 6.167063475004397e-06, 6.177930572448531e-06, 6.1761866163578816e-06, 0.9999567270278931]], "gate": 0.026936039328575134}
