{"receiver_layer": 0, "sender_layers": [0, 1], "layer_weights": [0.5258036255836487, 0.47419634461402893], "head_mapping": [[0.9999573230743408, 6.126333119027549e-06, 6.10736287853797e-06, 6.112204573582858e-06, 6.104846761445515e-06, 6.120931175246369e-06, 6.104049589339411e-06, 6.120546004240168e-06], [6.143690370663535e-06, 0.9999569654464722, 6.140362984297099e-06, 6.135586318123387e-06, 6.128873337729601e-06, 6.144463441160042e-06, 6.152848982310388e-06, 6.129486791905947e-06], [6.1144251048972365e-06, 6.113777999416925e-06, 0.9999572038650513, 6.117540124250809e-06, 6.116857093729777e-06, 6.113066774560139e-06, 6.111067250458291e-06, 6.131516784080304e-06], [6.118257260823157e-06, 6.117107659520116e-06, 6.134300747362431e-06, 0.9999572038650513, 6.112536539149005e-06, 6.113953077147016e-06, 6.1182281569927e-06, 6.113859853940085e-06], [6.172748271637829e-06, 6.165581908135209e-06, 6.180317086545983e-06, 6.161714736663271e-06, 0.9999567270278931, 6.181643584568519e-06, 6.165523245726945e-06, 6.180947821121663e-06], [6.156652489153203e-06, 6.147476142359665e-06, 6.1389932852762286e-06, 6.145471616036957e-06, 6.1374712458928116e-06, 0.9999569654464722, 6.144475264591165e-06, 6.1377636484394316e-06], [6.111562470323406e-06, 6.109832156653283e-06, 6.11088717050734e-06, 6.112355549703352e-06, 6.111970833444502e-06, 6.1124260355427396e-06, 0.9999572038650513, 6.112880328146275e-06], [6.1310947785386816e-06, 6.12512258157949e-06, 6.128301265562186e-06, 6.127611413830891e-06, 6.146246050775517e-06, 6.139333436294692e-06, 6.125881554908119e-06, 0.9999570846557617]], "gate": 0.022554520517587662}
{"receiver_layer": 1, "sender_layers": [0, 1], "layer_weights": [0.48298391699790955, 0.5170161128044128], "head_mapping": [[0.9999570846557617, 6.14230793871684e-06, 6.1318201005633455e-06, 6.130872861831449e-06, 6.133797342045e-06, 6.139064225862967e-06, 6.131738246040186e-06, 6.128348104539327e-06], [6.1422019825840835e-06, 0.9999569654464722, 6.153576578071807e-06, 6.145331099105533e-06, 6.140714503999334e-06, 6.1515584093285725e-06, 6.154451511974912e-06, 6.130392648628913e-06], [6.119914814917138e-06, 6.1201367316243704e-06, 0.9999572038650513, 6.120358193584252e-06, 6.1208133956824895e-06, 6.122033937572269e-06, 6.119704266893677e-06, 6.120848865975859e-06], [6.158695214253385e-06, 6.163877969811438e-06, 6.159330041555222e-06, 0.9999568462371826, 6.154925813461887e-06, 6.164724254631437e-06, 6.157532425277168e-06, 6.168782874738099e-06], [6.148789452709025e-06, 6.147716703708284e-06, 6.1549385463877115e-06, 6.1567052398459055e-06, 0.9999569654464722, 6.148472948552808e-06, 6.151822162792087e-06, 6.148221018520417e-06], [6.143362952570897e-06, 6.137705895525869e-06, 6.145583483885275e-06, 6.147558906377526e-06, 6.12890880802297e-06, 0.9999570846557617, 6.134118393674726e-06, 6.1449331951735076e-06], [6.1096748140698764e-06, 6.105806733103236e-06, 6.107763510954101e-06, 6.113183644629316e-06, 6.112693426985061e-06, 6.106249657023e-06, 0.9999572038650513, 6.110129106673412e-06], [6.123907496657921e-06, 6.125765139586292e-06, 6.126454081822885e-06, 6.1315158745856024e-06, 6.1203691075206734e-06, 6.124304491095245e-06, 6.1309428929234855e-06, 0.9999570846557617]], "gate": 0.02292788401246071}
{"receiver_layer": 2, "sender_layers": [1, 2], "layer_weights": [0.4956143796443939, 0.5043856501579285], "head_mapping": [[0.9999570846557617, 6.138748176454101e-06, 6.123346793174278e-06, 6.141950962046394e-06, 6.124795618234202e-06, 6.1411074057105e-06, 6.146116902527865e-06, 6.126506832515588e-06], [6.1514983826782554e-06, 0.9999568462371826, 6.167193987494102e-06, 6.1604218899447005e-06, 6.170429514895659e-06, 6.14676082477672e-06, 6.147522526589455e-06, 6.149480668682372e-06], [6.124299034127034e-06, 6.126910193415824e-06, 0.9999570846557617, 6.126618245616555e-06, 6.125899290054804e-06, 6.122517334006261e-06, 6.1272257880773395e-06, 6.1248069869179744e-06], [6.1429227571352385e-06, 6.1493874454754405e-06, 6.155477876745863e-06, 0.9999569654464722, 6.1297614593058825e-06, 6.1450373323168606e-06, 6.128528184490278e-06, 6.144088729342911e-06], [6.1707355598628055e-06, 6.16999386693351e-06, 6.158496034913696e-06, 6.172689609229565e-06, 0.9999568462371826, 6.174986083351541e-06, 6.173496331030037e-06, 6.168623713165289e-06], [6.11937730354839e-06, 6.124947503849398e-06, 6.125309027993353e-06, 6.142378424556227e-06, 6.13475685895537e-06, 0.9999570846557617, 6.140141522337217e-06, 6.122284048615256e-06], [6.130147994554136e-06, 6.1329897107498255e-06, 6.130615474830847e-06, 6.132644557510503e-06, 6.125409072410548e-06, 6.132077032816596e-06, 0.9999570846557617, 6.1313230617088266e-06], [6.129067060101079e-06, 6.125262643763563e-06, 6.127108918008162e-06, 6.128534550953191e-06, 6.125905656517716e-06, 6.131188456492964e-06, 6.130820111138746e-06, 0.9999570846557617]], "gate": 0.02203591726720333}
{"receiver_layer": 3, "sender_layers": [2, 3], "layer_weights": [0.5103492140769958, 0.48965078592300415], "head_mapping": [[0.9999567270278931, 6.143946393422084e-06, 6.172524535941193e-06, 6.1668988564633764e-06, 6.15632779954467e-06, 6.179038336995291e-06, 6.176027454785071e-06, 6.153527920105262e-06], [6.126675543782767e-06, 0.9999569654464722, 6.130217570898822e-06, 6.148320608190261e-06, 6.150596163934097e-06, 6.1461510085791815e-06, 6.160576049296651e-06, 6.138518983789254e-06], [6.1106761677365284e-06, 6.130603651399724e-06, 0.9999570846557617, 6.130089332145872e-06, 6.129399935161928e-06, 6.1289324548852164e-06, 6.115130418038461e-06, 6.127179403847549e-06], [6.17099431110546e-06, 6.144673989183502e-06, 6.154896254884079e-06, 0.9999568462371826, 6.15477893006755e-06, 6.162184945424087e-06, 6.173884685267694e-06, 6.159799340821337e-06], [6.133563147159293e-06, 6.137764557934133e-06, 6.15899034528411e-06, 6.151681645860663e-06, 0.9999570846557617, 6.152790319902124e-06, 6.161281817185227e-06, 6.149236014607595e-06], [6.123674211266916e-06, 6.126419066276867e-06, 6.121034857642371e-06, 6.133165243227268e-06, 6.13062729826197e-06, 0.9999570846557617, 6.121373189671431e-06, 6.123090315668378e-06], [6.130966539785732e-06, 6.116080840001814e-06, 6.124374976934632e-06, 6.132510407041991e-06, 6.125244908616878e-06, 6.125695108494256e-06, 0.9999570846557617, 6.122914328443585e-06], [6.149504770291969e-06, 6.128376298875082e-06, 6.154533366498072e-06, 6.147751719254302e-06, 6.130884230515221e-06, 6.131316695245914e-06, 6.125273557699984e-06, 0.9999569654464722]], "gate": 0.021590111777186394}
{"receiver_layer": 4, "sender_layers": [3, 4], "layer_weights": [0.5226996541023254, 0.4773003160953522], "head_mapping": [[0.9999572038650513, 6.1422738326655235e-06, 6.129107987362659e-06, 6.1139880926930346e-06, 6.122810646047583e-06, 6.123756520537427e-06, 6.129499979579123e-06, 6.111784387030639e-06], [6.153047252155375e-06, 0.9999568462371826, 6.154579750727862e-06, 6.160586963233072e-06, 6.164782917039702e-06, 6.144662165752379e-06, 6.158577889436856e-06, 6.15355247646221e-06], [6.132474936748622e-06, 6.148016836959869e-06, 0.9999570846557617, 6.13609063293552e-06, 6.154246420919662e-06, 6.130907877377467e-06, 6.118992132542189e-06, 6.142589427327039e-06], [6.113270956120687e-06, 6.117522389104124e-06, 6.110228241595905e-06, 0.9999572038650513, 6.10223833064083e-06, 6.110478807386244e-06, 6.108759862399893e-06, 6.109412879595766e-06], [6.13271004112903e-06, 6.114268217061181e-06, 6.117102202551905e-06, 6.118858436821029e-06, 0.9999572038650513, 6.1227519836393185e-06, 6.118980763858417e-06, 6.1208252191136125e-06], [6.105831289460184e-06, 6.096230663388269e-06, 6.103351097408449e-06, 6.090930583013687e-06, 6.115592441346962e-06, 0.9999573230743408, 6.101569852035027e-06, 6.097196092014201e-06], [6.15445060248021e-06, 6.162855243019294e-06, 6.1574742176162545e-06, 6.175763701321557e-06, 6.156229119369527e-06, 6.158566066005733e-06, 0.9999568462371826, 6.168459094624268e-06], [6.118677447375376e-06, 6.11962877883343e-06, 6.115667474659858e-06, 6.117359134805156e-06, 6.115084488556022e-06, 6.118788405728992e-06, 6.118771125329658e-06, 0.9999572038650513]], "gate": 0.023050155490636826}
{"receiver_layer": 5, "sender_layers": [3, 4], "layer_weights": [0.4783552587032318, 0.5216447710990906], "head_mapping": [[0.9999570846557617, 6.124485935288249e-06, 6.1243863456184044e-06, 6.141792255220935e-06, 6.128517725301208e-06, 6.121974365669303e-06, 6.139608558441978e-06, 6.12491248830338e-06], [6.1221671785460785e-06, 0.9999570846557617, 6.13070915278513e-06, 6.129078428784851e-06, 6.126881089585368e-06, 6.127179403847549e-06, 6.125110758148367e-06, 6.126115749793826e-06], [6.155336450319737e-06, 6.170299911900656e-06, 0.9999568462371826, 6.15371664025588e-06, 6.16082161286613e-06, 6.1535288295999635e-06, 6.162243607832352e-06, 6.163901161926333e-06], [6.1202767938084435e-06, 6.128009772510268e-06, 6.1166119849076495e-06, 0.9999572038650513, 6.117551492934581e-06, 6.131025656941347e-06, 6.122495051386068e-06, 6.120615125837503e-06], [6.135950116004096e-06, 6.136617685115198e-06, 6.114267307566479e-06, 6.128605036792578e-06, 0.9999570846557617, 6.125513664301252e-06, 6.1198202274681535e-06, 6.12335816185805e-06], [6.107554327172693e-06, 6.111026777944062e-06, 6.136091542430222e-06, 6.1085852394171525e-06, 6.111411039455561e-06, 0.9999572038650513, 6.111125912866555e-06, 6.1122623264964204e-06], [6.116157237556763e-06, 6.1004984672763385e-06, 6.103280156821711e-06, 6.1052128330629785e-06, 6.123406365077244e-06, 6.101348390075145e-06, 0.9999572038650513, 6.101580765971448e-06], [6.1104674387024716e-06, 6.12224994256394e-06, 6.109872629167512e-06, 6.110316007834626e-06, 6.1193313740659505e-06, 6.123698312876513e-06, 6.101767667132663e-06, 0.9999572038650513]], "gate": 0.023180995136499405}
{"receiver_layer": 6, "sender_layers": [4, 5], "layer_weights": [0.49113354086875916, 0.5088664293289185], "head_mapping": [[0.9999569654464722, 6.140099685580935e-06, 6.118933015386574e-06, 6.141827270766953e-06, 6.141610811027931e-06, 6.127587312221294e-06, 6.125454547145637e-06, 6.124216270109173e-06], [6.115899850556161e-06, 0.9999570846557617, 6.123375897004735e-06, 6.123883849795675e-06, 6.123755611042725e-06, 6.121355909272097e-06, 6.133926035545301e-06, 6.126454081822885e-06], [6.134721388662001e-06, 6.135786406957777e-06, 0.9999570846557617, 6.117568318586564e-06, 6.130007477622712e-06, 6.119791578385048e-06, 6.135522653494263e-06, 6.125157142378157e-06], [6.129557732492685e-06, 6.112086339271627e-06, 6.125460913608549e-06, 0.9999570846557617, 6.121688784332946e-06, 6.119814770499943e-06, 6.128113909653621e-06, 6.118105375207961e-06], [6.190817202877952e-06, 6.1894002101325896e-06, 6.180122909427155e-06, 6.175308953970671e-06, 0.9999567270278931, 6.173925157781923e-06, 6.1748851294396445e-06, 6.181619937706273e-06], [6.14131795373396e-06, 6.147874955786392e-06, 6.134124305390287e-06, 6.1295568229979835e-06, 6.129258508735802e-06, 0.9999569654464722, 6.139051492937142e-06, 6.1394148360705e-06], [6.153746198833687e-06, 6.168611889734166e-06, 6.161785222502658e-06, 6.174438567541074e-06, 6.17294881521957e-06, 6.163572379591642e-06, 0.9999568462371826, 6.1642949731322005e-06], [6.169676908029942e-06, 6.162490535643883e-06, 6.161497367429547e-06, 6.152049991214881e-06, 6.1704590734734666e-06, 6.157350526336813e-06, 6.164536443975521e-06, 0.9999568462371826]], "gate": 0.021084431558847427}
{"receiver_layer": 7, "sender_layers": [5, 6], "layer_weights": [0.5055040121078491, 0.4944959282875061], "head_mapping": [[0.9999573230743408, 6.119938916526735e-06, 6.114828465797473e-06, 6.104666226747213e-06, 6.106267846917035e-06, 6.102454335632501e-06, 6.101919098000508e-06, 6.102151928644162e-06], [6.15358840150293e-06, 0.9999569654464722, 6.158977612358285e-06, 6.153241884021554e-06, 6.154375114419963e-06, 6.1520627241407055e-06, 6.146192390588112e-06, 6.15530188952107e-06], [6.134393970569363e-06, 6.1499281400756445e-06, 0.9999570846557617, 6.133410806796746e-06, 6.137975105957594e-06, 6.141042831586674e-06, 6.1258879213710316e-06, 6.145600764284609e-06], [6.10131473877118e-06, 6.09962717135204e-06, 6.0884863160026725e-06, 0.9999574422836304, 6.088660484238062e-06, 6.088062491471646e-06, 6.0901766119059175e-06, 6.090710485295858e-06], [6.119448244135128e-06, 6.113556992204394e-06, 6.126840617071139e-06, 6.1147811720729806e-06, 0.9999572038650513, 6.12570738667273e-06, 6.1290961639315356e-06, 6.11119003224303e-06], [6.157955795060843e-06, 6.152361947897589e-06, 6.159747044875985e-06, 6.157521511340747e-06, 6.162162662803894e-06, 0.9999569654464722, 6.133445367595414e-06, 6.159894383017672e-06], [6.117003067629412e-06, 6.103152372816112e-06, 6.103495707066031e-06, 6.096648576203734e-06, 6.121946171333548e-06, 6.099963684391696e-06, 0.9999572038650513, 6.1030300457787234e-06], [6.101604412833694e-06, 6.106681667006342e-06, 6.102826773712877e-06, 6.1107480178179685e-06, 6.106366527092177e-06, 6.1082887441443745e-06, 6.103699888626579e-06, 0.9999573230743408]], "gate": 0.02303175814449787}
{"receiver_layer": 8, "sender_layers": [6, 7], "layer_weights": [0.5170565843582153, 0.4829433858394623], "head_mapping": [[0.9999569654464722, 6.145248789835023e-06, 6.156834388093557e-06, 6.1688651840086095e-06, 6.164619207993383e-06, 6.1571217884193175e-06, 6.172119810798904e-06, 6.139490778878098e-06], [6.130311703600455e-06, 0.9999570846557617, 6.117498742241878e-06, 6.135938292572973e-06, 6.130153451522347e-06, 6.11857194598997e-06, 6.122599188529421e-06, 6.118998044257751e-06], [6.108009074523579e-06, 6.10598817729624e-06, 0.9999573230743408, 6.107345143391285e-06, 6.105458396632457e-06, 6.109419246058678e-06, 6.102640782046365e-06, 6.1064019973855466e-06], [6.138969183666632e-06, 6.166535968077369e-06, 6.14057398706791e-06, 0.9999569654464722, 6.1409077716234606e-06, 6.1677355915890075e-06, 6.146907253423706e-06, 6.1702071434410755e-06], [6.096771357988473e-06, 6.098754511185689e-06, 6.096614470152417e-06, 6.09326616540784e-06, 0.9999573230743408, 6.092185230954783e-06, 6.100592145230621e-06, 6.09535891271662e-06], [6.138900062069297e-06, 6.138349817774724e-06, 6.127874257799704e-06, 6.132936960057123e-06, 6.15171120443847e-06, 0.9999570846557617, 6.13799875281984e-06, 6.146779469418107e-06], [6.106949513196014e-06, 6.108883098931983e-06, 6.1076716519892216e-06, 6.109034529799828e-06, 6.10912775300676e-06, 6.1057612583681475e-06, 0.9999573230743408, 6.106407454353757e-06], [6.181419848871883e-06, 6.182374363561394e-06, 6.182221113704145e-06, 6.1722535065200645e-06, 6.165334980323678e-06, 6.178973308124114e-06, 6.181042408570647e-06, 0.9999567270278931]], "gate": 0.02373972348868847}
{"receiver_layer": 9, "sender_layers": [6, 7], "layer_weights": [0.4734666645526886, 0.5265333652496338], "head_mapping": [[0.9999570846557617, 6.146937721496215e-06, 6.1243981690495275e-06, 6.12170606473228e-06, 6.12772873864742e-06, 6.129902885732008e-06, 6.118245437392034e-06, 6.144710368971573e-06], [6.1583314163726754e-06, 0.9999568462371826, 6.165700597193791e-06, 6.1691298469668254e-06, 6.160210432426538e-06, 6.1559239838970825e-06, 6.140865934867179e-06, 6.152801233838545e-06], [6.142243819340365e-06, 6.151323759695515e-06, 0.9999570846557617, 6.121723799878964e-06, 6.138824119261699e-06, 6.144159215182299e-06, 6.122984814282972e-06, 6.125771051301854e-06], [6.173502242745599e-06, 6.156546078273095e-06, 6.160956672829343e-06, 0.9999568462371826, 6.162067165860208e-06, 6.16854731561034e-06, 6.1673349591728766e-06, 6.164994829305215e-06], [6.1145369727455545e-06, 6.117272278061137e-06, 6.108918114478001e-06, 6.099883194110589e-06, 0.9999573230743408, 6.099463917053072e-06, 6.097637651691912e-06, 6.111808033892885e-06], [6.115247288107639e-06, 6.108730758569436e-06, 6.110175945650553e-06, 6.114378720667446e-06, 6.118485089245951e-06, 0.9999572038650513, 6.110385584179312e-06, 6.109919468144653e-06], [6.100441169110127e-06, 6.106361070123967e-06, 6.10585993854329e-06, 6.099894562794361e-06, 6.099080110288924e-06, 6.094649506849237e-06, 0.9999573230743408, 6.094568107073428e-06], [6.160845714475727e-06, 6.152356036182027e-06, 6.134942850621883e-06, 6.145764473330928e-06, 6.144955477793701e-06, 6.15481485510827e-06, 6.153541562525788e-06, 0.9999569654464722]], "gate": 0.022850308567285538}
{"receiver_layer": 10, "sender_layers": [7, 8], "layer_weights": [0.4887208044528961, 0.5112792253494263], "head_mapping": [[0.9999569654464722, 6.154327820695471e-06, 6.157526968308957e-06, 6.1418973018589895e-06, 6.14917689745198e-06, 6.1538935369753744e-06, 6.1414525589498226e-06, 6.142284291854594e-06], [6.114490133768413e-06, 0.9999573230743408, 6.1113651099731214e-06, 6.097800451243529e-06, 6.1053651734255254e-06, 6.096323886595201e-06, 6.096312517911429e-06, 6.102314728195779e-06], [6.123965249571484e-06, 6.125442723714514e-06, 0.9999569654464722, 6.135685907793231e-06, 6.12120356890955e-06, 6.115922587923706e-06, 6.139800916571403e-06, 6.13680367678171e-06], [6.115684755059192e-06, 6.11298537478433e-06, 6.127985670900671e-06, 0.9999572038650513, 6.127051165094599e-06, 6.123078946984606e-06, 6.115667474659858e-06, 6.130160727479961e-06], [6.113358267612057e-06, 6.140645382401999e-06, 6.116379154263996e-06, 6.123254479462048e-06, 0.9999572038650513, 6.114064035500633e-06, 6.130183919594856e-06, 6.114664756751154e-06], [6.11247241977253e-06, 6.116728854976827e-06, 6.120802026998717e-06, 6.117230441304855e-06, 6.110723461461021e-06, 0.9999572038650513, 6.108870366006158e-06, 6.1333180383371655e-06], [6.1139880926930346e-06, 6.116658823884791e-06, 6.13671136306948e-06, 6.118584224168444e-06, 6.123429557192139e-06, 6.11873610978364e-06, 0.9999572038650513, 6.118216333561577e-06], [6.115877113188617e-06, 6.128394943516469e-06, 6.123231287347153e-06, 6.115364158176817e-06, 6.1092900978110265e-06, 6.119646513980115e-06, 6.113212748459773e-06, 0.9999572038650513]], "gate": 0.023092055693268776}
{"receiver_layer": 11, "sender_layers": [8, 9], "layer_weights": [0.4993978440761566, 0.500602126121521], "head_mapping": [[0.9999569654464722, 6.138641765573993e-06, 6.1250748331076466e-06, 6.1478453972085845e-06, 6.1406794884533156e-06, 6.138700427982258e-06, 6.132141152193071e-06, 6.128229870228097e-06], [6.141265203041257e-06, 0.9999569654464722, 6.1211976571939886e-06, 6.142893198557431e-06, 6.155694791232236e-06, 6.149921773612732e-06, 6.1472005654650275e-06, 6.135984222055413e-06], [6.176469469210133e-06, 6.171311724756379e-06, 0.9999567270278931, 6.177105660754023e-06, 6.17067644270719e-06, 6.152853075036546e-06, 6.1815021581423935e-06, 6.1535220083897e-06], [6.1454420574591495e-06, 6.143186055851402e-06, 6.1473883761209436e-06, 0.9999569654464722, 6.137968739494681e-06, 6.1353407545539085e-06, 6.150584340502974e-06, 6.160070370242465e-06], [6.10685538049438e-06, 6.109360128903063e-06, 6.122103968664305e-06, 6.109348760219291e-06, 0.9999572038650513, 6.110350568633294e-06, 6.112582923378795e-06, 6.130821020633448e-06], [6.104217845859239e-06, 6.1186542552604806e-06, 6.1149448811193e-06, 6.11860787103069e-06, 6.1107357396394946e-06, 0.9999572038650513, 6.127203050709795e-06, 6.103845407778863e-06], [6.119156296335859e-06, 6.125298568804283e-06, 6.115206360846059e-06, 6.109464720793767e-06, 6.126583230070537e-06, 6.126758762547979e-06, 0.9999572038650513, 6.128038421593374e-06], [6.11695077168406e-06, 6.12267058386351e-06, 6.099143320170697e-06, 6.101580765971448e-06, 6.117639259173302e-06, 6.123242656030925e-06, 6.10024289926514e-06, 0.9999572038650513]], "gate": 0.022070715203881264}
{"receiver_layer": 12, "sender_layers": [9, 10], "layer_weights": [0.5106876492500305, 0.4893123507499695], "head_mapping": [[0.9999572038650513, 6.1204168559925165e-06, 6.115148153185146e-06, 6.118152214185102e-06, 6.1164719227235764e-06, 6.118560577306198e-06, 6.120323632785585e-06, 6.122074410086498e-06], [6.128247605374781e-06, 0.9999569654464722, 6.134627255960368e-06, 6.1328491938184015e-06, 6.1301939240365755e-06, 6.152989953989163e-06, 6.121629667177331e-06, 6.141182893770747e-06], [6.106139608164085e-06, 6.103461601014715e-06, 0.9999573230743408, 6.112332812335808e-06, 6.1068908507877495e-06, 6.103583473304752e-06, 6.105115062382538e-06, 6.106250566517701e-06], [6.1006267060292885e-06, 6.109074547566706e-06, 6.1092141550034285e-06, 0.9999572038650513, 6.104409749241313e-06, 6.1164078033471014e-06, 6.113614745117957e-06, 6.1052246564941015e-06], [6.104224212322151e-06, 6.104643034632318e-06, 6.105050943006063e-06, 6.103316081862431e-06, 0.9999573230743408, 6.1056853155605495e-06, 6.102349743741797e-06, 6.102890893089352e-06], [6.113649760663975e-06, 6.116436907177558e-06, 6.1142209233366884e-06, 6.119056706666015e-06, 6.12034682490048e-06, 0.9999572038650513, 6.116110398579622e-06, 6.111411039455561e-06], [6.098859557823744e-06, 6.0941379160794895e-06, 6.099161510064732e-06, 6.112985829531681e-06, 6.100487553339917e-06, 6.10084816798917e-06, 0.9999573230743408, 6.096823653933825e-06], [6.10707047599135e-06, 6.116576969361631e-06, 6.116204076533904e-06, 6.111341463110875e-06, 6.110478807386244e-06, 6.116851636761567e-06, 6.114378720667446e-06, 0.9999572038650513]], "gate": 0.023440377786755562}
{"receiver_layer": 13, "sender_layers": [10, 11], "layer_weights": [0.5246560573577881, 0.4753439128398895], "head_mapping": [[0.9999574422836304, 6.086855137255043e-06, 6.087661859055515e-06, 6.08711025051889e-06, 6.08343725616578e-06, 6.0877255236846395e-06, 6.0866923377034254e-06, 6.085479526518611e-06], [6.127382675913395e-06, 0.9999569654464722, 6.124642823124304e-06, 6.130690962891094e-06, 6.129586381575791e-06, 6.146837222331669e-06, 6.127324013505131e-06, 6.139519882708555e-06], [6.124275387264788e-06, 6.140118330222322e-06, 0.9999570846557617, 6.132668204372749e-06, 6.121361366240308e-06, 6.136441697890405e-06, 6.127757387730526e-06, 6.147465683170594e-06], [6.111318725743331e-06, 6.0944462347833905e-06, 6.122846116340952e-06, 0.9999573230743408, 6.097509867686313e-06, 6.111009497544728e-06, 6.102949100750266e-06, 6.120534180809045e-06], [6.103222403908148e-06, 6.111330094427103e-06, 6.11801806371659e-06, 6.104072326706955e-06, 0.9999572038650513, 6.106051387178013e-06, 6.108929028414423e-06, 6.101476174080744e-06], [6.09514381721965e-06, 6.094451691751601e-06, 6.093446700106142e-06, 6.091139766795095e-06, 6.103967734816251e-06, 0.9999573230743408, 6.096503511798801e-06, 6.104817657615058e-06], [6.091104751249077e-06, 6.105050943006063e-06, 6.0964048316236585e-06, 6.097056484577479e-06, 6.101162398408633e-06, 6.09602102485951e-06, 0.9999573230743408, 6.08698201176594e-06], [6.116553777246736e-06, 6.126022526586894e-06, 6.132780072221067e-06, 6.114868483564351e-06, 6.123207185737556e-06, 6.142004622233799e-06, 6.123003004177008e-06, 0.9999572038650513]], "gate": 0.024014068767428398}
{"receiver_layer": 14, "sender_layers": [10, 11], "layer_weights": [0.480377733707428, 0.5196223258972168], "head_mapping": [[0.9999573230743408, 6.115528321970487e-06, 6.084602773626102e-06, 6.088189365982544e-06, 6.08583286521025e-06, 6.091081559134182e-06, 6.086297162255505e-06, 6.0860070334456395e-06], [6.167112132970942e-06, 0.9999568462371826, 6.148905868030852e-06, 6.165324066387257e-06, 6.1602459027199075e-06, 6.164624664961593e-06, 6.146824944153195e-06, 6.1530122366093565e-06], [6.107560693635605e-06, 6.108644356572768e-06, 0.9999573230743408, 6.100377049733652e-06, 6.099789970903657e-06, 6.099976417317521e-06, 6.100999598857015e-06, 6.098568519519176e-06], [6.089496764616342e-06, 6.092174771765713e-06, 6.094801847211784e-06, 0.9999574422836304, 6.090954684623284e-06, 6.100011432863539e-06, 6.084835149522405e-06, 6.09010112384567e-06], [6.082793333916925e-06, 6.080450020817807e-06, 6.079162631067447e-06, 6.079870217945427e-06, 0.9999574422836304, 6.083204880269477e-06, 6.0833153838757426e-06, 6.095383014326217e-06], [6.121993010310689e-06, 6.122880677139619e-06, 6.125929303379962e-06, 6.1303062466322444e-06, 6.120802026998717e-06, 0.9999572038650513, 6.105050033511361e-06, 6.1162390920799226e-06], [6.097196546761552e-06, 6.090554052207153e-06, 6.091936484153848e-06, 6.094127456890419e-06, 6.098807261878392e-06, 6.100220616644947e-06, 0.9999574422836304, 6.090495389798889e-06], [6.0743755057046656e-06, 6.072893029340776e-06, 6.074931206967449e-06, 6.075290912122e-06, 6.073958502383903e-06, 6.072829364711652e-06, 6.075638339098077e-06, 0.9999574422836304]], "gate": 0.024071717634797096}
{"receiver_layer": 15, "sender_layers": [11, 12], "layer_weights": [0.49575066566467285, 0.5042493343353271], "head_mapping": [[0.9999570846557617, 6.14892542216694e-06, 6.142214260762557e-06, 6.1539412854472175e-06, 6.13775273450301e-06, 6.136980118753854e-06, 6.152391961222747e-06, 6.1480454860429745e-06], [6.14602186033153e-06, 0.9999569654464722, 6.1246660152392e-06, 6.142659458419075e-06, 6.147499789221911e-06, 6.145635779830627e-06, 6.141382527857786e-06, 6.150760327727767e-06], [6.103804935264634e-06, 6.1032342273392715e-06, 0.9999573230743408, 6.082223990233615e-06, 6.106215096224332e-06, 6.09741118751117e-06, 6.099406164139509e-06, 6.104701242293231e-06], [6.083813332224963e-06, 6.107823082857067e-06, 6.088027021178277e-06, 0.9999573230743408, 6.107543413236272e-06, 6.090198894526111e-06, 6.102093720983248e-06, 6.08997788731358e-06], [6.090908300393494e-06, 6.082874278945383e-06, 6.084238066250691e-06, 6.080258572183084e-06, 0.9999574422836304, 6.091767772886669e-06, 6.080890671000816e-06, 6.1004302551737055e-06], [6.087017482059309e-06, 6.084405868023168e-06, 6.0823581407021265e-06, 6.083930202294141e-06, 6.088747340982081e-06, 0.9999574422836304, 6.08481195740751e-06, 6.08922391620581e-06], [6.059332463337341e-06, 6.063760793040274e-06, 6.073889380786568e-06, 6.0820739236078225e-06, 6.063113687559962e-06, 6.059800853108754e-06, 0.9999574422836304, 6.063356067897985e-06], [6.0730781115125865e-06, 6.0679954003717285e-06, 6.090554052207153e-06, 6.07093579674256e-06, 6.070565177651588e-06, 6.0911461332580075e-06, 6.071722964406945e-06, 0.9999574422836304]], "gate": 0.024886222556233406}
{"receiver_layer": 16, "sender_layers": [12, 13], "layer_weights": [0.5086778998374939, 0.4913221001625061], "head_mapping": [[0.9999572038650513, 6.110798949521268e-06, 6.1217829170345794e-06, 6.109977675805567e-06, 6.125205345597351e-06, 6.113148629083298e-06, 6.109989044489339e-06, 6.112949904490961e-06], [6.154010861791903e-06, 0.9999569654464722, 6.14317468716763e-06, 6.141306130302837e-06, 6.149657565401867e-06, 6.143760401755571e-06, 6.142852271295851e-06, 6.152696641947841e-06], [6.0727657000825275e-06, 6.0719607972714584e-06, 0.9999574422836304, 6.071572443033801e-06, 6.072638370824279e-06, 6.0730781115125865e-06, 6.070061317586806e-06, 6.079006197978742e-06], [6.130330348241841e-06, 6.123195817053784e-06, 6.135137937235413e-06, 0.9999572038650513, 6.1057371567585506e-06, 6.136483079899335e-06, 6.102698534959927e-06, 6.106820364948362e-06], [6.109757578087738e-06, 6.102075985836564e-06, 6.094167019909946e-06, 6.106751243351027e-06, 0.9999573230743408, 6.095382104831515e-06, 6.102826773712877e-06, 6.0977426983299665e-06], [6.0850497902720235e-06, 6.0881898207298946e-06, 6.0846496126032434e-06, 6.082665549911326e-06, 6.0795105127908755e-06, 0.9999574422836304, 6.08312939220923e-06, 6.084307187848026e-06], [6.088480404287111e-06, 6.1127466324251145e-06, 6.093824140407378e-06, 6.09072185397963e-06, 6.1046198425174225e-06, 6.09059361522668e-06, 0.9999573230743408, 6.095509888837114e-06], [6.093091997172451e-06, 6.088967893447261e-06, 6.095602657296695e-06, 6.092057446949184e-06, 6.11605310041341e-06, 6.09527705819346e-06, 6.107520221121376e-06, 0.9999573230743408]], "gate": 0.025254806503653526}
{"receiver_layer": 17, "sender_layers": [13, 14], "layer_weights": [0.5257083177566528, 0.47429168224334717], "head_mapping": [[0.9999573230743408, 6.111027232691413e-06, 6.100953214627225e-06, 6.110677986725932e-06, 6.113119980000192e-06, 6.096207471273374e-06, 6.114326879469445e-06, 6.125252184574492e-06], [6.157703410281101e-06, 0.9999569654464722, 6.151575689727906e-06, 6.153389222163241e-06, 6.152361947897589e-06, 6.162121280794963e-06, 6.152789865154773e-06, 6.167818355606869e-06], [6.091918294259813e-06, 6.0921393014723435e-06, 0.9999573230743408, 6.09252219874179e-06, 6.109693458711263e-06, 6.105836746428395e-06, 6.104136900830781e-06, 6.0914303503523115e-06], [6.1233249653014354e-06, 6.104893145675305e-06, 6.104934072936885e-06, 0.9999573230743408, 6.1021924011583906e-06, 6.102873157942668e-06, 6.1024370552331675e-06, 6.102425686549395e-06], [6.0870406741742045e-06, 6.07917445449857e-06, 6.0831875998701435e-06, 6.081563242332777e-06, 0.9999574422836304, 6.0780844250984956e-06, 6.087203018978471e-06, 6.083657353883609e-06], [6.084464075684082e-06, 6.089084308769088e-06, 6.0872730500705075e-06, 6.0850097725051455e-06, 6.078791557229124e-06, 0.9999574422836304, 6.085705535952002e-06, 6.0876795942022e-06], [6.087981091695838e-06, 6.092738203733461e-06, 6.10209463047795e-06, 6.091948307584971e-06, 6.086663233872969e-06, 6.088074314902769e-06, 0.9999574422836304, 6.088300779083511e-06], [6.155138180474751e-06, 6.140246568975272e-06, 6.147922704258235e-06, 6.137664968264289e-06, 6.160189059301047e-06, 6.160177235869924e-06, 6.130299880169332e-06, 0.9999570846557617]], "gate": 0.02528992109000683}
{"receiver_layer": 18, "sender_layers": [13, 14], "layer_weights": [0.4794991910457611, 0.5205008387565613], "head_mapping": [[0.9999572038650513, 6.101807684899541e-06, 6.120615125837503e-06, 6.1164719227235764e-06, 6.100830432842486e-06, 6.127471806394169e-06, 6.12107032793574e-06, 6.097602181398543e-06], [6.103094619902549e-06, 0.9999573230743408, 6.100388418417424e-06, 6.102919996919809e-06, 6.100708560552448e-06, 6.091209343139781e-06, 6.094370746723143e-06, 6.0935453802812845e-06], [6.124305400589947e-06, 6.105492502683774e-06, 0.9999572038650513, 6.123698312876513e-06, 6.140094683360076e-06, 6.127413143985905e-06, 6.1084047047188506e-06, 6.125846994109452e-06], [6.131749614723958e-06, 6.131106601969805e-06, 6.1293408180063125e-06, 0.9999569654464722, 6.148695320007391e-06, 6.131936515885172e-06, 6.144217877590563e-06, 6.149798082333291e-06], [6.102978204580722e-06, 6.09470771451015e-06, 6.097207460697973e-06, 6.094300715631107e-06, 0.9999573230743408, 6.097033292462584e-06, 6.094544914958533e-06, 6.095126082072966e-06], [6.100731752667343e-06, 6.100970495026559e-06, 6.100511200202163e-06, 6.100156497268472e-06, 6.102558927523205e-06, 0.9999573230743408, 6.100906375650084e-06, 6.099481652199756e-06], [6.093063802836696e-06, 6.092825515224831e-06, 6.093557658459758e-06, 6.090037004469195e-06, 6.0922793636564165e-06, 6.093174306442961e-06, 0.9999574422836304, 6.096114702813793e-06], [6.103764008003054e-06, 6.108038633101387e-06, 6.105318789195735e-06, 6.106150976847857e-06, 6.108498837420484e-06, 6.101895451138262e-06, 6.1025011746096425e-06, 0.9999573230743408]], "gate": 0.024531688541173935}
{"receiver_layer": 19, "sender_layers": [14, 15], "layer_weights": [0.4944387972354889, 0.5055611729621887], "head_mapping": [[0.9999569654464722, 6.140661753306631e-06, 6.150513854663586e-06, 6.142577149148565e-06, 6.150432000140427e-06, 6.144803137431154e-06, 6.1523915064753965e-06, 6.141505309642525e-06], [6.110193226049887e-06, 0.9999572038650513, 6.1107643887226e-06, 6.113300059951143e-06, 6.110537015047157e-06, 6.109896276029758e-06, 6.105899956310168e-06, 6.108823981776368e-06], [6.136412594059948e-06, 6.136799129308201e-06, 0.9999570846557617, 6.133797342045e-06, 6.139110610092757e-06, 6.138432127045235e-06, 6.126664629846346e-06, 6.140036020951811e-06], [6.105702141212532e-06, 6.110910362622235e-06, 6.110921731306007e-06, 0.9999572038650513, 6.10758343100315e-06, 6.111178208811907e-06, 6.107006356614875e-06, 6.1085329434718005e-06], [6.11699715591385e-06, 6.114408279245254e-06, 6.113918061600998e-06, 6.1149094108259305e-06, 0.9999572038650513, 6.115608812251594e-06, 6.1191913118818775e-06, 6.115026280895108e-06], [6.098004178056726e-06, 6.095951448514825e-06, 6.0962129282415845e-06, 6.095730441302294e-06, 6.105318789195735e-06, 0.9999573230743408, 6.101889994170051e-06, 6.098254289099714e-06], [6.124165338405874e-06, 6.113545168773271e-06, 6.117341399658471e-06, 6.119400950410636e-06, 6.121164005890023e-06, 6.11601717537269e-06, 0.9999572038650513, 6.114408279245254e-06], [6.1172886489657685e-06, 6.1096106946934015e-06, 6.105107786424924e-06, 6.113865310908295e-06, 6.11920268056565e-06, 6.1287396420084406e-06, 6.1163673308328725e-06, 0.9999572038650513]], "gate": 0.024522781372070312}
{"receiver_layer": 20, "sender_layers": [15, 16], "layer_weights": [0.5069682598114014, 0.49303174018859863], "head_mapping": [[0.9999570846557617, 6.144945018604631e-06, 6.12377880315762e-06, 6.132451744633727e-06, 6.136933279776713e-06, 6.135956482467009e-06, 6.125648269517114e-06, 6.12827761869994e-06], [6.131200279924087e-06, 0.9999570846557617, 6.126524567662273e-06, 6.127535471023293e-06, 6.130954261607258e-06, 6.134616342023946e-06, 6.129879238869762e-06, 6.128564109530998e-06], [6.15069029663573e-06, 6.1503847064159345e-06, 0.9999569654464722, 6.141247467894573e-06, 6.142659458419075e-06, 6.162715180835221e-06, 6.14925875197514e-06, 6.1497398746723775e-06], [6.098329777159961e-06, 6.10023244007607e-06, 6.1018722590233665e-06, 0.9999573230743408, 6.097818186390214e-06, 6.0972538449277636e-06, 6.102570750954328e-06, 6.0962247516727075e-06], [6.100347945903195e-06, 6.104969088482903e-06, 6.101913186284946e-06, 6.100080554460874e-06, 0.9999573230743408, 6.102419320086483e-06, 6.112484243203653e-06, 6.096986453485442e-06], [6.140866844361881e-06, 6.1449090935639106e-06, 6.132351700216532e-06, 6.14214377492317e-06, 6.14925875197514e-06, 0.9999569654464722, 6.14445207247627e-06, 6.143655355117517e-06], [6.090825991122983e-06, 6.091168415878201e-06, 6.102087809267687e-06, 6.103124178480357e-06, 6.095805929362541e-06, 6.089328053349163e-06, 0.9999573230743408, 6.095916887716157e-06], [6.107618901296519e-06, 6.1037467276037205e-06, 6.105790362198604e-06, 6.114723419159418e-06, 6.108638899604557e-06, 6.105656211730093e-06, 6.10503911957494e-06, 0.9999573230743408]], "gate": 0.023778464645147324}
{"receiver_layer": 21, "sender_layers": [16, 17], "layer_weights": [0.5153346657752991, 0.4846653640270233], "head_mapping": [[0.9999573230743408, 6.10715278526186e-06, 6.109663900133455e-06, 6.10538290857221e-06, 6.105248303356348e-06, 6.102547558839433e-06, 6.105231477704365e-06, 6.110596586950123e-06], [6.078652404539753e-06, 0.9999574422836304, 6.072788892197423e-06, 6.072782980481861e-06, 6.070009476388805e-06, 6.074224984331522e-06, 6.073704298614757e-06, 6.0737911553587765e-06], [6.154140010039555e-06, 6.155196388135664e-06, 0.9999569654464722, 6.146632131276419e-06, 6.159882559586549e-06, 6.150114586489508e-06, 6.155032224341994e-06, 6.153036792966304e-06], [6.173495876282686e-06, 6.177541308716172e-06, 6.1749615269945934e-06, 0.9999567270278931, 6.177399882290047e-06, 6.177930572448531e-06, 6.18168496657745e-06, 6.17780688116909e-06], [6.137764557934133e-06, 6.154293259896804e-06, 6.146668056317139e-06, 6.1504329096351285e-06, 0.9999570846557617, 6.148814009065973e-06, 6.1458945310732815e-06, 6.145472525531659e-06], [6.124345418356825e-06, 6.128686436568387e-06, 6.127699180069612e-06, 6.127307642600499e-06, 6.128172572061885e-06, 0.9999570846557617, 6.129067060101079e-06, 6.113917152106296e-06], [6.11239056524937e-06, 6.108847173891263e-06, 6.109324658609694e-06, 6.10947654422489e-06, 6.113731615187135e-06, 6.111615221016109e-06, 0.9999572038650513, 6.106144610384945e-06], [6.146983650978655e-06, 6.150337867438793e-06, 6.145096449472476e-06, 6.146901796455495e-06, 6.150167791929562e-06, 6.135053808975499e-06, 6.15032604400767e-06, 0.9999569654464722]], "gate": 0.022880766540765762}
{"receiver_layer": 22, "sender_layers": [17, 18], "layer_weights": [0.5304511189460754, 0.46954891085624695], "head_mapping": [[0.9999574422836304, 6.078362730477238e-06, 6.086077064537676e-06, 6.085323093429906e-06, 6.08135451329872e-06, 6.081667834223481e-06, 6.082340860302793e-06, 6.0840925470984075e-06], [6.067948561394587e-06, 0.9999574422836304, 6.067173671908677e-06, 6.0663287513307296e-06, 6.065582510927925e-06, 6.068006769055501e-06, 6.0679954003717285e-06, 6.075487362977583e-06], [6.130147994554136e-06, 6.121805199654773e-06, 0.9999570846557617, 6.132030648586806e-06, 6.136535375844687e-06, 6.141839548945427e-06, 6.131410827947548e-06, 6.115725227573421e-06], [6.091884188208496e-06, 6.084556844143663e-06, 6.076032150303945e-06, 0.9999574422836304, 6.085241693654098e-06, 6.0926277001271956e-06, 6.091361228754977e-06, 6.079811555537162e-06], [6.117365501268068e-06, 6.108411071181763e-06, 6.102542101871222e-06, 6.111644779593917e-06, 0.9999573230743408, 6.118894361861749e-06, 6.106512500991812e-06, 6.106191904109437e-06], [6.096591278037522e-06, 6.112023584137205e-06, 6.10084816798917e-06, 6.099836809880799e-06, 6.098475296312245e-06, 0.9999573230743408, 6.1088135225872975e-06, 6.106122327764751e-06], [6.090199804020813e-06, 6.09792914474383e-06, 6.089130692998879e-06, 6.091407612984767e-06, 6.092848707339726e-06, 6.091559043852612e-06, 0.9999574422836304, 6.095766821090365e-06], [6.066490641387645e-06, 6.066213245503604e-06, 6.067821232136339e-06, 6.064813078410225e-06, 6.084556844143663e-06, 6.069227765692631e-06, 6.064616172807291e-06, 0.9999574422836304]], "gate": 0.027607576921582222}
{"receiver_layer": 23, "sender_layers": [17, 18], "layer_weights": [0.4817311465740204, 0.5182688236236572], "head_mapping": [[0.9999569654464722, 6.132410362624796e-06, 6.13146858086111e-06, 6.1351242948148865e-06, 6.143045538919978e-06, 6.143168775452068e-06, 6.141639914858388e-06, 6.129948360467097e-06], [6.076206773286685e-06, 0.9999574422836304, 6.07765559834661e-06, 6.077005764382193e-06, 6.079580089135561e-06, 6.0791221585532185e-06, 6.074399152566912e-06, 6.0755573940696195e-06], [6.0972538449277636e-06, 6.0927723097847775e-06, 0.9999573230743408, 6.0974343796260655e-06, 6.098731319070794e-06, 6.100267000874737e-06, 6.104095973569201e-06, 6.10027882430586e-06], [6.081540050217882e-06, 6.075430064811371e-06, 6.082920663175173e-06, 0.9999574422836304, 6.089595444791485e-06, 6.08206255492405e-06, 6.0937495618418325e-06, 6.081122592149768e-06], [6.119996669440297e-06, 6.113918061600998e-06, 6.1110963542887475e-06, 6.118035798863275e-06, 0.9999572038650513, 6.1143205130065326e-06, 6.119342742749723e-06, 6.10741426498862e-06], [6.11392943028477e-06, 6.113982180977473e-06, 6.116081294749165e-06, 6.113358267612057e-06, 6.118432338553248e-06, 0.9999572038650513, 6.118625151430024e-06, 6.118023975432152e-06], [6.104620752012124e-06, 6.092650892242091e-06, 6.082665549911326e-06, 6.08569962423644e-06, 6.081499577703653e-06, 6.092947387514869e-06, 0.9999574422836304, 6.086541361582931e-06], [6.140380719443783e-06, 6.140292953205062e-06, 6.141751327959355e-06, 6.141558060335228e-06, 6.130299425421981e-06, 6.139180186437443e-06, 6.141165613371413e-06, 0.9999569654464722]], "gate": 0.02518414705991745}
