{"receiver_layer": 0, "sender_layers": [0, 1], "layer_weights": [0.5251231789588928, 0.4748768210411072], "head_mapping": [[0.9999570846557617, 6.135610874480335e-06, 6.116174517956097e-06, 6.122634204075439e-06, 6.115328233136097e-06, 6.132334419817198e-06, 6.110699359851424e-06, 6.128289442131063e-06], [6.148015927465167e-06, 0.9999569654464722, 6.143514838186093e-06, 6.138635853858432e-06, 6.134650448075263e-06, 6.1492232816817705e-06, 6.159342319733696e-06, 6.134720479167299e-06], [6.138267508504214e-06, 6.137513082649093e-06, 0.9999570846557617, 6.141535322967684e-06, 6.140749974292703e-06, 6.136237061582506e-06, 6.135915100458078e-06, 6.154833045002306e-06], [6.059807219571667e-06, 6.0586230574699584e-06, 6.072725227568299e-06, 0.9999575614929199, 6.052853223081911e-06, 6.055982794350712e-06, 6.055716767150443e-06, 6.055376161384629e-06], [6.196392860147171e-06, 6.189570740389172e-06, 6.203553311934229e-06, 6.186668088048464e-06, 0.9999566078186035, 6.205020326888189e-06, 6.190964086272288e-06, 6.209128969203448e-06], [6.174974259920418e-06, 6.167829724290641e-06, 6.157356438052375e-06, 6.164618298498681e-06, 6.15696899330942e-06, 0.9999568462371826, 6.164665137475822e-06, 6.1569335230160505e-06], [6.114600637374679e-06, 6.113649760663975e-06, 6.114472398621729e-06, 6.1152823036536574e-06, 6.117183602327714e-06, 6.118596047599567e-06, 0.9999572038650513, 6.122319973655976e-06], [6.15077215115889e-06, 6.14173359281267e-06, 6.144955477793701e-06, 6.139443485153606e-06, 6.162844329082873e-06, 6.156992640171666e-06, 6.144422968645813e-06, 0.9999569654464722]], "gate": 0.02300165966153145}
{"receiver_layer": 1, "sender_layers": [0, 1], "layer_weights": [0.4825243353843689, 0.5174756646156311], "head_mapping": [[0.9999569654464722, 6.161739293020219e-06, 6.152110017865198e-06, 6.149458386062179e-06, 6.15326007391559e-06, 6.156452400318813e-06, 6.1508894759754185e-06, 6.147605290607316e-06], [6.150759418233065e-06, 0.9999568462371826, 6.158907126518898e-06, 6.150172794150421e-06, 6.146426585473819e-06, 6.1574742176162545e-06, 6.1614796322828624e-06, 6.136990123195574e-06], [6.147734438854968e-06, 6.149317414383404e-06, 0.9999569654464722, 6.148795819171937e-06, 6.1500563788285945e-06, 6.150414264993742e-06, 6.148150532681029e-06, 6.149563887447584e-06], [6.129674602561863e-06, 6.1333057601586916e-06, 6.1297973843466025e-06, 0.9999570846557617, 6.123720595496707e-06, 6.134417162684258e-06, 6.126378139015287e-06, 6.137050604593242e-06], [6.160551038192352e-06, 6.15782073509763e-06, 6.164624664961593e-06, 6.16726492808084e-06, 0.9999568462371826, 6.159318218124099e-06, 6.162784302432556e-06, 6.159576059872052e-06], [6.168063464428997e-06, 6.1630776144738775e-06, 6.171170298330253e-06, 6.171859240566846e-06, 6.154103175504133e-06, 0.9999567270278931, 6.1591522353410255e-06, 6.169234438857529e-06], [6.098777703300584e-06, 6.094893251429312e-06, 6.097928689996479e-06, 6.105062311689835e-06, 6.105516604293371e-06, 6.095649496273836e-06, 0.9999573230743408, 6.099580332374899e-06], [6.146936812001513e-06, 6.149147338874172e-06, 6.149880391603801e-06, 6.154773927846691e-06, 6.143210157460999e-06, 6.148449756437913e-06, 6.153611593617825e-06, 0.9999569654464722]], "gate": 0.023325731977820396}
{"receiver_layer": 2, "sender_layers": [1, 2], "layer_weights": [0.4960372745990753, 0.5039627552032471], "head_mapping": [[0.9999570846557617, 6.1491427914006636e-06, 6.1396262935886625e-06, 6.151957677502651e-06, 6.136605861684075e-06, 6.153858976176707e-06, 6.157411007734481e-06, 6.136441697890405e-06], [6.172383109515067e-06, 0.9999567270278931, 6.185806796565885e-06, 6.176622719067382e-06, 6.189678060763981e-06, 6.163729722175049e-06, 6.166499133541947e-06, 6.163183570606634e-06], [6.151985417091055e-06, 6.156792551337276e-06, 0.9999568462371826, 6.15624094280065e-06, 6.152378773549572e-06, 6.151252364361426e-06, 6.154555649118265e-06, 6.153511094453279e-06], [6.156734343676362e-06, 6.167794708744623e-06, 6.168830168462591e-06, 0.9999569654464722, 6.142577149148565e-06, 6.160599241411546e-06, 6.143238806544105e-06, 6.162021236377768e-06], [6.182999641168863e-06, 6.181443040986778e-06, 6.174408099468565e-06, 6.184191079228185e-06, 0.9999567270278931, 6.186485279613407e-06, 6.1870573517808225e-06, 6.182032848300878e-06], [6.13129395787837e-06, 6.138408025435638e-06, 6.1397668105200864e-06, 6.157140433060704e-06, 6.147031854197849e-06, 0.9999570846557617, 6.152121841296321e-06, 6.137272521300474e-06], [6.1489304243877996e-06, 6.152789865154773e-06, 6.151675734145101e-06, 6.148226475488627e-06, 6.14371356277843e-06, 6.153869890113128e-06, 0.9999569654464722, 6.149458386062179e-06], [6.144117833173368e-06, 6.137857326393714e-06, 6.141839094198076e-06, 6.142659458419075e-06, 6.142401616671123e-06, 6.144856342871208e-06, 6.14255941400188e-06, 0.9999569654464722]], "gate": 0.021849222481250763}
{"receiver_layer": 3, "sender_layers": [2, 3], "layer_weights": [0.5073314309120178, 0.4926685392856598], "head_mapping": [[0.9999567270278931, 6.153469257696997e-06, 6.179710453579901e-06, 6.174661393743008e-06, 6.167216724861646e-06, 6.188497991388431e-06, 6.186727205204079e-06, 6.1602099776791874e-06], [6.14528335063369e-06, 0.9999568462371826, 6.14717100688722e-06, 6.167982519400539e-06, 6.167353149066912e-06, 6.163354555610567e-06, 6.174114332679892e-06, 6.157027200970333e-06], [6.125846539362101e-06, 6.141247922641924e-06, 0.9999570846557617, 6.14370856055757e-06, 6.143714017525781e-06, 6.143063728814013e-06, 6.129552275524475e-06, 6.141968697193079e-06], [6.191283773659961e-06, 6.167463652673177e-06, 6.174419468152337e-06, 0.9999567270278931, 6.173725068947533e-06, 6.182964625622844e-06, 6.195028618094511e-06, 6.177960131026339e-06], [6.093899173720274e-06, 6.108579327701591e-06, 6.1228920458233915e-06, 6.112215487519279e-06, 0.9999572038650513, 6.118636520113796e-06, 6.123359071352752e-06, 6.111924449214712e-06], [6.089676844567293e-06, 6.093267074902542e-06, 6.091372597438749e-06, 6.1017922234896105e-06, 6.1007790463918354e-06, 0.9999574422836304, 6.09448716204497e-06, 6.094115633459296e-06], [6.054850928194355e-06, 6.039867457729997e-06, 6.045549980626674e-06, 6.053072411305038e-06, 6.055127869331045e-06, 6.04511160418042e-06, 0.9999575614929199, 6.047325769031886e-06], [6.16598254055134e-06, 6.14466762272059e-06, 6.171135737531586e-06, 6.163689704408171e-06, 6.148108695924748e-06, 6.1495275076595135e-06, 6.141123776615132e-06, 0.9999568462371826]], "gate": 0.02362329326570034}
{"receiver_layer": 4, "sender_layers": [3, 4], "layer_weights": [0.5268067717552185, 0.4731932282447815], "head_mapping": [[0.9999569654464722, 6.158948508527828e-06, 6.14610416960204e-06, 6.13176098340773e-06, 6.14011742072762e-06, 6.137646323622903e-06, 6.144704457256012e-06, 6.129229859652696e-06], [6.16376610196312e-06, 0.9999568462371826, 6.163354555610567e-06, 6.1691175687883515e-06, 6.175881480885437e-06, 6.1555597312690224e-06, 6.16738270764472e-06, 6.161515102576232e-06], [6.138818207546137e-06, 6.1571695368911605e-06, 0.9999570846557617, 6.146433406684082e-06, 6.164820206322474e-06, 6.138976459624246e-06, 6.12605117567e-06, 6.14998725723126e-06], [6.11183122600778e-06, 6.1094424381735735e-06, 6.105714874138357e-06, 0.9999573230743408, 6.093127012718469e-06, 6.104853127908427e-06, 6.107054105086718e-06, 6.1057612583681475e-06], [6.15822591498727e-06, 6.139876859379001e-06, 6.140398454590468e-06, 6.142120128060924e-06, 0.9999569654464722, 6.145131465018494e-06, 6.146479790913872e-06, 6.142759048088919e-06], [6.06036292083445e-06, 6.055804078641813e-06, 6.057213795429561e-06, 6.0410034166125115e-06, 6.071539246477187e-06, 0.9999576807022095, 6.061859949113568e-06, 6.053847300790949e-06], [6.140761342976475e-06, 6.147757630969863e-06, 6.146667146822438e-06, 6.1609989643329754e-06, 6.140878667793004e-06, 6.137933723948663e-06, 0.9999569654464722, 6.158014457469108e-06], [6.139913239167072e-06, 6.140211553429253e-06, 6.136875072115799e-06, 6.138589924375992e-06, 6.134452178230276e-06, 6.14015334576834e-06, 6.136857336969115e-06, 0.9999570846557617]], "gate": 0.02439267374575138}
{"receiver_layer": 5, "sender_layers": [3, 4], "layer_weights": [0.48006293177604675, 0.5199370384216309], "head_mapping": [[0.9999568462371826, 6.157063126011053e-06, 6.159928489068989e-06, 6.175327598612057e-06, 6.161985311337048e-06, 6.154855327622499e-06, 6.172424946271349e-06, 6.159318218124099e-06], [6.118461442383705e-06, 0.9999572038650513, 6.125725121819414e-06, 6.1226237448863685e-06, 6.123254479462048e-06, 6.119856607256224e-06, 6.123406365077244e-06, 6.117708835517988e-06], [6.157767529657576e-06, 6.173313977342332e-06, 0.9999568462371826, 6.153481535875471e-06, 6.1597052081197035e-06, 6.153857611934654e-06, 6.165617833175929e-06, 6.166247203509556e-06], [6.118753390182974e-06, 6.121047135820845e-06, 6.1121577346057165e-06, 0.9999572038650513, 6.117341399658471e-06, 6.126787866378436e-06, 6.1209134400996845e-06, 6.118047622294398e-06], [6.157632924441714e-06, 6.155513347039232e-06, 6.135398962214822e-06, 6.148191459942609e-06, 0.9999569654464722, 6.146385658212239e-06, 6.139479410194326e-06, 6.142401616671123e-06], [6.103787200117949e-06, 6.1018840824544895e-06, 6.132126145530492e-06, 6.1033101701468695e-06, 6.107048193371156e-06, 0.9999573230743408, 6.102035058574984e-06, 6.108020897954702e-06], [6.143773134681396e-06, 6.129102075647097e-06, 6.1309310694923624e-06, 6.136535375844687e-06, 6.152156856842339e-06, 6.129259418230504e-06, 0.9999570846557617, 6.129481789685087e-06], [6.124142146290978e-06, 6.13412566963234e-06, 6.124959782027872e-06, 6.122395916463574e-06, 6.1323648878897075e-06, 6.140001460153144e-06, 6.111947641329607e-06, 0.9999572038650513]], "gate": 0.02340756542980671}
{"receiver_layer": 6, "sender_layers": [4, 5], "layer_weights": [0.49123328924179077, 0.5087666511535645], "head_mapping": [[0.9999568462371826, 6.164988917589653e-06, 6.141509857116034e-06, 6.16485385762644e-06, 6.167217634356348e-06, 6.1516866480815224e-06, 6.1493515204347204e-06, 6.1500322772189975e-06], [6.13133488513995e-06, 0.9999570846557617, 6.140328878245782e-06, 6.138806384115014e-06, 6.140176537883235e-06, 6.1370269577309955e-06, 6.150180070108036e-06, 6.141956873761956e-06], [6.1551909311674535e-06, 6.158260930533288e-06, 0.9999569654464722, 6.140281129773939e-06, 6.1512059801316354e-06, 6.141177436802536e-06, 6.154785751277814e-06, 6.143702194094658e-06], [6.15538419879158e-06, 6.136704087111866e-06, 6.151757588668261e-06, 0.9999569654464722, 6.147030944703147e-06, 6.1451778492482845e-06, 6.154345555842156e-06, 6.144686267361976e-06], [6.20332821199554e-06, 6.207275419001235e-06, 6.194159595906967e-06, 6.191849934111815e-06, 0.9999566078186035, 6.186791779327905e-06, 6.191123702592449e-06, 6.197876246005762e-06], [6.129078883532202e-06, 6.138678145362064e-06, 6.121455953689292e-06, 6.118199053162243e-06, 6.118187684478471e-06, 0.9999572038650513, 6.127132564870408e-06, 6.128500444901874e-06], [6.170864253363106e-06, 6.185382062540157e-06, 6.1769997046212666e-06, 6.1878663473180495e-06, 6.188698080222821e-06, 6.17816613157629e-06, 0.9999567270278931, 6.1820505834475625e-06], [6.18901049165288e-06, 6.1818905123800505e-06, 6.17955629422795e-06, 6.174489953991724e-06, 6.189553459989838e-06, 6.180139280331787e-06, 6.18409603703185e-06, 0.9999566078186035]], "gate": 0.020867599174380302}
{"receiver_layer": 7, "sender_layers": [5, 6], "layer_weights": [0.5055832266807556, 0.4944167733192444], "head_mapping": [[0.9999572038650513, 6.134265731816413e-06, 6.129295343271224e-06, 6.120235866546864e-06, 6.123102593846852e-06, 6.119226327427896e-06, 6.116757958807284e-06, 6.1191913118818775e-06], [6.183806817716686e-06, 0.9999566078186035, 6.1892524172435515e-06, 6.183848199725617e-06, 6.186154678289313e-06, 6.186077825987013e-06, 6.179302545206156e-06, 6.186443442857126e-06], [6.147639851405984e-06, 6.164548267406644e-06, 0.9999568462371826, 6.152220066724112e-06, 6.154555649118265e-06, 6.155894425319275e-06, 6.142447091406211e-06, 6.162014415167505e-06], [6.125987511040876e-06, 6.125975687609753e-06, 6.114477855589939e-06, 0.9999572038650513, 6.114197731221793e-06, 6.115008545748424e-06, 6.118023975432152e-06, 6.115777978266124e-06], [6.141089215816464e-06, 6.135908279247815e-06, 6.1485902733693365e-06, 6.135867351986235e-06, 0.9999569654464722, 6.148208740341943e-06, 6.1500563788285945e-06, 6.1345799622358754e-06], [6.1685886976192705e-06, 6.163078069221228e-06, 6.168888376123505e-06, 6.167488209030125e-06, 6.172736448206706e-06, 0.9999568462371826, 6.145330644358182e-06, 6.167646915855585e-06], [6.126192147348775e-06, 6.112541996117216e-06, 6.112040864536539e-06, 6.104182830313221e-06, 6.133347596914973e-06, 6.110129106673412e-06, 0.9999572038650513, 6.11401128480793e-06], [6.119884801591979e-06, 6.124713308963692e-06, 6.12407120570424e-06, 6.12995518167736e-06, 6.1268051467777696e-06, 6.127319466031622e-06, 6.126664629846346e-06, 0.9999570846557617]], "gate": 0.022834399715065956}
{"receiver_layer": 8, "sender_layers": [6, 7], "layer_weights": [0.5157333016395569, 0.4842666983604431], "head_mapping": [[0.9999567270278931, 6.161678811622551e-06, 6.172530447656754e-06, 6.1840373746235855e-06, 6.17780688116909e-06, 6.174820100568468e-06, 6.1881551118858624e-06, 6.157214556878898e-06], [6.1229679886309896e-06, 0.9999572038650513, 6.113230028859107e-06, 6.131902864581207e-06, 6.122425020294031e-06, 6.118444161984371e-06, 6.11971063335659e-06, 6.114880761742825e-06], [6.128768745838897e-06, 6.125338586571161e-06, 0.9999570846557617, 6.128546374384314e-06, 6.128102086222498e-06, 6.1312234720389824e-06, 6.123463663243456e-06, 6.12533312960295e-06], [6.157672487461241e-06, 6.185689017002005e-06, 6.163330908748321e-06, 0.9999567270278931, 6.164494152471889e-06, 6.187759936437942e-06, 6.170052529341774e-06, 6.1959203776496e-06], [6.120527814346133e-06, 6.12157282375847e-06, 6.12102394370595e-06, 6.114856660133228e-06, 0.9999572038650513, 6.113171821198193e-06, 6.122822469478706e-06, 6.118765213614097e-06], [6.166487310110824e-06, 6.16369470662903e-06, 6.158911673992407e-06, 6.163629677757854e-06, 6.1779774114256725e-06, 0.9999567270278931, 6.16655188423465e-06, 6.175479938974604e-06], [6.142711754364427e-06, 6.1448736232705414e-06, 6.1433911469066516e-06, 6.142980964796152e-06, 6.143116024759365e-06, 6.141463927633595e-06, 0.9999569654464722, 6.142102392914239e-06], [6.206878879311262e-06, 6.2061744756647386e-06, 6.207263595570112e-06, 6.196563845151104e-06, 6.19202683083131e-06, 6.2056301430857275e-06, 6.208880222402513e-06, 0.9999566078186035]], "gate": 0.02339327335357666}
{"receiver_layer": 9, "sender_layers": [6, 7], "layer_weights": [0.4733031094074249, 0.5266968607902527], "head_mapping": [[0.9999568462371826, 6.16674697084818e-06, 6.143103746580891e-06, 6.138927801657701e-06, 6.144627150206361e-06, 6.148308330011787e-06, 6.137259788374649e-06, 6.1633900259039365e-06], [6.155319624667754e-06, 0.9999569654464722, 6.163525540614501e-06, 6.166500497784e-06, 6.156505151011515e-06, 6.155800747364992e-06, 6.1392215684463736e-06, 6.151628440420609e-06], [6.161168130347505e-06, 6.171924724185374e-06, 0.9999568462371826, 6.143373411759967e-06, 6.158625183161348e-06, 6.1674995777138975e-06, 6.143413884274196e-06, 6.146302894194378e-06], [6.210419542185264e-06, 6.192369710333878e-06, 6.192381533765001e-06, 0.9999566078186035, 6.197698894538917e-06, 6.202198164828587e-06, 6.201677933859173e-06, 6.197716629685601e-06], [6.126454536570236e-06, 6.129131634224905e-06, 6.120802026998717e-06, 6.114477855589939e-06, 0.9999572038650513, 6.1129267123760656e-06, 6.110642061685212e-06, 6.12334770266898e-06], [6.127967935753986e-06, 6.12085977991228e-06, 6.12567146163201e-06, 6.127535471023293e-06, 6.1306504903768655e-06, 0.9999570846557617, 6.1235573411977384e-06, 6.126033440523315e-06], [6.114337793405866e-06, 6.118840701674344e-06, 6.114670213719364e-06, 6.1145010477048345e-06, 6.108602519816486e-06, 6.1074197219568305e-06, 0.9999572038650513, 6.106703949626535e-06], [6.178749572427478e-06, 6.1742962316202465e-06, 6.1516620917245746e-06, 6.161244073155103e-06, 6.163753823784646e-06, 6.170746473799227e-06, 6.170358574308921e-06, 0.9999567270278931]], "gate": 0.022899504750967026}
{"receiver_layer": 10, "sender_layers": [7, 8], "layer_weights": [0.48797014355659485, 0.5120298266410828], "head_mapping": [[0.9999567270278931, 6.178207513585221e-06, 6.184833182487637e-06, 6.168146228446858e-06, 6.1735072449664585e-06, 6.176987426442793e-06, 6.1649880080949515e-06, 6.167722403915832e-06], [6.116822987678461e-06, 0.9999573230743408, 6.109483365435153e-06, 6.097457571740961e-06, 6.106139608164085e-06, 6.0952193052798975e-06, 6.094323907746002e-06, 6.105021384428255e-06], [6.142992788227275e-06, 6.148731245048111e-06, 0.9999569654464722, 6.155982646305347e-06, 6.142664915387286e-06, 6.1352002376224846e-06, 6.160540579003282e-06, 6.15680482951575e-06], [6.143145583337173e-06, 6.141686753835529e-06, 6.155454229883617e-06, 0.9999569654464722, 6.1527316574938595e-06, 6.153471076686401e-06, 6.144487542769639e-06, 6.1595651459356304e-06], [6.108684374339646e-06, 6.131364898465108e-06, 6.108590696385363e-06, 6.116331860539503e-06, 0.9999572038650513, 6.106977252784418e-06, 6.122045761003392e-06, 6.108934485382633e-06], [6.1422019825840835e-06, 6.1439600358426105e-06, 6.146655323391315e-06, 6.150343779154355e-06, 6.138717708381591e-06, 0.9999569654464722, 6.138483513495885e-06, 6.162544195831288e-06], [6.132369435363216e-06, 6.134369414212415e-06, 6.155325081635965e-06, 6.1388932408590335e-06, 6.140855020930758e-06, 6.138852768344805e-06, 0.9999569654464722, 6.1392856878228486e-06], [6.133645001682453e-06, 6.147523890831508e-06, 6.141915946500376e-06, 6.135727744549513e-06, 6.127108918008162e-06, 6.135476269264473e-06, 6.13408974459162e-06, 0.9999570846557617]], "gate": 0.023054830729961395}
{"receiver_layer": 11, "sender_layers": [8, 9], "layer_weights": [0.5010710954666138, 0.49892890453338623], "head_mapping": [[0.9999568462371826, 6.160692009871127e-06, 6.1458108575607184e-06, 6.171971563162515e-06, 6.163536454550922e-06, 6.160680641187355e-06, 6.155054506962188e-06, 6.150055469333893e-06], [6.151675734145101e-06, 0.9999569654464722, 6.12920621279045e-06, 6.149317414383404e-06, 6.166553248476703e-06, 6.1599293985636905e-06, 6.1560240283142775e-06, 6.146814030216774e-06], [6.208666491147596e-06, 6.20239961790503e-06, 0.9999566078186035, 6.209892490005586e-06, 6.202523309184471e-06, 6.1870332501712255e-06, 6.215479515958577e-06, 6.183741788845509e-06], [6.180293439683737e-06, 6.179356660140911e-06, 6.185712663864251e-06, 0.9999567270278931, 6.176481292641256e-06, 6.173760993988253e-06, 6.1854352679802105e-06, 6.195382866280852e-06], [6.08016443948145e-06, 6.091871910030022e-06, 6.098114681662992e-06, 6.088967893447261e-06, 0.9999573230743408, 6.091243903938448e-06, 6.0880620367242955e-06, 6.107089120632736e-06], [6.127972937974846e-06, 6.145142833702266e-06, 6.145506631582975e-06, 6.144674898678204e-06, 6.137704986031167e-06, 0.9999569654464722, 6.152637524792226e-06, 6.130539077275898e-06], [6.118828878243221e-06, 6.128348104539327e-06, 6.113357358117355e-06, 6.115100859460654e-06, 6.127681444922928e-06, 6.129943812993588e-06, 0.9999570846557617, 6.1283594732230995e-06], [6.144710368971573e-06, 6.14691452938132e-06, 6.126238076831214e-06, 6.1275063671928365e-06, 6.14168720858288e-06, 6.146633040771121e-06, 6.128049790277146e-06, 0.9999570846557617]], "gate": 0.022042404860258102}
{"receiver_layer": 12, "sender_layers": [9, 10], "layer_weights": [0.5100044012069702, 0.4899955987930298], "head_mapping": [[0.9999570846557617, 6.140925506770145e-06, 6.13746033195639e-06, 6.139110610092757e-06, 6.138139269751264e-06, 6.138794560683891e-06, 6.1419095800374635e-06, 6.143356586107984e-06], [6.155653863970656e-06, 0.9999568462371826, 6.163084435684141e-06, 6.1618561630893964e-06, 6.157409643492429e-06, 6.1831119637645315e-06, 6.149246019049315e-06, 6.1716891650576144e-06], [6.110409685788909e-06, 6.1066343732818495e-06, 0.9999573230743408, 6.1112368712201715e-06, 6.106733508204343e-06, 6.108504294388695e-06, 6.107438366598217e-06, 6.110666163294809e-06], [6.113958988862578e-06, 6.12157282375847e-06, 6.120510079199448e-06, 0.9999572038650513, 6.115212272561621e-06, 6.122693775978405e-06, 6.1227169680933e-06, 6.117726570664672e-06], [6.122692866483703e-06, 6.123791081336094e-06, 6.124526862549828e-06, 6.124666924733901e-06, 0.9999570846557617, 6.1257360357558355e-06, 6.1208188526507e-06, 6.122622835391667e-06], [6.128675067884615e-06, 6.131960617494769e-06, 6.131258942332352e-06, 6.136991487437626e-06, 6.135569947218755e-06, 0.9999570846557617, 6.131135705800261e-06, 6.1313994592637755e-06], [6.1103796724637505e-06, 6.10715778748272e-06, 6.111067250458291e-06, 6.126081188995158e-06, 6.11290352026117e-06, 6.114979441917967e-06, 0.9999572038650513, 6.109954483690672e-06], [6.1348723647824954e-06, 6.14255941400188e-06, 6.144996859802632e-06, 6.142014626675518e-06, 6.140796358522493e-06, 6.142518941487651e-06, 6.143221980892122e-06, 0.9999569654464722]], "gate": 0.023250505328178406}
{"receiver_layer": 13, "sender_layers": [10, 11], "layer_weights": [0.5252333283424377, 0.47476664185523987], "head_mapping": [[0.9999573230743408, 6.106517957960023e-06, 6.102291536080884e-06, 6.1051086959196255e-06, 6.099336133047473e-06, 6.103263785917079e-06, 6.104317435529083e-06, 6.103513896960067e-06], [6.1550426835310645e-06, 0.9999568462371826, 6.154784841783112e-06, 6.158777523523895e-06, 6.156511062727077e-06, 6.174656391522149e-06, 6.155788469186518e-06, 6.1672471929341555e-06], [6.1514983826782554e-06, 6.163736543385312e-06, 0.9999568462371826, 6.158666110422928e-06, 6.145828592707403e-06, 6.166088951431448e-06, 6.1518035181507e-06, 6.174097052280558e-06], [6.127412689238554e-06, 6.113882136560278e-06, 6.140621280792402e-06, 0.9999570846557617, 6.114587449701503e-06, 6.127283995738253e-06, 6.121046226326143e-06, 6.137506716186181e-06], [6.132662292657187e-06, 6.13990732745151e-06, 6.147318799776258e-06, 6.130539532023249e-06, 0.9999570846557617, 6.134504928922979e-06, 6.1368104979919735e-06, 6.131352165539283e-06], [6.132065664132824e-06, 6.130159817985259e-06, 6.131077498139348e-06, 6.127190772531321e-06, 6.136219326435821e-06, 0.9999570846557617, 6.129213034000713e-06, 6.138174285297282e-06], [6.103327905293554e-06, 6.114367806731025e-06, 6.105924057919765e-06, 6.106704859121237e-06, 6.111808033892885e-06, 6.104340627643978e-06, 0.9999573230743408, 6.096765901020262e-06], [6.1443288359441794e-06, 6.153119102236815e-06, 6.163231773825828e-06, 6.141505309642525e-06, 6.155313258204842e-06, 6.1683122112299316e-06, 6.152520654723048e-06, 0.9999569654464722]], "gate": 0.023490730673074722}
{"receiver_layer": 14, "sender_layers": [10, 11], "layer_weights": [0.4797876477241516, 0.5202124118804932], "head_mapping": [[0.9999573230743408, 6.135343028290663e-06, 6.101837698224699e-06, 6.1083005675754976e-06, 6.10624465480214e-06, 6.113486961112358e-06, 6.106646196712973e-06, 6.107060016802279e-06], [6.185577149153687e-06, 0.9999567270278931, 6.1688169807894155e-06, 6.182598554005381e-06, 6.1773766901751515e-06, 6.183017831062898e-06, 6.166593266243581e-06, 6.175550424813991e-06], [6.1300775087147485e-06, 6.1318201005633455e-06, 0.9999570846557617, 6.1253153944562655e-06, 6.123037564975675e-06, 6.120637863205047e-06, 6.122902959759813e-06, 6.124363153503509e-06], [6.103781288402388e-06, 6.106692126195412e-06, 6.11353925705771e-06, 0.9999572038650513, 6.1029777498333715e-06, 6.1149448811193e-06, 6.100789960328257e-06, 6.1057371567585506e-06], [6.101040526118595e-06, 6.099272013670998e-06, 6.093411229812773e-06, 6.097114237491041e-06, 0.9999573230743408, 6.103088708186988e-06, 6.0990682868578006e-06, 6.112857590778731e-06], [6.151024081191281e-06, 6.149129603727488e-06, 6.154433322080877e-06, 6.156088602438103e-06, 6.146737632661825e-06, 0.9999569654464722, 6.132966063887579e-06, 6.143192422314314e-06], [6.111912625783589e-06, 6.104799467721023e-06, 6.1037226259941235e-06, 6.108556135586696e-06, 6.112151368142804e-06, 6.1129267123760656e-06, 0.9999572038650513, 6.103769464971265e-06], [6.091349860071205e-06, 6.090403076086659e-06, 6.089786893426208e-06, 6.090245733503252e-06, 6.089607268222608e-06, 6.0871566347486805e-06, 6.091646355343983e-06, 0.9999574422836304]], "gate": 0.02406398206949234}
{"receiver_layer": 15, "sender_layers": [11, 12], "layer_weights": [0.4970318377017975, 0.5029681324958801], "head_mapping": [[0.9999567270278931, 6.176127499202266e-06, 6.171170298330253e-06, 6.179598130984232e-06, 6.1676637415075675e-06, 6.163324542285409e-06, 6.1795276451448444e-06, 6.176469469210133e-06], [6.157849838928087e-06, 0.9999569654464722, 6.136955562396906e-06, 6.156217750685755e-06, 6.1604819165950175e-06, 6.155865321488818e-06, 6.1530481616500765e-06, 6.1633259065274615e-06], [6.107507033448201e-06, 6.109231890150113e-06, 0.9999572038650513, 6.086922894610325e-06, 6.1112364164728206e-06, 6.104014119046042e-06, 6.103443411120679e-06, 6.111551101639634e-06], [6.109814421506599e-06, 6.128266250016168e-06, 6.111935817898484e-06, 0.9999572038650513, 6.131364898465108e-06, 6.1088935581210535e-06, 6.125088475528173e-06, 6.112961727922084e-06], [6.117767497926252e-06, 6.111166840128135e-06, 6.115060841693776e-06, 6.1102396102796774e-06, 0.9999572038650513, 6.118129022070207e-06, 6.10741426498862e-06, 6.1266650845936965e-06], [6.10899951425381e-06, 6.1004702729405835e-06, 6.101913186284946e-06, 6.102431143517606e-06, 6.108451998443343e-06, 0.9999573230743408, 6.1033101701468695e-06, 6.1136038311815355e-06], [6.091394880058942e-06, 6.095893695601262e-06, 6.10719371252344e-06, 6.113498784543481e-06, 6.097777259128634e-06, 6.09422522757086e-06, 0.9999573230743408, 6.095707249187399e-06], [6.0825786931673065e-06, 6.0779043451475445e-06, 6.102705810917541e-06, 6.0816096265625674e-06, 6.083268544898601e-06, 6.102630322857294e-06, 6.081702395022148e-06, 0.9999574422836304]], "gate": 0.024844003841280937}
{"receiver_layer": 16, "sender_layers": [12, 13], "layer_weights": [0.5066550374031067, 0.4933449625968933], "head_mapping": [[0.9999569654464722, 6.136692718428094e-06, 6.150314675323898e-06, 6.139262495707953e-06, 6.149428827484371e-06, 6.139836386864772e-06, 6.137043328635627e-06, 6.13613656241796e-06], [6.162490535643883e-06, 0.9999568462371826, 6.149580258352216e-06, 6.151264187792549e-06, 6.161785222502658e-06, 6.150242825242458e-06, 6.148285137896892e-06, 6.162984391266946e-06], [6.092982403060887e-06, 6.091030172683531e-06, 0.9999574422836304, 6.092720923334127e-06, 6.0927441154490225e-06, 6.094940999901155e-06, 6.090373972256202e-06, 6.097679033700842e-06], [6.149036835267907e-06, 6.14543705523829e-06, 6.15146473137429e-06, 0.9999570846557617, 6.126068910816684e-06, 6.152808509796159e-06, 6.118560122558847e-06, 6.127190772531321e-06], [6.100308382883668e-06, 6.090971965022618e-06, 6.088584996177815e-06, 6.101785857026698e-06, 0.9999574422836304, 6.087981091695838e-06, 6.094104264775524e-06, 6.0907455008418765e-06], [6.10266397416126e-06, 6.104230124037713e-06, 6.105399734224193e-06, 6.1014534367132e-06, 6.095562184782466e-06, 0.9999573230743408, 6.101127837609965e-06, 6.102739916968858e-06], [6.08241634836304e-06, 6.10434153713868e-06, 6.092221155995503e-06, 6.084173946874216e-06, 6.0970860431552865e-06, 6.08882874075789e-06, 0.9999574422836304, 6.086193025112152e-06], [6.1163436839706264e-06, 6.109178684710059e-06, 6.117568318586564e-06, 6.116220902185887e-06, 6.135036983323516e-06, 6.117767043178901e-06, 6.1303699112613685e-06, 0.9999570846557617]], "gate": 0.025490961968898773}
{"receiver_layer": 17, "sender_layers": [13, 14], "layer_weights": [0.5285226702690125, 0.47147729992866516], "head_mapping": [[0.9999572038650513, 6.123774255684111e-06, 6.112506980571197e-06, 6.12322492088424e-06, 6.127401320554782e-06, 6.1076880228938535e-06, 6.125578693172429e-06, 6.135711373644881e-06], [6.161685632832814e-06, 0.9999568462371826, 6.1530358834716026e-06, 6.155054506962188e-06, 6.1523433032562025e-06, 6.170941560412757e-06, 6.1563405324704945e-06, 6.169264906930039e-06], [6.114746156526962e-06, 6.1142327467678115e-06, 0.9999572038650513, 6.116518761700718e-06, 6.1305463532335125e-06, 6.128722361609107e-06, 6.126373136794427e-06, 6.115772066550562e-06], [6.116256827226607e-06, 6.092429430282209e-06, 6.094370746723143e-06, 0.9999573230743408, 6.091709110478405e-06, 6.090465831221081e-06, 6.087330348236719e-06, 6.090395800129045e-06], [6.083535481593572e-06, 6.074549673940055e-06, 6.0782931541325524e-06, 6.078258138586534e-06, 0.9999574422836304, 6.071677034924505e-06, 6.0832917370134965e-06, 6.076159934309544e-06], [6.105155534896767e-06, 6.1108639783924446e-06, 6.1070190895406995e-06, 6.103828127379529e-06, 6.097556251916103e-06, 0.9999573230743408, 6.1061341511958744e-06, 6.109291007305728e-06], [6.015931830916088e-06, 6.020839009579504e-06, 6.030504664522596e-06, 6.0233201111259405e-06, 6.0190423027961515e-06, 6.0298202697595116e-06, 0.999957799911499, 6.019065040163696e-06], [6.172395387693541e-06, 6.158994892757619e-06, 6.16581837675767e-06, 6.155530172691215e-06, 6.18053582002176e-06, 6.175151156639913e-06, 6.1505888879764825e-06, 0.9999568462371826]], "gate": 0.026440324261784554}
{"receiver_layer": 18, "sender_layers": [13, 14], "layer_weights": [0.47907644510269165, 0.5209235548973083], "head_mapping": [[0.9999570846557617, 6.122284048615256e-06, 6.138151093182387e-06, 6.1367345551843755e-06, 6.11857194598997e-06, 6.1431633184838574e-06, 6.1361256484815385e-06, 6.114675670687575e-06], [6.121397291281028e-06, 0.9999572038650513, 6.11912082604249e-06, 6.12195754001732e-06, 6.1168921092757955e-06, 6.107006356614875e-06, 6.114687948866049e-06, 6.110234153311467e-06], [6.12507665209705e-06, 6.106540695327567e-06, 0.9999572038650513, 6.127062533778371e-06, 6.1407276916725095e-06, 6.128278073447291e-06, 6.110711638029898e-06, 6.127459982963046e-06], [6.104037765908288e-06, 6.102023689891212e-06, 6.10400275036227e-06, 0.9999573230743408, 6.123733783169882e-06, 6.10728102401481e-06, 6.113486961112358e-06, 6.1274899962882046e-06], [6.111003585829167e-06, 6.101174221839756e-06, 6.101930921431631e-06, 6.0993011175014544e-06, 0.9999573230743408, 6.09927838013391e-06, 6.101698090787977e-06, 6.099789970903657e-06], [6.123907496657921e-06, 6.12596386417863e-06, 6.124468200141564e-06, 6.123370440036524e-06, 6.127389497123659e-06, 0.9999570846557617, 6.123766979726497e-06, 6.119762474554591e-06], [6.05996274316567e-06, 6.059772658772999e-06, 6.061738076823531e-06, 6.056849542801501e-06, 6.053130618965952e-06, 6.062911779736169e-06, 0.9999575614929199, 6.062813099561026e-06], [6.126600510469871e-06, 6.133779606898315e-06, 6.127623237262014e-06, 6.126255811977899e-06, 6.13475685895537e-06, 6.123194907559082e-06, 6.124509127403144e-06, 0.9999570846557617]], "gate": 0.025392401963472366}
{"receiver_layer": 19, "sender_layers": [14, 15], "layer_weights": [0.49499019980430603, 0.5050098299980164], "head_mapping": [[0.9999568462371826, 6.153634330985369e-06, 6.164277692732867e-06, 6.154902166599641e-06, 6.163936177472351e-06, 6.15782073509763e-06, 6.165071226860164e-06, 6.155430583021371e-06], [6.12149096923531e-06, 0.9999572038650513, 6.121327260188991e-06, 6.123709681560285e-06, 6.121175829321146e-06, 6.120948000898352e-06, 6.117440534580965e-06, 6.122226295701694e-06], [6.148836291686166e-06, 6.1524033299065195e-06, 0.9999569654464722, 6.147722615423845e-06, 6.152620244392892e-06, 6.152168225526111e-06, 6.140620826045051e-06, 6.154468792374246e-06], [6.115865289757494e-06, 6.11720724918996e-06, 6.121140813775128e-06, 0.9999572038650513, 6.11627365287859e-06, 6.1217829170345794e-06, 6.11388304605498e-06, 6.1204050325613935e-06], [6.141850917629199e-06, 6.143538030300988e-06, 6.141932317405008e-06, 6.1428468143276405e-06, 0.9999569654464722, 6.14301052337396e-06, 6.147839485493023e-06, 6.14177452007425e-06], [6.1073797041899525e-06, 6.106936325522838e-06, 6.105911779741291e-06, 6.110356480348855e-06, 6.113725703471573e-06, 0.9999572038650513, 6.110782123869285e-06, 6.108294201112585e-06], [6.128874701971654e-06, 6.116011718404479e-06, 6.120440502854763e-06, 6.125509116827743e-06, 6.126069365564035e-06, 6.1185141930764075e-06, 0.9999572038650513, 6.12093663221458e-06], [6.126314019638812e-06, 6.1203049881441984e-06, 6.1164837461546995e-06, 6.123948423919501e-06, 6.132609541964484e-06, 6.1377236306725536e-06, 6.126483640400693e-06, 0.9999570846557617]], "gate": 0.024876298382878304}
{"receiver_layer": 20, "sender_layers": [15, 16], "layer_weights": [0.5076025128364563, 0.4923974871635437], "head_mapping": [[0.9999568462371826, 6.165976628835779e-06, 6.143853624962503e-06, 6.151862180558965e-06, 6.1565810938191134e-06, 6.156428298709216e-06, 6.144732196844416e-06, 6.146162377262954e-06], [6.1382202147797216e-06, 0.9999569654464722, 6.1337905208347365e-06, 6.134066097729374e-06, 6.137728632893413e-06, 6.1419796111295e-06, 6.140609002613928e-06, 6.136569481896004e-06], [6.169859261717647e-06, 6.164730166346999e-06, 0.9999568462371826, 6.158096311992267e-06, 6.16179113421822e-06, 6.1841856222599745e-06, 6.165841568872565e-06, 6.1678879319515545e-06], [6.079371360101504e-06, 6.085299901315011e-06, 6.082334948587231e-06, 0.9999574422836304, 6.076252702769125e-06, 6.078600108594401e-06, 6.085996119509218e-06, 6.080484581616474e-06], [6.120241778262425e-06, 6.121175829321146e-06, 6.122804734332021e-06, 6.120229954831302e-06, 0.9999572038650513, 6.119448244135128e-06, 6.132599082775414e-06, 6.113999916124158e-06], [6.115084488556022e-06, 6.120650141383521e-06, 6.105888132879045e-06, 6.114314601290971e-06, 6.12224994256394e-06, 0.9999572038650513, 6.120498710515676e-06, 6.117848897702061e-06], [6.109069090598496e-06, 6.109115474828286e-06, 6.118175861047348e-06, 6.118596047599567e-06, 6.111213224357925e-06, 6.104176918597659e-06, 0.9999572038650513, 6.111609764047898e-06], [6.0837041928607505e-06, 6.0862394093419425e-06, 6.079429567762418e-06, 6.0897000366821885e-06, 6.086308985686628e-06, 6.084283995733131e-06, 6.0810643844888546e-06, 0.9999574422836304]], "gate": 0.02519894950091839}
{"receiver_layer": 21, "sender_layers": [16, 17], "layer_weights": [0.5165498852729797, 0.48345014452934265], "head_mapping": [[0.9999570846557617, 6.125601430539973e-06, 6.12777512287721e-06, 6.121717433416052e-06, 6.124024366727099e-06, 6.1208652368804906e-06, 6.1232767620822415e-06, 6.131393092800863e-06], [6.102943643782055e-06, 0.9999573230743408, 6.097219284129096e-06, 6.095678600104293e-06, 6.092185230954783e-06, 6.098929134168429e-06, 6.096637662267312e-06, 6.096754077589139e-06], [6.1714526964351535e-06, 6.17279511061497e-06, 0.9999567270278931, 6.162654699437553e-06, 6.176993792905705e-06, 6.1663577071158215e-06, 6.1708879002253525e-06, 6.170546839712188e-06], [6.17939713265514e-06, 6.1874939092376735e-06, 6.183930508996127e-06, 0.9999566078186035, 6.18453213974135e-06, 6.18838475929806e-06, 6.189854047988774e-06, 6.188555744301993e-06], [6.090750503062736e-06, 6.110001777415164e-06, 6.102302904764656e-06, 6.105440661485773e-06, 0.9999573230743408, 6.1046316659485456e-06, 6.099091478972696e-06, 6.0971497077844106e-06], [6.130311703600455e-06, 6.137343007139862e-06, 6.133188435342163e-06, 6.133206170488847e-06, 6.1347800510702655e-06, 0.9999570846557617, 6.133790975582087e-06, 6.118723376857815e-06], [6.080855655454798e-06, 6.076015324651962e-06, 6.078118985897163e-06, 6.078130354580935e-06, 6.084005690354388e-06, 6.077209036448039e-06, 0.9999574422836304, 6.0751285673177335e-06], [6.1636542341148015e-06, 6.16598254055134e-06, 6.163524631119799e-06, 6.1653004195250105e-06, 6.1676355471718125e-06, 6.152707101136912e-06, 6.1669825299759395e-06, 0.9999568462371826]], "gate": 0.02411072328686714}
{"receiver_layer": 22, "sender_layers": [17, 18], "layer_weights": [0.5303363800048828, 0.4696636199951172], "head_mapping": [[0.9999580383300781, 6.00039948039921e-06, 6.009888693370158e-06, 6.0064858189434744e-06, 5.999535460432526e-06, 6.0023398873454425e-06, 6.002935151627753e-06, 6.004881925036898e-06], [6.086053872422781e-06, 0.9999574422836304, 6.082027084630681e-06, 6.083466359996237e-06, 6.083506377763115e-06, 6.082827894715592e-06, 6.0816096265625674e-06, 6.090989245421952e-06], [6.157274583529215e-06, 6.147095064079622e-06, 0.9999569654464722, 6.157027655717684e-06, 6.159906206448795e-06, 6.165201739349868e-06, 6.151164598122705e-06, 6.139660399639979e-06], [6.073668828321388e-06, 6.062893589842133e-06, 6.06073717790423e-06, 0.9999574422836304, 6.069430583011126e-06, 6.076357294659829e-06, 6.0672541621897835e-06, 6.0572410802706145e-06], [6.147171461634571e-06, 6.137740456324536e-06, 6.132977887318702e-06, 6.14325699643814e-06, 0.9999569654464722, 6.146737632661825e-06, 6.135528110462474e-06, 6.140281129773939e-06], [6.106377441028599e-06, 6.119045337982243e-06, 6.110863068897743e-06, 6.109872629167512e-06, 6.113276867836248e-06, 0.9999572038650513, 6.115445557952626e-06, 6.117435077612754e-06], [5.900798441871302e-06, 5.911500466027064e-06, 5.904215868213214e-06, 5.902267730562016e-06, 5.9050266827398445e-06, 5.903438704990549e-06, 0.9999586343765259, 5.905589659960242e-06], [6.097649475123035e-06, 6.09614926361246e-06, 6.100121481722454e-06, 6.094638138165465e-06, 6.1142568483774085e-06, 6.099743131926516e-06, 6.0920228861505166e-06, 0.9999573230743408]], "gate": 0.031200772151350975}
{"receiver_layer": 23, "sender_layers": [17, 18], "layer_weights": [0.4821409285068512, 0.5178590416908264], "head_mapping": [[0.9999573230743408, 6.098987341829343e-06, 6.097660843806807e-06, 6.0975507949478924e-06, 6.110712547524599e-06, 6.109494734118925e-06, 6.105201919126557e-06, 6.096411198086571e-06], [6.100127393438015e-06, 0.9999573230743408, 6.0985917116340715e-06, 6.099242909840541e-06, 6.103339273977326e-06, 6.102884981373791e-06, 6.096306151448516e-06, 6.098521680542035e-06], [6.119856607256224e-06, 6.110997674113605e-06, 0.9999572038650513, 6.117749762779567e-06, 6.121525530033978e-06, 6.122682407294633e-06, 6.126349944679532e-06, 6.1183859543234576e-06], [6.100813607190503e-06, 6.095626304158941e-06, 6.101092822063947e-06, 0.9999573230743408, 6.108859906817088e-06, 6.101034614403034e-06, 6.111610218795249e-06, 6.100824975874275e-06], [6.146537998574786e-06, 6.141575340734562e-06, 6.138688149803784e-06, 6.144768121885136e-06, 0.9999569654464722, 6.143321115814615e-06, 6.1474174799514e-06, 6.1351765907602385e-06], [6.104189196776133e-06, 6.101593044149922e-06, 6.104410203988664e-06, 6.103351097408449e-06, 6.107229182816809e-06, 0.9999573230743408, 6.109034529799828e-06, 6.106425189500442e-06], [6.09592325417907e-06, 6.085079348849831e-06, 6.074422344681807e-06, 6.079870217945427e-06, 6.075360488466686e-06, 6.0847137319797184e-06, 0.9999574422836304, 6.0802876760135405e-06], [6.162878435134189e-06, 6.16114493823261e-06, 6.163008038129192e-06, 6.165171271277359e-06, 6.152542937343242e-06, 6.161808869364904e-06, 6.160786142572761e-06, 0.9999568462371826]], "gate": 0.025670945644378662}
