{"kind": "key", "receiver_layer": 0, "sender_layers": [0, 1, 2, 3, 4, 5], "layer_weights": [0.2168283462524414, 0.19350466132164001, 0.17335590720176697, 0.15454916656017303, 0.1383116990327835, 0.12345030903816223], "head_mapping": [[0.9999568462371826, 6.159834356367355e-06, 6.146666692075087e-06, 6.147323347249767e-06, 6.165629656607052e-06, 6.1515979723480996e-06, 6.159987151477253e-06, 6.169441348902183e-06], [6.1551027101813816e-06, 0.9999569654464722, 6.154656603030162e-06, 6.152209607535042e-06, 6.147652129584458e-06, 6.1544101299659815e-06, 6.148789452709025e-06, 6.142319307400612e-06], [6.151381057861727e-06, 6.150712579255924e-06, 0.9999568462371826, 6.166994353407063e-06, 6.1542859839391895e-06, 6.171883342176443e-06, 6.147475687612314e-06, 6.151815796329174e-06], [6.149797172838589e-06, 6.139425295259571e-06, 6.137564014352392e-06, 0.9999568462371826, 6.169524112920044e-06, 6.158953965496039e-06, 6.175015641929349e-06, 6.159112672321498e-06], [6.15282442595344e-06, 6.195087280502776e-06, 6.173960628075292e-06, 6.188804491102928e-06, 0.9999567270278931, 6.1691698647337034e-06, 6.181955995998578e-06, 6.181702701724134e-06], [6.159559234220069e-06, 6.1468786043406e-06, 6.151452453195816e-06, 6.1434675444616005e-06, 6.158719315862982e-06, 0.9999569654464722, 6.145635779830627e-06, 6.140006007626653e-06], [6.180571290315129e-06, 6.164159913168987e-06, 6.170329470478464e-06, 6.158625183161348e-06, 6.147287876956398e-06, 6.169847438286524e-06, 0.9999568462371826, 6.169218067952897e-06], [6.159105396363884e-06, 6.171429504320258e-06, 6.16498209637939e-06, 6.175433099997463e-06, 6.181631761137396e-06, 6.174743703013519e-06, 6.162689714983571e-06, 0.9999567270278931]], "mean_depth_distance": 0.08053193986415863}
{"kind": "key", "receiver_layer": 1, "sender_layers": [0, 1, 2, 3, 4, 5], "layer_weights": [0.18838536739349365, 0.20148257911205292, 0.1796589195728302, 0.16000570356845856, 0.14264127612113953, 0.12782610952854156], "head_mapping": [[0.9999569654464722, 6.154045877337921e-06, 6.14807413512608e-06, 6.138114713394316e-06, 6.146573014120804e-06, 6.1350601754384115e-06, 6.139859578979667e-06, 6.151076831883984e-06], [6.1588598327944055e-06, 0.9999568462371826, 6.1648361224797554e-06, 6.158754331409e-06, 6.15583530816366e-06, 6.167911578813801e-06, 6.164083515614038e-06, 6.155113624117803e-06], [6.160116299724905e-06, 6.1537693909485824e-06, 0.9999568462371826, 6.1571977312269155e-06, 6.154773018351989e-06, 6.16618262938573e-06, 6.156152721814578e-06, 6.165735612739809e-06], [6.168394065753091e-06, 6.158378255349817e-06, 6.1605983319168445e-06, 0.9999568462371826, 6.165100785437971e-06, 6.1550786085717846e-06, 6.155841674626572e-06, 6.157391453598393e-06], [6.16530542174587e-06, 6.167540050228126e-06, 6.1702112361672334e-06, 6.162166755530052e-06, 0.9999567270278931, 6.171441327751381e-06, 6.170081633172231e-06, 6.160450993775157e-06], [6.1685886976192705e-06, 6.172595476527931e-06, 6.172677785798442e-06, 6.162678346299799e-06, 6.1616674429387785e-06, 0.9999568462371826, 6.173631845740601e-06, 6.168876552692382e-06], [6.155524715723004e-06, 6.158214091556147e-06, 6.156393283163197e-06, 6.1522669057012536e-06, 6.159434633445926e-06, 6.154784841783112e-06, 0.9999568462371826, 6.158689757285174e-06], [6.156698873382993e-06, 6.1564287534565665e-06, 6.1551377257274e-06, 6.151253273856128e-06, 6.151863090053666e-06, 6.155055416456889e-06, 6.145975476101739e-06, 0.9999569654464722]], "mean_depth_distance": 0.06554579734802246}
{"kind": "key", "receiver_layer": 2, "sender_layers": [0, 1, 2, 3, 4, 5], "layer_weights": [0.16681323945522308, 0.1877627968788147, 0.18987666070461273, 0.16896755993366241, 0.151109978556633, 0.13546980917453766], "head_mapping": [[0.9999569654464722, 6.1468840613088105e-06, 6.155595201562392e-06, 6.148695320007391e-06, 6.147974545456236e-06, 6.145008683233755e-06, 6.142606707726372e-06, 6.152467904030345e-06], [6.175740054459311e-06, 0.9999568462371826, 6.160187240311643e-06, 6.167135325085837e-06, 6.1678997553826775e-06, 6.168688287289115e-06, 6.164159913168987e-06, 6.167241281218594e-06], [6.137494438007707e-06, 6.137072887213435e-06, 0.9999569654464722, 6.135668172646547e-06, 6.141920948721236e-06, 6.13953761785524e-06, 6.155947630759329e-06, 6.142507118056528e-06], [6.183005552884424e-06, 6.180134732858278e-06, 6.199254130478948e-06, 0.9999567270278931, 6.167498668219196e-06, 6.183471214171732e-06, 6.181832304719137e-06, 6.177017439767951e-06], [6.166852017486235e-06, 6.1623723013326526e-06, 6.1782016018696595e-06, 6.168275831441861e-06, 0.9999567270278931, 6.180594482430024e-06, 6.183076493471162e-06, 6.1735431700071786e-06], [6.156539711810183e-06, 6.157791176519822e-06, 6.15012595517328e-06, 6.163048965390772e-06, 6.183171535667498e-06, 0.9999568462371826, 6.184780886542285e-06, 6.1631253629457206e-06], [6.146484793134732e-06, 6.149973160063382e-06, 6.160386874398682e-06, 6.1614796322828624e-06, 6.16971192357596e-06, 6.155054506962188e-06, 0.9999568462371826, 6.176976967253722e-06], [6.177618161018472e-06, 6.170605502120452e-06, 6.189005034684669e-06, 6.184934136399534e-06, 6.1821388044336345e-06, 6.184497124195332e-06, 6.16509987594327e-06, 0.9999567270278931]], "mean_depth_distance": 0.0567387193441391}
{"kind": "key", "receiver_layer": 3, "sender_layers": [0, 1, 2, 3, 4, 5], "layer_weights": [0.15137748420238495, 0.17000111937522888, 0.1896400898694992, 0.18118244409561157, 0.16264888644218445, 0.14514997601509094], "head_mapping": [[0.9999568462371826, 6.157415100460639e-06, 6.161685632832814e-06, 6.1528598962468095e-06, 6.156134986667894e-06, 6.166729690448847e-06, 6.158918949950021e-06, 6.163866146380315e-06], [6.158413725643186e-06, 0.9999569654464722, 6.148215106804855e-06, 6.1520509007095825e-06, 6.14729424341931e-06, 6.154292805149453e-06, 6.143350674392423e-06, 6.1507253121817484e-06], [6.169276730361162e-06, 6.161797045933781e-06, 0.9999568462371826, 6.168370873638196e-06, 6.1604218899447005e-06, 6.15969338468858e-06, 6.172795565362321e-06, 6.154467882879544e-06], [6.165970262372866e-06, 6.171417680889135e-06, 6.167463652673177e-06, 0.9999567270278931, 6.179197498568101e-06, 6.168645995785482e-06, 6.171064796944847e-06, 6.180806394695537e-06], [6.1559121604659595e-06, 6.1469481806852855e-06, 6.157115876703756e-06, 6.154191851237556e-06, 0.9999568462371826, 6.160551038192352e-06, 6.166253115225118e-06, 6.154432412586175e-06], [6.157462394185131e-06, 6.169147127366159e-06, 6.173372639750596e-06, 6.170005690364633e-06, 6.18156173004536e-06, 0.9999568462371826, 6.165353624965064e-06, 6.150888566480717e-06], [6.171605946292402e-06, 6.171535460453015e-06, 6.166546427266439e-06, 6.168004802020732e-06, 6.1787904996890575e-06, 6.172960183903342e-06, 0.9999567270278931, 6.1726304920739494e-06], [6.1404111875162926e-06, 6.147541625978192e-06, 6.14098462392576e-06, 6.131410827947548e-06, 6.136523552413564e-06, 6.1402352002914995e-06, 6.151446996227605e-06, 0.9999570846557617]], "mean_depth_distance": 0.052652306854724884}
{"kind": "key", "receiver_layer": 4, "sender_layers": [1, 2, 3, 4, 5, 6], "layer_weights": [0.15536640584468842, 0.17318394780158997, 0.19526569545269012, 0.17736822366714478, 0.15785682201385498, 0.14095893502235413], "head_mapping": [[0.9999568462371826, 6.162819317978574e-06, 6.163636953715468e-06, 6.167511855892371e-06, 6.168582331156358e-06, 6.176552687975345e-06, 6.163371836009901e-06, 6.173031579237431e-06], [6.156698418635642e-06, 0.9999568462371826, 6.17473915554001e-06, 6.157720235933084e-06, 6.164912520034704e-06, 6.1609857766598e-06, 6.17661180513096e-06, 6.165041668282356e-06], [6.157368716230849e-06, 6.149188266135752e-06, 0.9999569654464722, 6.1456821640604176e-06, 6.167971150716767e-06, 6.151240995677654e-06, 6.163872512843227e-06, 6.160493740026141e-06], [6.178172043291852e-06, 6.1618557083420455e-06, 6.182174274727004e-06, 0.9999567270278931, 6.154807579150656e-06, 6.178272542456398e-06, 6.152695277705789e-06, 6.1659816310566384e-06], [6.152097284939373e-06, 6.167741503304569e-06, 6.159910753922304e-06, 6.175704584165942e-06, 0.9999568462371826, 6.162931640574243e-06, 6.1581549744005315e-06, 6.15220869804034e-06], [6.153223239380168e-06, 6.156194103823509e-06, 6.16304305367521e-06, 6.1590121731569525e-06, 6.164865681057563e-06, 0.9999568462371826, 6.166394541651243e-06, 6.154438779049087e-06], [6.168235358927632e-06, 6.15294220551732e-06, 6.1588480093632825e-06, 6.160933480714448e-06, 6.1611626733792946e-06, 6.165847025840776e-06, 0.9999568462371826, 6.1676237237406895e-06], [6.158430096547818e-06, 6.173572273837635e-06, 6.16409988651867e-06, 6.169629159558099e-06, 6.167440460558282e-06, 6.171382665343117e-06, 6.166863840917358e-06, 0.9999567270278931]], "mean_depth_distance": 0.051998451352119446}
{"kind": "key", "receiver_layer": 5, "sender_layers": [1, 2, 3, 4, 5, 6], "layer_weights": [0.14194615185260773, 0.15974843502044678, 0.17838531732559204, 0.1930115967988968, 0.17267824709415436, 0.1542302370071411], "head_mapping": [[0.9999569654464722, 6.144610324554378e-06, 6.159342319733696e-06, 6.146584837551927e-06, 6.145641236798838e-06, 6.156839845061768e-06, 6.150349690869916e-06, 6.159506483527366e-06], [6.172825123940129e-06, 0.9999567270278931, 6.167605079099303e-06, 6.175762791826855e-06, 6.1770938373229e-06, 6.181643584568519e-06, 6.176345323183341e-06, 6.16951683696243e-06], [6.1798518800060265e-06, 6.1778009694535285e-06, 0.9999567270278931, 6.172530447656754e-06, 6.178337116580224e-06, 6.177518116601277e-06, 6.1781133808835875e-06, 6.180582658998901e-06], [6.158425094326958e-06, 6.16942952547106e-06, 6.1480973272409756e-06, 0.9999568462371826, 6.162767022033222e-06, 6.155136816232698e-06, 6.157532425277168e-06, 6.163113084767247e-06], [6.161091732792556e-06, 6.169817879708717e-06, 6.164265869301744e-06, 6.1653886405110825e-06, 0.9999568462371826, 6.1625728449143935e-06, 6.168170330056455e-06, 6.1583073147630785e-06], [6.147030944703147e-06, 6.149141881905962e-06, 6.143427071947372e-06, 6.14589362157858e-06, 6.143830887594959e-06, 0.9999569654464722, 6.141698577266652e-06, 6.1400587583193555e-06], [6.169370863062795e-06, 6.1683645071752835e-06, 6.170005690364633e-06, 6.169735570438206e-06, 6.166935236251447e-06, 6.168052550492575e-06, 0.9999568462371826, 6.159387794468785e-06], [6.148291049612453e-06, 6.148871761979535e-06, 6.142759048088919e-06, 6.155285063869087e-06, 6.148455213406123e-06, 6.1473006098822225e-06, 6.1548385019705165e-06, 0.9999569654464722]], "mean_depth_distance": 0.05224262550473213}
{"kind": "key", "receiver_layer": 6, "sender_layers": [2, 3, 4, 5, 6, 7], "layer_weights": [0.14620372653007507, 0.1633540540933609, 0.18298272788524628, 0.18878646194934845, 0.1685909777879715, 0.1500820517539978], "head_mapping": [[0.9999569654464722, 6.151240995677654e-06, 6.1520390772784594e-06, 6.156834388093557e-06, 6.153717549750581e-06, 6.1492232816817705e-06, 6.161944838822819e-06, 6.154832590254955e-06], [6.14901273365831e-06, 0.9999569654464722, 6.145260158518795e-06, 6.155372375360457e-06, 6.145740826468682e-06, 6.147441126813646e-06, 6.151880370453e-06, 6.149469754745951e-06], [6.173913789098151e-06, 6.170935193949845e-06, 0.9999567270278931, 6.171570930746384e-06, 6.169887456053402e-06, 6.183229743328411e-06, 6.1669225033256225e-06, 6.172100711410167e-06], [6.173325346026104e-06, 6.175721409817925e-06, 6.181242497405037e-06, 0.9999567270278931, 6.168781965243397e-06, 6.162466434034286e-06, 6.168028448882978e-06, 6.1611031014763284e-06], [6.152366495371098e-06, 6.15241378909559e-06, 6.1496916714531835e-06, 6.161168130347505e-06, 0.9999568462371826, 6.161785222502658e-06, 6.159552413009806e-06, 6.15037197349011e-06], [6.165053491713479e-06, 6.1490350162785035e-06, 6.16541819908889e-06, 6.16155011812225e-06, 6.161256351333577e-06, 0.9999568462371826, 6.16618262938573e-06, 6.159259100968484e-06], [6.161773399071535e-06, 6.17187151874532e-06, 6.157603365863906e-06, 6.168711934151361e-06, 6.1679356804233976e-06, 6.161068540677661e-06, 0.9999568462371826, 6.170182132336777e-06], [6.176328042784007e-06, 6.177624072734034e-06, 6.174655482027447e-06, 6.179509455250809e-06, 6.178873263706919e-06, 6.185594429553021e-06, 6.190268322825432e-06, 0.9999567270278931]], "mean_depth_distance": 0.0526888333261013}
{"kind": "key", "receiver_layer": 7, "sender_layers": [3, 4, 5, 6, 7, 8], "layer_weights": [0.14976727962493896, 0.1678779572248459, 0.18800485134124756, 0.18352840840816498, 0.16448566317558289, 0.14633584022521973], "head_mapping": [[0.9999568462371826, 6.159599706734298e-06, 6.163207672216231e-06, 6.166323601064505e-06, 6.1731429923383985e-06, 6.158601536299102e-06, 6.160204520710977e-06, 6.182209745020373e-06], [6.190492058522068e-06, 0.9999566078186035, 6.18712783762021e-06, 6.189311079651816e-06, 6.19046249994426e-06, 6.191608008521143e-06, 6.184426183608593e-06, 6.183741788845509e-06], [6.168564141262323e-06, 6.167652372823795e-06, 0.9999567270278931, 6.1738196563965175e-06, 6.169728749227943e-06, 6.169222615426406e-06, 6.175868747959612e-06, 6.175868747959612e-06], [6.169528660393553e-06, 6.180582658998901e-06, 6.176222086651251e-06, 0.9999567270278931, 6.182811375765596e-06, 6.1808773352822755e-06, 6.188781298988033e-06, 6.17701152805239e-06], [6.167063475004397e-06, 6.165170361782657e-06, 6.1737314354104456e-06, 6.185405709402403e-06, 0.9999567270278931, 6.152542482595891e-06, 6.176316219352884e-06, 6.169816970214015e-06], [6.159493750601541e-06, 6.159793883853126e-06, 6.168182153487578e-06, 6.162314093671739e-06, 6.156792551337276e-06, 0.9999568462371826, 6.1477571762225125e-06, 6.15640510659432e-06], [6.162126283015823e-06, 6.150460194476182e-06, 6.156393283163197e-06, 6.164053957036231e-06, 6.158119958854513e-06, 6.156158178782789e-06, 0.9999568462371826, 6.157514690130483e-06], [6.144463441160042e-06, 6.1557479966722894e-06, 6.146549822005909e-06, 6.165648301248439e-06, 6.146819487184985e-06, 6.161973942653276e-06, 6.1508894759754185e-06, 0.9999569654464722]], "mean_depth_distance": 0.05271998792886734}
{"kind": "key", "receiver_layer": 8, "sender_layers": [4, 5, 6, 7, 8, 9], "layer_weights": [0.15370874106884003, 0.17275945842266083, 0.19356228411197662, 0.1783878058195114, 0.15957877039909363, 0.1420028954744339], "head_mapping": [[0.9999567270278931, 6.168210802570684e-06, 6.1709001784038264e-06, 6.16907573203207e-06, 6.169064363348298e-06, 6.173489964567125e-06, 6.180559012136655e-06, 6.170952474349178e-06], [6.15855424257461e-06, 0.9999568462371826, 6.148261036287295e-06, 6.142617166915443e-06, 6.1550786085717846e-06, 6.165112608869094e-06, 6.154356469778577e-06, 6.149070031824522e-06], [6.156816198199522e-06, 6.161773399071535e-06, 0.9999568462371826, 6.1696059674432036e-06, 6.173519977892283e-06, 6.168441359477583e-06, 6.159493750601541e-06, 6.161444616736844e-06], [6.143362497823546e-06, 6.144276085251477e-06, 6.1379919316095766e-06, 0.9999569654464722, 6.1595651459356304e-06, 6.151376055640867e-06, 6.152168225526111e-06, 6.159447821119102e-06], [6.180358468554914e-06, 6.167451829242054e-06, 6.171005679789232e-06, 6.177176601340761e-06, 0.9999567270278931, 6.167016636027256e-06, 6.169028438307578e-06, 6.174402187753003e-06], [6.159330041555222e-06, 6.1707119130005594e-06, 6.155448318168055e-06, 6.167641004140023e-06, 6.167112132970942e-06, 0.9999568462371826, 6.1526075114670675e-06, 6.163172201922862e-06], [6.160663360788021e-06, 6.156499239295954e-06, 6.162067165860208e-06, 6.150994067866122e-06, 6.151246452645864e-06, 6.16009310761001e-06, 0.9999568462371826, 6.153822141641285e-06], [6.135751391411759e-06, 6.134920568001689e-06, 6.132586349849589e-06, 6.129844678071095e-06, 6.143837254057871e-06, 6.138408025435638e-06, 6.137278887763387e-06, 0.9999570846557617]], "mean_depth_distance": 0.0522443912923336}
{"kind": "key", "receiver_layer": 9, "sender_layers": [4, 5, 6, 7, 8, 9], "layer_weights": [0.14052192866802216, 0.15863054990768433, 0.1764807254076004, 0.19520874321460724, 0.17396020889282227, 0.1551978588104248], "head_mapping": [[0.9999569654464722, 6.147323801997118e-06, 6.157116331451107e-06, 6.161610144772567e-06, 6.155501523608109e-06, 6.149352429929422e-06, 6.142261099739699e-06, 6.152250534796622e-06], [6.147583007987123e-06, 0.9999570846557617, 6.130147994554136e-06, 6.1267173805390485e-06, 6.130610017862637e-06, 6.1322648434725124e-06, 6.15162889516796e-06, 6.127845153969247e-06], [6.15839007878094e-06, 6.1790628933522385e-06, 0.9999568462371826, 6.182664037623908e-06, 6.173490419314476e-06, 6.163501439004904e-06, 6.182965080370195e-06, 6.171441782498732e-06], [6.1617438404937275e-06, 6.162078989291331e-06, 6.156469680718146e-06, 0.9999568462371826, 6.1566929616674315e-06, 6.170329470478464e-06, 6.158754331409e-06, 6.150078661448788e-06], [6.174543614179129e-06, 6.170358574308921e-06, 6.178967396408552e-06, 6.170429060148308e-06, 0.9999567270278931, 6.176092483656248e-06, 6.172283065097872e-06, 6.166275852592662e-06], [6.169341304484988e-06, 6.1664177337661386e-06, 6.171635959617561e-06, 6.159493750601541e-06, 6.171206678118324e-06, 0.9999568462371826, 6.178956482472131e-06, 6.168917934701312e-06], [6.141394351288909e-06, 6.134042450867128e-06, 6.126863354438683e-06, 6.134651357569965e-06, 6.14280043009785e-06, 6.139708602859173e-06, 0.9999570846557617, 6.1255195760168135e-06], [6.167969786474714e-06, 6.1857358559791464e-06, 6.177040631882846e-06, 6.1696582633885555e-06, 6.173348538140999e-06, 6.176351689646253e-06, 6.171806489874143e-06, 0.9999567270278931]], "mean_depth_distance": 0.051942527294158936}
{"kind": "key", "receiver_layer": 10, "sender_layers": [5, 6, 7, 8, 9, 10], "layer_weights": [0.14474281668663025, 0.16212651133537292, 0.18087713420391083, 0.18972207605838776, 0.170268252491951, 0.15226319432258606], "head_mapping": [[0.9999568462371826, 6.163530997582711e-06, 6.167229912534822e-06, 6.1677119447267614e-06, 6.164465503388783e-06, 6.165189006424043e-06, 6.168917934701312e-06, 6.166200364532415e-06], [6.169276730361162e-06, 0.9999568462371826, 6.167676474433392e-06, 6.166917955852114e-06, 6.172148005134659e-06, 6.169382686493918e-06, 6.16674151387997e-06, 6.166441380628385e-06], [6.171800123411231e-06, 6.173054316604976e-06, 0.9999567270278931, 6.175444923428586e-06, 6.176010174385738e-06, 6.178331204864662e-06, 6.1736313909932505e-06, 6.1726423155050725e-06], [6.154984475870151e-06, 6.155706614663359e-06, 6.153998128866078e-06, 0.9999568462371826, 6.1573618950205855e-06, 6.156393283163197e-06, 6.157144980534213e-06, 6.1563523559016176e-06], [6.163419584481744e-06, 6.166700131871039e-06, 6.162543286336586e-06, 6.1654004639422055e-06, 0.9999568462371826, 6.166617822600529e-06, 6.166158982523484e-06, 6.163242687762249e-06], [6.149504770291969e-06, 6.151047728053527e-06, 6.157802999950945e-06, 6.1573095990752336e-06, 6.15664612269029e-06, 0.9999569654464722, 6.147863132355269e-06, 6.155325081635965e-06], [6.160016710055061e-06, 6.155148639663821e-06, 6.157791176519822e-06, 6.157767529657576e-06, 6.1602931964444e-06, 6.157344614621252e-06, 0.9999568462371826, 6.154902166599641e-06], [6.151903562567895e-06, 6.161703367979499e-06, 6.164154001453426e-06, 6.159858003229601e-06, 6.159576059872052e-06, 6.159476015454857e-06, 6.158824362501036e-06, 0.9999568462371826]], "mean_depth_distance": 0.05263538286089897}
{"kind": "key", "receiver_layer": 11, "sender_layers": [6, 7, 8, 9, 10, 11], "layer_weights": [0.1482672393321991, 0.1658589243888855, 0.18653060495853424, 0.18506087362766266, 0.16585829854011536, 0.14842399954795837], "head_mapping": [[0.9999568462371826, 6.155095888971118e-06, 6.142652182461461e-06, 6.154479251563316e-06, 6.153047252155375e-06, 6.157509233162273e-06, 6.1611390265170485e-06, 6.151451543701114e-06], [6.168110758153489e-06, 0.9999567270278931, 6.173384008434368e-06, 6.170423603180097e-06, 6.170169854158303e-06, 6.177682735142298e-06, 6.169181233417476e-06, 6.167357696540421e-06], [6.176958322612336e-06, 6.1753858062729705e-06, 0.9999567270278931, 6.175150247145211e-06, 6.172218490974046e-06, 6.178655439725844e-06, 6.191685315570794e-06, 6.177865543577354e-06], [6.137313903309405e-06, 6.145120551082073e-06, 6.144804046925856e-06, 0.9999570846557617, 6.141382982605137e-06, 6.13891188550042e-06, 6.13334077570471e-06, 6.13058591625304e-06], [6.1645596360904165e-06, 6.161973033158574e-06, 6.174891950649908e-06, 6.16509487372241e-06, 0.9999568462371826, 6.167299943626858e-06, 6.161068540677661e-06, 6.1572154663736e-06], [6.161461897136178e-06, 6.152437435957836e-06, 6.159517397463787e-06, 6.162067165860208e-06, 6.158977157610934e-06, 0.9999568462371826, 6.155653863970656e-06, 6.157039479148807e-06], [6.182515789987519e-06, 6.1783780438418034e-06, 6.178567218739772e-06, 6.169840617076261e-06, 6.168299023556756e-06, 6.181207027111668e-06, 0.9999567270278931, 6.1738196563965175e-06], [6.165359081933275e-06, 6.153986760182306e-06, 6.160222255857661e-06, 6.155054506962188e-06, 6.147030489955796e-06, 6.1632899814867415e-06, 6.150407443783479e-06, 0.9999568462371826]], "mean_depth_distance": 0.05278077721595764}
{"kind": "key", "receiver_layer": 12, "sender_layers": [7, 8, 9, 10, 11, 12], "layer_weights": [0.1523457169532776, 0.17083342373371124, 0.19098076224327087, 0.1814156025648117, 0.1602376252412796, 0.1441868543624878], "head_mapping": [[0.9999569654464722, 6.144182407297194e-06, 6.145260158518795e-06, 6.145670795376645e-06, 6.145599854789907e-06, 6.141827270766953e-06, 6.144422968645813e-06, 6.145295174064813e-06], [6.1588480093632825e-06, 0.9999568462371826, 6.14926921116421e-06, 6.1602459027199075e-06, 6.162525551189901e-06, 6.15656927038799e-06, 6.15286535321502e-06, 6.162878435134189e-06], [6.156270956125809e-06, 6.142840447864728e-06, 0.9999569654464722, 6.144088729342911e-06, 6.148824468255043e-06, 6.1551027101813816e-06, 6.147423391666962e-06, 6.154551101644756e-06], [6.157967618491966e-06, 6.1614218793693e-06, 6.151528850750765e-06, 0.9999569654464722, 6.1547384575533215e-06, 6.156105882837437e-06, 6.149200089566875e-06, 6.143842711026082e-06], [6.171029326651478e-06, 6.171211680339184e-06, 6.165952072478831e-06, 6.181348908285145e-06, 0.9999567270278931, 6.17466730545857e-06, 6.172188932396239e-06, 6.1736077441310044e-06], [6.171759196149651e-06, 6.170405413286062e-06, 6.175715952849714e-06, 6.171123459353112e-06, 6.1662699408771005e-06, 0.9999567270278931, 6.176528131618397e-06, 6.176045644679107e-06], [6.1561645452457014e-06, 6.161091732792556e-06, 6.156234576337738e-06, 6.156950803415384e-06, 6.158871201478178e-06, 6.1643190747417975e-06, 0.9999568462371826, 6.166570528876036e-06], [6.144417056930251e-06, 6.143338396213949e-06, 6.153095455374569e-06, 6.14610416960204e-06, 6.146537998574786e-06, 6.149364253360545e-06, 6.149352429929422e-06, 0.9999569654464722]], "mean_depth_distance": 0.05249106138944626}
{"kind": "key", "receiver_layer": 13, "sender_layers": [8, 9, 10, 11, 12, 13], "layer_weights": [0.15629570186138153, 0.17376428842544556, 0.19558051228523254, 0.1755247861146927, 0.1574988216161728, 0.14133597910404205], "head_mapping": [[0.9999568462371826, 6.172148005134659e-06, 6.161103556223679e-06, 6.163713351270417e-06, 6.158818905532826e-06, 6.150242825242458e-06, 6.150284207251389e-06, 6.175003818498226e-06], [6.140340701676905e-06, 0.9999570846557617, 6.159554231999209e-06, 6.145589395600837e-06, 6.143368409539107e-06, 6.130440397100756e-06, 6.143456175777828e-06, 6.160212251415942e-06], [6.1490468397096265e-06, 6.1604341681231745e-06, 0.9999568462371826, 6.159634722280316e-06, 6.15567114436999e-06, 6.146807209006511e-06, 6.152425612526713e-06, 6.170500455482397e-06], [6.1695463955402374e-06, 6.1809009821445215e-06, 6.177577233756892e-06, 0.9999567270278931, 6.197037691890728e-06, 6.174567261041375e-06, 6.17083514953265e-06, 6.182928700582124e-06], [6.161326837172965e-06, 6.151715297164628e-06, 6.1716891650576144e-06, 6.16550005361205e-06, 0.9999568462371826, 6.158237283671042e-06, 6.160116299724905e-06, 6.16802935837768e-06], [6.13104793956154e-06, 6.138923708931543e-06, 6.1276464293769095e-06, 6.141675839899108e-06, 6.141932772152359e-06, 0.9999570846557617, 6.133457645773888e-06, 6.117836619523587e-06], [6.14185637459741e-06, 6.151106390461791e-06, 6.152074092824478e-06, 6.153705726319458e-06, 6.1642431319341995e-06, 6.161680175864603e-06, 0.9999569654464722, 6.143491191323847e-06], [6.169664175104117e-06, 6.172118446556851e-06, 6.190864951349795e-06, 6.183565801620716e-06, 6.176068836794002e-06, 6.1843738876632415e-06, 6.160880275274394e-06, 0.9999567270278931]], "mean_depth_distance": 0.05193892866373062}
{"kind": "key", "receiver_layer": 14, "sender_layers": [8, 9, 10, 11, 12, 13], "layer_weights": [0.14356158673763275, 0.16065125167369843, 0.18002255260944366, 0.1917540580034256, 0.1708276867866516, 0.15318281948566437], "head_mapping": [[0.9999567270278931, 6.186780410644133e-06, 6.173219389893347e-06, 6.174266673042439e-06, 6.179922365845414e-06, 6.182528068165993e-06, 6.176163424242986e-06, 6.182174274727004e-06], [6.156499694043305e-06, 0.9999569654464722, 6.143268365121912e-06, 6.169841981318314e-06, 6.155483788461424e-06, 6.145940460555721e-06, 6.142788151919376e-06, 6.1502205426222645e-06], [6.132451744633727e-06, 6.143444807094056e-06, 0.9999570846557617, 6.156629751785658e-06, 6.1420855672622565e-06, 6.140773621154949e-06, 6.137108812254155e-06, 6.153518825158244e-06], [6.15594854025403e-06, 6.130569090601057e-06, 6.150350600364618e-06, 0.9999570846557617, 6.124293122411473e-06, 6.148661213956075e-06, 6.1249706959642936e-06, 6.126255811977899e-06], [6.162655154184904e-06, 6.160992143122712e-06, 6.167211722640786e-06, 6.148888132884167e-06, 0.9999568462371826, 6.175675480335485e-06, 6.164465503388783e-06, 6.154326911200769e-06], [6.163807029224699e-06, 6.162943009258015e-06, 6.165747436170932e-06, 6.172300800244557e-06, 6.1620203268830664e-06, 0.9999568462371826, 6.171006134536583e-06, 6.157861207611859e-06], [6.107221906859195e-06, 6.118723831605166e-06, 6.134967861726182e-06, 6.1298451328184456e-06, 6.127851520432159e-06, 6.13007841820945e-06, 0.9999572038650513, 6.116204076533904e-06], [6.16481793258572e-06, 6.173936981213046e-06, 6.169852440507384e-06, 6.167093033582205e-06, 6.179368028824683e-06, 6.170546839712188e-06, 6.1819146139896475e-06, 0.9999567270278931]], "mean_depth_distance": 0.052426256239414215}
{"kind": "key", "receiver_layer": 15, "sender_layers": [9, 10, 11, 12, 13, 14], "layer_weights": [0.14698347449302673, 0.16433541476726532, 0.1841609925031662, 0.18766558170318604, 0.1673078089952469, 0.1495467722415924], "head_mapping": [[0.9999567270278931, 6.152037713036407e-06, 6.170564574858872e-06, 6.181802746141329e-06, 6.18204421698465e-06, 6.172818757477216e-06, 6.176551778480643e-06, 6.160256816656329e-06], [6.164154001453426e-06, 0.9999568462371826, 6.155413302622037e-06, 6.167041192384204e-06, 6.157720235933084e-06, 6.166823368403129e-06, 6.173172550916206e-06, 6.1620321503141895e-06], [6.137360287539195e-06, 6.121151727711549e-06, 0.9999570846557617, 6.1370269577309955e-06, 6.143725840956904e-06, 6.1267933233466465e-06, 6.138982371339807e-06, 6.127886081230827e-06], [6.152214155008551e-06, 6.148507509351475e-06, 6.164113074191846e-06, 0.9999568462371826, 6.150759418233065e-06, 6.1545383687189315e-06, 6.1647597249248065e-06, 6.1477453527913895e-06], [6.160803877719445e-06, 6.1572495724249166e-06, 6.169052085169824e-06, 6.168863819766557e-06, 0.9999567270278931, 6.170993856358109e-06, 6.169982043502387e-06, 6.175945600261912e-06], [6.17047089690459e-06, 6.164794740470825e-06, 6.170229426061269e-06, 6.161997134768171e-06, 6.165959348436445e-06, 0.9999568462371826, 6.1574501160066575e-06, 6.160263637866592e-06], [6.1400828599289525e-06, 6.1490191001212224e-06, 6.137061973277014e-06, 6.150409262772882e-06, 6.159707027109107e-06, 6.145530733192572e-06, 0.9999570846557617, 6.135950116004096e-06], [6.161797045933781e-06, 6.151533852971625e-06, 6.166270850371802e-06, 6.1479213400161825e-06, 6.157615189295029e-06, 6.1550426835310645e-06, 6.163131274661282e-06, 0.9999568462371826]], "mean_depth_distance": 0.05274288356304169}
{"kind": "key", "receiver_layer": 16, "sender_layers": [10, 11, 12, 13, 14, 15], "layer_weights": [0.1510075330734253, 0.16853927075862885, 0.18823032081127167, 0.18290884792804718, 0.16320447623729706, 0.14610958099365234], "head_mapping": [[0.9999568462371826, 6.153681624709861e-06, 6.158436917758081e-06, 6.160492830531439e-06, 6.158701580716297e-06, 6.170040705910651e-06, 6.170452707010554e-06, 6.170017513795756e-06], [6.161967576190364e-06, 0.9999568462371826, 6.153833965072408e-06, 6.1500204537878744e-06, 6.17760179011384e-06, 6.16630040894961e-06, 6.169370863062795e-06, 6.1698065110249445e-06], [6.158490123198135e-06, 6.1583550632349215e-06, 0.9999569654464722, 6.145166480564512e-06, 6.149211912997998e-06, 6.1537525652966e-06, 6.146895429992583e-06, 6.155454229883617e-06], [6.136891443020431e-06, 6.164748810988385e-06, 6.146772648207843e-06, 0.9999569654464722, 6.157421466923552e-06, 6.155665687401779e-06, 6.131989266577875e-06, 6.154879429232096e-06], [6.175715952849714e-06, 6.147768090158934e-06, 6.162613317428622e-06, 6.166817001940217e-06, 0.9999567270278931, 6.175785983941751e-06, 6.182852303027175e-06, 6.1679520513280295e-06], [6.178271632961696e-06, 6.170334017951973e-06, 6.197568836796563e-06, 6.182421202538535e-06, 6.1785422076354735e-06, 0.9999566078186035, 6.186101472849259e-06, 6.167304945847718e-06], [6.157791631267173e-06, 6.1677060330112e-06, 6.153811682452215e-06, 6.139402557892026e-06, 6.163202669995371e-06, 6.137166565167718e-06, 0.9999569654464722, 6.1512937463703565e-06], [6.158742507977877e-06, 6.14754571870435e-06, 6.165582817629911e-06, 6.16428951616399e-06, 6.1510936575359665e-06, 6.141082394606201e-06, 6.146830855868757e-06, 0.9999568462371826]], "mean_depth_distance": 0.0527234748005867}
{"kind": "key", "receiver_layer": 17, "sender_layers": [11, 12, 13, 14, 15, 16], "layer_weights": [0.1540166139602661, 0.17266923189163208, 0.19489221274852753, 0.17762045562267303, 0.15877726674079895, 0.14202429354190826], "head_mapping": [[0.9999568462371826, 6.1579789871757384e-06, 6.158871201478178e-06, 6.16017541688052e-06, 6.164500518934801e-06, 6.157767529657576e-06, 6.155312803457491e-06, 6.154761194920866e-06], [6.145753104647156e-06, 0.9999569654464722, 6.150302851892775e-06, 6.153823051135987e-06, 6.1552668739750516e-06, 6.1534124142781366e-06, 6.1574978644785006e-06, 6.1540695242001675e-06], [6.160668817756232e-06, 6.161209512356436e-06, 0.9999568462371826, 6.163184025353985e-06, 6.164701062516542e-06, 6.1590362747665495e-06, 6.160551038192352e-06, 6.160269094834803e-06], [6.145729003037559e-06, 6.147147814772325e-06, 6.142489382909844e-06, 0.9999569654464722, 6.145576662675012e-06, 6.1474529502447695e-06, 6.149035925773205e-06, 6.145647148514399e-06], [6.161738383525517e-06, 6.167135325085837e-06, 6.1713121795037296e-06, 6.153892627480673e-06, 0.9999568462371826, 6.160656994325109e-06, 6.152390596980695e-06, 6.163149009807967e-06], [6.151439720269991e-06, 6.1530358834716026e-06, 6.157203642942477e-06, 6.1581431509694085e-06, 6.155606570246164e-06, 0.9999568462371826, 6.160199063742766e-06, 6.151791694719577e-06], [6.170558663143311e-06, 6.17079422227107e-06, 6.172972007334465e-06, 6.178655439725844e-06, 6.1812897911295295e-06, 6.173254405439366e-06, 0.9999567270278931, 6.1707114582532085e-06], [6.163665148051223e-06, 6.1678520069108345e-06, 6.1603977883351035e-06, 6.166463663248578e-06, 6.1674754761043005e-06, 6.172559551487211e-06, 6.1616556195076555e-06, 0.9999567270278931]], "mean_depth_distance": 0.05210675671696663}
{"kind": "key", "receiver_layer": 18, "sender_layers": [11, 12, 13, 14, 15, 16], "layer_weights": [0.1423301249742508, 0.15868458151817322, 0.17764249444007874, 0.19372877478599548, 0.1726047396659851, 0.15500932931900024], "head_mapping": [[0.9999568462371826, 6.17684736425872e-06, 6.174297141114948e-06, 6.166700131871039e-06, 6.167394076328492e-06, 6.1668588386964984e-06, 6.149134605948348e-06, 6.159898930491181e-06], [6.143116024759365e-06, 0.9999569654464722, 6.144030066934647e-06, 6.147851308924146e-06, 6.157274583529215e-06, 6.1503728829848114e-06, 6.1407440625771414e-06, 6.130480869614985e-06], [6.142331130831735e-06, 6.15899534750497e-06, 0.9999569654464722, 6.155806659080554e-06, 6.143995051388629e-06, 6.1455825743905734e-06, 6.162114914332051e-06, 6.14724785918952e-06], [6.189076884766109e-06, 6.15327053310466e-06, 6.17231262367568e-06, 0.9999568462371826, 6.178968305903254e-06, 6.174727332108887e-06, 6.180223863339052e-06, 6.1675355027546175e-06], [6.1441005527740344e-06, 6.173573638079688e-06, 6.16476654613507e-06, 6.138852768344805e-06, 0.9999569654464722, 6.15032604400767e-06, 6.142085112514906e-06, 6.130228939582594e-06], [6.151439720269991e-06, 6.1668588386964984e-06, 6.165253580547869e-06, 6.142072379589081e-06, 6.158918949950021e-06, 0.9999568462371826, 6.163536454550922e-06, 6.176776878419332e-06], [6.173465862957528e-06, 6.199791187100345e-06, 6.192971795826452e-06, 6.188166480569635e-06, 6.179661795613356e-06, 6.187653070810484e-06, 0.9999566078186035, 6.188874067447614e-06], [6.120218131400179e-06, 6.147958174551604e-06, 6.1266769080248196e-06, 6.127916094555985e-06, 6.129166649770923e-06, 6.133119313744828e-06, 6.1180298871477135e-06, 0.9999572038650513]], "mean_depth_distance": 0.05220384895801544}
{"kind": "key", "receiver_layer": 19, "sender_layers": [12, 13, 14, 15, 16, 17], "layer_weights": [0.14577940106391907, 0.16273458302021027, 0.18300911784172058, 0.19041027128696442, 0.1674630045890808, 0.15060369670391083], "head_mapping": [[0.9999567270278931, 6.165499144117348e-06, 6.162901627249084e-06, 6.183041023177793e-06, 6.180388027132722e-06, 6.179981483001029e-06, 6.182227480167057e-06, 6.158806172607001e-06], [6.144779945316259e-06, 0.9999569654464722, 6.149376076791668e-06, 6.163867055875016e-06, 6.150021363282576e-06, 6.163855232443893e-06, 6.148343800305156e-06, 6.139215201983461e-06], [6.1488708524848334e-06, 6.1750452005071566e-06, 0.9999568462371826, 6.163689704408171e-06, 6.172118901304202e-06, 6.167464562167879e-06, 6.168041181808803e-06, 6.190210569911869e-06], [6.150829904072452e-06, 6.160786142572761e-06, 6.153998128866078e-06, 0.9999568462371826, 6.146256055217236e-06, 6.174479949550005e-06, 6.16955276200315e-06, 6.193954050104367e-06], [6.19053935224656e-06, 6.189134182932321e-06, 6.205991212482331e-06, 6.1676514633290935e-06, 0.9999566078186035, 6.196729827934178e-06, 6.192948603711557e-06, 6.211118488863576e-06], [6.154802122182446e-06, 6.158484211482573e-06, 6.156217295938404e-06, 6.168182153487578e-06, 6.155594746815041e-06, 0.9999568462371826, 6.170382675918518e-06, 6.165952981973533e-06], [6.140034201962408e-06, 6.1491873566410504e-06, 6.170665074023418e-06, 6.169841526570963e-06, 6.157826192065841e-06, 6.168899744807277e-06, 0.9999568462371826, 6.171094355522655e-06], [6.167452738736756e-06, 6.141527592262719e-06, 6.138458957138937e-06, 6.142553047538968e-06, 6.150747594801942e-06, 6.141714948171284e-06, 6.162666522868676e-06, 0.9999568462371826]], "mean_depth_distance": 0.052603691816329956}
{"kind": "key", "receiver_layer": 20, "sender_layers": [13, 14, 15, 16, 17, 18], "layer_weights": [0.14900709688663483, 0.1678016036748886, 0.18799588084220886, 0.18376678228378296, 0.16486062109470367, 0.14656800031661987], "head_mapping": [[0.9999570846557617, 6.129049324954394e-06, 6.144534836494131e-06, 6.137453965493478e-06, 6.133480837888783e-06, 6.131404916231986e-06, 6.142905476735905e-06, 6.116833446867531e-06], [6.174055670271628e-06, 0.9999568462371826, 6.169218067952897e-06, 6.1651244323002174e-06, 6.154861239338061e-06, 6.1531764004030265e-06, 6.15020780969644e-06, 6.14408781984821e-06], [6.154632046673214e-06, 6.151551133370958e-06, 0.9999568462371826, 6.1522669057012536e-06, 6.158448286441853e-06, 6.148537067929283e-06, 6.151082288852194e-06, 6.165253580547869e-06], [6.1704354266112205e-06, 6.144111466710456e-06, 6.1671589719480835e-06, 0.9999568462371826, 6.170100277813617e-06, 6.1599052969540935e-06, 6.164024398458423e-06, 6.150653462100308e-06], [6.128143922978779e-06, 6.119949830463156e-06, 6.1085211200406775e-06, 6.092870535212569e-06, 0.9999572038650513, 6.104537987994263e-06, 6.1124019339331426e-06, 6.110583399276948e-06], [6.168994332256261e-06, 6.1631662902073e-06, 6.157150892249774e-06, 6.1622085922863334e-06, 6.164007118059089e-06, 0.9999568462371826, 6.172159828565782e-06, 6.155301434773719e-06], [6.148004104034044e-06, 6.152778496471001e-06, 6.158860287541756e-06, 6.160681550682057e-06, 6.151499292172957e-06, 6.154028596938588e-06, 0.9999569654464722, 6.138559911050834e-06], [6.163519174151588e-06, 6.14811506238766e-06, 6.152788955660071e-06, 6.17553951087757e-06, 6.149076398287434e-06, 6.160909379104851e-06, 6.152144123916514e-06, 0.9999568462371826]], "mean_depth_distance": 0.05270836874842644}
{"kind": "key", "receiver_layer": 21, "sender_layers": [14, 15, 16, 17, 18, 19], "layer_weights": [0.1531040370464325, 0.172605961561203, 0.19083929061889648, 0.17939288914203644, 0.16071483492851257, 0.14334294199943542], "head_mapping": [[0.9999568462371826, 6.165759259602055e-06, 6.167864739836659e-06, 6.171612312755315e-06, 6.166617822600529e-06, 6.168370873638196e-06, 6.1684645515924785e-06, 6.16942952547106e-06], [6.159482381917769e-06, 0.9999568462371826, 6.154843504191376e-06, 6.156053132144734e-06, 6.1611390265170485e-06, 6.156217295938404e-06, 6.156499239295954e-06, 6.1593764257850125e-06], [6.184579888213193e-06, 6.182645847729873e-06, 0.9999567270278931, 6.183235655043973e-06, 6.188196493894793e-06, 6.186503014760092e-06, 6.185087386256782e-06, 6.1819623624614906e-06], [6.16130910202628e-06, 6.162561476230621e-06, 6.159611530165421e-06, 0.9999568462371826, 6.1600812841788866e-06, 6.157708412501961e-06, 6.163278158055618e-06, 6.160727934911847e-06], [6.153911272122059e-06, 6.154022685223026e-06, 6.1388759604597e-06, 6.150678018457256e-06, 0.9999569654464722, 6.151499292172957e-06, 6.151969046186423e-06, 6.141510766610736e-06], [6.171311724756379e-06, 6.165958438941743e-06, 6.1662699408771005e-06, 6.168828804220539e-06, 6.1716650634480175e-06, 0.9999567270278931, 6.1681639635935426e-06, 6.172000666992972e-06], [6.154385573609034e-06, 6.157004008855438e-06, 6.152801233838545e-06, 6.1526957324531395e-06, 6.157098141557071e-06, 6.156058589112945e-06, 0.9999568462371826, 6.1526839090220165e-06], [6.1633900259039365e-06, 6.163495982036693e-06, 6.164630121929804e-06, 6.166488219605526e-06, 6.164724254631437e-06, 6.1633018049178645e-06, 6.170670530991629e-06, 0.9999568462371826]], "mean_depth_distance": 0.05245499685406685}
