{"kind": "key", "receiver_layer": 0, "sender_layers": [0, 1, 2, 3, 4, 5], "layer_weights": [0.2168097347021103, 0.193655326962471, 0.17321498692035675, 0.15448595583438873, 0.13816843926906586, 0.12366560101509094], "head_mapping": [[0.9999567270278931, 6.178873263706919e-06, 6.1682285377173685e-06, 6.173684596433304e-06, 6.184626727190334e-06, 6.171523637021892e-06, 6.180381660669809e-06, 6.186125574458856e-06], [6.158977157610934e-06, 0.9999568462371826, 6.160998054838274e-06, 6.157521056593396e-06, 6.154139100544853e-06, 6.1569335230160505e-06, 6.1484138313971926e-06, 6.144920007500332e-06], [6.168828804220539e-06, 6.170464075694326e-06, 0.9999567270278931, 6.187317012518179e-06, 6.1693936004303396e-06, 6.192329237819649e-06, 6.158712039905367e-06, 6.170529104565503e-06], [6.158789346955018e-06, 6.151545676402748e-06, 6.148331976874033e-06, 0.9999568462371826, 6.181614935485413e-06, 6.17342584519065e-06, 6.188203769852407e-06, 6.1685004766331986e-06], [6.168951131257927e-06, 6.213600954652065e-06, 6.192971795826452e-06, 6.207086244103266e-06, 0.9999566078186035, 6.189582563820295e-06, 6.204541023180354e-06, 6.200879397511017e-06], [6.176105216582073e-06, 6.165370905364398e-06, 6.169135303935036e-06, 6.160363227536436e-06, 6.179227511893259e-06, 0.9999568462371826, 6.16235547568067e-06, 6.156757535791257e-06], [6.192335149535211e-06, 6.172618668642826e-06, 6.178731837280793e-06, 6.166275852592662e-06, 6.159375971037662e-06, 6.1756863942719065e-06, 0.9999567270278931, 6.1678638303419575e-06], [6.179243882797891e-06, 6.191141437739134e-06, 6.181943263072753e-06, 6.1896889747004025e-06, 6.1998625824344344e-06, 6.1938580984133296e-06, 6.1765276768710464e-06, 0.9999566078186035]], "mean_depth_distance": 0.08053869754076004}
{"kind": "key", "receiver_layer": 1, "sender_layers": [0, 1, 2, 3, 4, 5], "layer_weights": [0.1882331222295761, 0.2014220952987671, 0.1796034574508667, 0.15984977781772614, 0.14279711246490479, 0.12809446454048157], "head_mapping": [[0.9999568462371826, 6.17223076915252e-06, 6.166735147417057e-06, 6.157039479148807e-06, 6.16348415860557e-06, 6.154068614705466e-06, 6.158460564620327e-06, 6.166688308439916e-06], [6.17689374848851e-06, 0.9999567270278931, 6.183223376865499e-06, 6.176634542498505e-06, 6.17430805505137e-06, 6.18555304754409e-06, 6.183542609505821e-06, 6.1727541833533905e-06], [6.177860086609144e-06, 6.169752396090189e-06, 0.9999567270278931, 6.175137968966737e-06, 6.169505013531307e-06, 6.1824393924325705e-06, 6.173124802444363e-06, 6.181195658427896e-06], [6.186673999764025e-06, 6.176010174385738e-06, 6.172159373818431e-06, 0.9999567270278931, 6.181142452987842e-06, 6.172135726956185e-06, 6.173489964567125e-06, 6.174302143335808e-06], [6.186373411765089e-06, 6.182704964885488e-06, 6.193457465997199e-06, 6.181796834425768e-06, 0.9999567270278931, 6.189365194586571e-06, 6.188981387822423e-06, 6.175114776851842e-06], [6.1897007981315255e-06, 6.192192813614383e-06, 6.1952760006533936e-06, 6.182786364661297e-06, 6.181642675073817e-06, 0.9999566078186035, 6.194814886839595e-06, 6.188662155182101e-06], [6.17446721662418e-06, 6.176764145493507e-06, 6.175956968945684e-06, 6.1728424043394625e-06, 6.179179763421416e-06, 6.173454949021107e-06, 0.9999567270278931, 6.176551778480643e-06], [6.173242582008243e-06, 6.172895155032165e-06, 6.170064352772897e-06, 6.166440471133683e-06, 6.168287200125633e-06, 6.17091745880316e-06, 6.161573310237145e-06, 0.9999567270278931]], "mean_depth_distance": 0.06558620184659958}
{"kind": "key", "receiver_layer": 2, "sender_layers": [0, 1, 2, 3, 4, 5], "layer_weights": [0.166595458984375, 0.1879129856824875, 0.189806267619133, 0.169061079621315, 0.15112142264842987, 0.13550278544425964], "head_mapping": [[0.9999568462371826, 6.165671038615983e-06, 6.17712976236362e-06, 6.16778834228171e-06, 6.164548267406644e-06, 6.161456440167967e-06, 6.157074494694825e-06, 6.170582310005557e-06], [6.196877166075865e-06, 0.9999566078186035, 6.176304395921761e-06, 6.185393431223929e-06, 6.185558504512301e-06, 6.1850628298998345e-06, 6.185841812111903e-06, 6.18653803030611e-06], [6.1567452576127835e-06, 6.152853529783897e-06, 0.9999568462371826, 6.152238256618148e-06, 6.159306394692976e-06, 6.157521056593396e-06, 6.16842953604646e-06, 6.155994014989119e-06], [6.194100478751352e-06, 6.1910473050375e-06, 6.209874300111551e-06, 0.9999566078186035, 6.1773644119966775e-06, 6.1946379901201e-06, 6.192818545969203e-06, 6.189677151269279e-06], [6.187458438944304e-06, 6.186242899275385e-06, 6.203812972671585e-06, 6.189889518282143e-06, 0.9999566078186035, 6.202464646776207e-06, 6.205411409609951e-06, 6.197391485329717e-06], [6.1666464716836344e-06, 6.167946139612468e-06, 6.1605865084857214e-06, 6.173278052301612e-06, 6.1920518419356085e-06, 0.9999567270278931, 6.1914670368423685e-06, 6.1724181250610854e-06], [6.164617389003979e-06, 6.166699222376337e-06, 6.178030616865726e-06, 6.181749540701276e-06, 6.186514838191215e-06, 6.17115847489913e-06, 0.9999567270278931, 6.194792604219401e-06], [6.203038083185675e-06, 6.196883532538777e-06, 6.209897946973797e-06, 6.2103363234200515e-06, 6.205612407939043e-06, 6.20852460997412e-06, 6.190952262841165e-06, 0.9999566078186035]], "mean_depth_distance": 0.056738413870334625}
{"kind": "key", "receiver_layer": 3, "sender_layers": [0, 1, 2, 3, 4, 5], "layer_weights": [0.15134553611278534, 0.17003701627254486, 0.1897910088300705, 0.18123984336853027, 0.16242244839668274, 0.1451641321182251], "head_mapping": [[0.9999567270278931, 6.175150247145211e-06, 6.1783780438418034e-06, 6.170111191750038e-06, 6.171182576508727e-06, 6.183807727211388e-06, 6.17327214058605e-06, 6.182297966006445e-06], [6.182103788887616e-06, 0.9999567270278931, 6.170446795294993e-06, 6.174007467052434e-06, 6.170593678689329e-06, 6.175609541969607e-06, 6.162472345749848e-06, 6.170017059048405e-06], [6.189849500515265e-06, 6.1834125517634675e-06, 0.9999567270278931, 6.190540261741262e-06, 6.177670911711175e-06, 6.179922365845414e-06, 6.194000434334157e-06, 6.172383109515067e-06], [6.182586275826907e-06, 6.189523901412031e-06, 6.180888249218697e-06, 0.9999566078186035, 6.197119546413887e-06, 6.186006885400275e-06, 6.188980478327721e-06, 6.200216830620775e-06], [6.177217983349692e-06, 6.167669653223129e-06, 6.180388027132722e-06, 6.17439036432188e-06, 0.9999567270278931, 6.1823511714464985e-06, 6.188373390614288e-06, 6.175785983941751e-06], [6.175797352625523e-06, 6.188261068018619e-06, 6.1884670685685705e-06, 6.185387519508367e-06, 6.200028110470157e-06, 0.9999566078186035, 6.1797918533557095e-06, 6.169733751448803e-06], [6.187429335113848e-06, 6.18779495198396e-06, 6.181725439091679e-06, 6.1820023802283686e-06, 6.1964219639776275e-06, 6.188290626596427e-06, 0.9999566078186035, 6.188697170728119e-06], [6.160645170893986e-06, 6.167823357827729e-06, 6.1618561630893964e-06, 6.150794433779083e-06, 6.157074494694825e-06, 6.162948920973577e-06, 6.169500466057798e-06, 0.9999568462371826]], "mean_depth_distance": 0.05264180153608322}
{"kind": "key", "receiver_layer": 4, "sender_layers": [1, 2, 3, 4, 5, 6], "layer_weights": [0.15522021055221558, 0.1733858585357666, 0.1954474151134491, 0.17738212645053864, 0.15755780041217804, 0.14100666344165802], "head_mapping": [[0.9999566078186035, 6.1816899687983096e-06, 6.176986971695442e-06, 6.184815447340952e-06, 6.181589469633764e-06, 6.192393357196124e-06, 6.180593572935322e-06, 6.188019142427947e-06], [6.180646323628025e-06, 0.9999566078186035, 6.195021796884248e-06, 6.179007868922781e-06, 6.185806341818534e-06, 6.1840250964451116e-06, 6.194998150022002e-06, 6.188508450577501e-06], [6.172954272187781e-06, 6.162854788271943e-06, 0.9999567270278931, 6.162713816593168e-06, 6.183884124766337e-06, 6.164746991998982e-06, 6.177989689604146e-06, 6.176057013362879e-06], [6.192766250023851e-06, 6.176363513077376e-06, 6.1955247474543285e-06, 0.9999567270278931, 6.170464075694326e-06, 6.190516614879016e-06, 6.170346750877798e-06, 6.1842738432460465e-06], [6.168558229546761e-06, 6.181796834425768e-06, 6.176474926178344e-06, 6.193138233356876e-06, 0.9999567270278931, 6.176646365929628e-06, 6.173972451506415e-06, 6.168781965243397e-06], [6.174926511448575e-06, 6.176198439789005e-06, 6.184650828799931e-06, 6.182805009302683e-06, 6.1857595028413925e-06, 0.9999567270278931, 6.187919552758103e-06, 6.1736077441310044e-06], [6.185818619997008e-06, 6.175739144964609e-06, 6.177612249302911e-06, 6.179692263685865e-06, 6.183436198625714e-06, 6.187931376189226e-06, 0.9999567270278931, 6.19010324953706e-06], [6.169699190650135e-06, 6.1897371779195964e-06, 6.176899205456721e-06, 6.1800283219781704e-06, 6.1800401454092935e-06, 6.180706350278342e-06, 6.17915611655917e-06, 0.9999567270278931]], "mean_depth_distance": 0.05198027566075325}
{"kind": "key", "receiver_layer": 5, "sender_layers": [1, 2, 3, 4, 5, 6], "layer_weights": [0.142307311296463, 0.15939733386039734, 0.17847278714179993, 0.19302135705947876, 0.17267027497291565, 0.1541309803724289], "head_mapping": [[0.9999567270278931, 6.167381798150018e-06, 6.181891421874752e-06, 6.169087555463193e-06, 6.168451818666654e-06, 6.178708645165898e-06, 6.172436314955121e-06, 6.18137210040004e-06], [6.1901491790194996e-06, 0.9999566078186035, 6.185493930388475e-06, 6.193178705871105e-06, 6.19268848822685e-06, 6.199826657393714e-06, 6.1926530179334804e-06, 6.189275609358447e-06], [6.200009920576122e-06, 6.197935363161378e-06, 0.9999566078186035, 6.1926530179334804e-06, 6.198301889526192e-06, 6.196823960635811e-06, 6.198189566930523e-06, 6.200571988301817e-06], [6.175208909553476e-06, 6.1861724134359974e-06, 6.165211289044237e-06, 0.9999567270278931, 6.179934189276537e-06, 6.173107522045029e-06, 6.175597718538484e-06, 6.181773187563522e-06], [6.179121101013152e-06, 6.190079602674814e-06, 6.180747732287273e-06, 6.183353434607852e-06, 0.9999567270278931, 6.180010586831486e-06, 6.1861842368671205e-06, 6.176728675200138e-06], [6.168570507725235e-06, 6.169459084048867e-06, 6.1640189414902125e-06, 6.164500518934801e-06, 6.164701062516542e-06, 0.9999568462371826, 6.163524631119799e-06, 6.161033070384292e-06], [6.192251476022648e-06, 6.189907253428828e-06, 6.191436568769859e-06, 6.191956344991922e-06, 6.19202683083131e-06, 6.189275609358447e-06, 0.9999566078186035, 6.180345735629089e-06], [6.166806088003796e-06, 6.1666059991694055e-06, 6.161526471260004e-06, 6.173196197778452e-06, 6.1667824411415495e-06, 6.166523689898895e-06, 6.1743321566609666e-06, 0.9999568462371826]], "mean_depth_distance": 0.05225130915641785}
{"kind": "key", "receiver_layer": 6, "sender_layers": [2, 3, 4, 5, 6, 7], "layer_weights": [0.14612026512622833, 0.16318973898887634, 0.18313032388687134, 0.18887145817279816, 0.1684729903936386, 0.15021519362926483], "head_mapping": [[0.9999567270278931, 6.1743726291751955e-06, 6.173313522594981e-06, 6.17966907157097e-06, 6.175456292112358e-06, 6.167534593259916e-06, 6.1825753618904855e-06, 6.176233910082374e-06], [6.160844804981025e-06, 0.9999568462371826, 6.157485586300027e-06, 6.164512342365924e-06, 6.1547025325126015e-06, 6.153153208288131e-06, 6.164930255181389e-06, 6.15985209151404e-06], [6.194803063408472e-06, 6.191495685925474e-06, 0.9999566078186035, 6.190940894157393e-06, 6.194661636982346e-06, 6.204144938237732e-06, 6.187919098010752e-06, 6.194449269969482e-06], [6.1904861468065064e-06, 6.1879422901256476e-06, 6.197888069436885e-06, 0.9999566078186035, 6.184355243021855e-06, 6.1787663980794605e-06, 6.184042831591796e-06, 6.174678219394991e-06], [6.172277153382311e-06, 6.173596375447232e-06, 6.171682798594702e-06, 6.1833002291677985e-06, 0.9999567270278931, 6.181531716720201e-06, 6.18030526311486e-06, 6.1699583966401406e-06], [6.177718660183018e-06, 6.158929409139091e-06, 6.178036528581288e-06, 6.174007467052434e-06, 6.175150247145211e-06, 0.9999567270278931, 6.180158379720524e-06, 6.169217158458196e-06], [6.182669039844768e-06, 6.196919002832146e-06, 6.181135631777579e-06, 6.192830369400326e-06, 6.186266546137631e-06, 6.1811297200620174e-06, 0.9999566078186035, 6.19003139945562e-06], [6.190574367792578e-06, 6.190338808664819e-06, 6.1900373111711815e-06, 6.192783075675834e-06, 6.192133241711417e-06, 6.200903044373263e-06, 6.203008979355218e-06, 0.9999566078186035]], "mean_depth_distance": 0.052681103348731995}
{"kind": "key", "receiver_layer": 7, "sender_layers": [3, 4, 5, 6, 7, 8], "layer_weights": [0.14993299543857574, 0.1679295152425766, 0.1878855675458908, 0.18384435772895813, 0.16440780460834503, 0.14599984884262085], "head_mapping": [[0.9999566078186035, 6.181182925502071e-06, 6.176786882861052e-06, 6.193350145622389e-06, 6.195045443746494e-06, 6.175396720209392e-06, 6.178636795084458e-06, 6.203812972671585e-06], [6.209175808180589e-06, 0.9999566078186035, 6.203884368005674e-06, 6.205565114214551e-06, 6.207334990904201e-06, 6.2106323639454786e-06, 6.2001990954740904e-06, 6.202393251442118e-06], [6.183458935993258e-06, 6.183163804962533e-06, 0.9999566078186035, 6.188750376168173e-06, 6.181029675644822e-06, 6.183600362419384e-06, 6.187753115227679e-06, 6.189075065776706e-06], [6.193379249452846e-06, 6.2065350903139915e-06, 6.201731139299227e-06, 0.9999566078186035, 6.2083054217509925e-06, 6.206701527844416e-06, 6.21251047050464e-06, 6.203055818332359e-06], [6.181142452987842e-06, 6.179179763421416e-06, 6.187187409523176e-06, 6.198822575242957e-06, 0.9999567270278931, 6.166463663248578e-06, 6.188886800373439e-06, 6.183890491229249e-06], [6.171559107315261e-06, 6.17566274740966e-06, 6.1823393480153754e-06, 6.179757292557042e-06, 6.168664185679518e-06, 0.9999567270278931, 6.161826149764238e-06, 6.169828793645138e-06], [6.184980975376675e-06, 6.173766450956464e-06, 6.18073590885615e-06, 6.1858718254370615e-06, 6.18307012700825e-06, 6.181779099279083e-06, 0.9999567270278931, 6.181325261422899e-06], [6.165028935356531e-06, 6.1730424931738526e-06, 6.161990313557908e-06, 6.184851372381672e-06, 6.164770184113877e-06, 6.180329364724457e-06, 6.168275831441861e-06, 0.9999567270278931]], "mean_depth_distance": 0.05270567908883095}
{"kind": "key", "receiver_layer": 8, "sender_layers": [4, 5, 6, 7, 8, 9], "layer_weights": [0.15386319160461426, 0.1735246181488037, 0.19348619878292084, 0.17790241539478302, 0.15940487384796143, 0.14181874692440033], "head_mapping": [[0.9999566078186035, 6.1870450736023486e-06, 6.18822559772525e-06, 6.188673978613224e-06, 6.191430657054298e-06, 6.203375505720032e-06, 6.196812137204688e-06, 6.189570740389172e-06], [6.1964697124494705e-06, 0.9999566078186035, 6.18798958385014e-06, 6.178707735671196e-06, 6.193101853568805e-06, 6.204262717801612e-06, 6.18591229795129e-06, 6.182904598972527e-06], [6.173737347126007e-06, 6.173148449306609e-06, 0.9999567270278931, 6.182681318023242e-06, 6.183141522342339e-06, 6.184007816045778e-06, 6.175497219373938e-06, 6.177429895615205e-06], [6.1582431953866035e-06, 6.156652034405852e-06, 6.149410182842985e-06, 0.9999568462371826, 6.174791451485362e-06, 6.159681561257457e-06, 6.169218067952897e-06, 6.17565729044145e-06], [6.193527497089235e-06, 6.178483545227209e-06, 6.184307949297363e-06, 6.187623512232676e-06, 0.9999566078186035, 6.1811533669242635e-06, 6.180687705636956e-06, 6.188290626596427e-06], [6.178861895023147e-06, 6.1879663917352445e-06, 6.174490408739075e-06, 6.184744961501565e-06, 6.191195552673889e-06, 0.9999567270278931, 6.169982043502387e-06, 6.175326689117355e-06], [6.171335826365976e-06, 6.173301244416507e-06, 6.180417585710529e-06, 6.1630012169189285e-06, 6.167922492750222e-06, 6.179486263135914e-06, 0.9999567270278931, 6.166158073028782e-06], [6.1635660131287295e-06, 6.166311777633382e-06, 6.150296030682512e-06, 6.1504247241828125e-06, 6.165988452266902e-06, 6.15915951129864e-06, 6.151175512059126e-06, 0.9999568462371826]], "mean_depth_distance": 0.052243564277887344}
{"kind": "key", "receiver_layer": 9, "sender_layers": [4, 5, 6, 7, 8, 9], "layer_weights": [0.14020684361457825, 0.15878504514694214, 0.17645753920078278, 0.1954955756664276, 0.1735893338918686, 0.15546563267707825], "head_mapping": [[0.9999568462371826, 6.156487415864831e-06, 6.171453151182504e-06, 6.17195382801583e-06, 6.165112608869094e-06, 6.156939434731612e-06, 6.156616564112483e-06, 6.1668943089898676e-06], [6.16662373431609e-06, 0.9999568462371826, 6.152853529783897e-06, 6.143607151898323e-06, 6.149744422145886e-06, 6.153774847916793e-06, 6.172583653096808e-06, 6.150008630356751e-06], [6.180275249789702e-06, 6.211047093529487e-06, 0.9999566078186035, 6.209117145772325e-06, 6.1955124692758545e-06, 6.191365628183121e-06, 6.205328190844739e-06, 6.196398771862732e-06], [6.181573098729132e-06, 6.173207566462224e-06, 6.1695463955402374e-06, 0.9999567270278931, 6.167734227346955e-06, 6.187919552758103e-06, 6.1715004449069966e-06, 6.169699190650135e-06], [6.189677151269279e-06, 6.18338799540652e-06, 6.1971909417479765e-06, 6.188290626596427e-06, 0.9999566078186035, 6.194076377141755e-06, 6.18755893810885e-06, 6.18268040852854e-06], [6.188461156853009e-06, 6.185381607792806e-06, 6.194850357132964e-06, 6.186691280163359e-06, 6.192995442688698e-06, 0.9999566078186035, 6.20529272055137e-06, 6.192452019604389e-06], [6.1666059991694055e-06, 6.153563845145982e-06, 6.1490586631407496e-06, 6.156463769002585e-06, 6.1614914557139855e-06, 6.159552413009806e-06, 0.9999568462371826, 6.149503860797267e-06], [6.179462616273668e-06, 6.198662958922796e-06, 6.190976819198113e-06, 6.1786258811480366e-06, 6.1813016145606525e-06, 6.185665370139759e-06, 6.180511718412163e-06, 0.9999567270278931]], "mean_depth_distance": 0.05192498117685318}
{"kind": "key", "receiver_layer": 10, "sender_layers": [5, 6, 7, 8, 9, 10], "layer_weights": [0.14481264352798462, 0.1619672328233719, 0.18096038699150085, 0.18979407846927643, 0.17031359672546387, 0.15215203166007996], "head_mapping": [[0.9999566078186035, 6.183081040944671e-06, 6.186703103594482e-06, 6.188555744301993e-06, 6.183965979289496e-06, 6.1853993429394905e-06, 6.190467956912471e-06, 6.186632163007744e-06], [6.188756287883734e-06, 0.9999566078186035, 6.186024620546959e-06, 6.186543487274321e-06, 6.1912592173030134e-06, 6.188013230712386e-06, 6.1850987549405545e-06, 6.18303420196753e-06], [6.191082320583519e-06, 6.192434739205055e-06, 0.9999566078186035, 6.192039109009784e-06, 6.193798981257714e-06, 6.195547484821873e-06, 6.190757630974986e-06, 6.19053935224656e-06], [6.171523637021892e-06, 6.173995643621311e-06, 6.172094344947254e-06, 0.9999567270278931, 6.175479938974604e-06, 6.175609541969607e-06, 6.17689374848851e-06, 6.17494424659526e-06], [6.178931926115183e-06, 6.184262019814923e-06, 6.179132924444275e-06, 6.183943696669303e-06, 0.9999567270278931, 6.1820269365853164e-06, 6.180800482979976e-06, 6.178372586873593e-06], [6.166252205730416e-06, 6.1693581301369704e-06, 6.174714144435711e-06, 6.173337169457227e-06, 6.175727321533486e-06, 0.9999567270278931, 6.165193553897552e-06, 6.173142537591048e-06], [6.177742307045264e-06, 6.171788299980108e-06, 6.173489964567125e-06, 6.173384008434368e-06, 6.175939233798999e-06, 6.172371286083944e-06, 0.9999567270278931, 6.170664619276067e-06], [6.167846095195273e-06, 6.1798159549653064e-06, 6.179427600727649e-06, 6.176092483656248e-06, 6.174702321004588e-06, 6.176080660225125e-06, 6.174643658596324e-06, 0.9999567270278931]], "mean_depth_distance": 0.05262799933552742}
{"kind": "key", "receiver_layer": 11, "sender_layers": [6, 7, 8, 9, 10, 11], "layer_weights": [0.1482028365135193, 0.16659872233867645, 0.18626971542835236, 0.18438978493213654, 0.1660025417804718, 0.14853638410568237], "head_mapping": [[0.9999568462371826, 6.158642463560682e-06, 6.14667851550621e-06, 6.15640510659432e-06, 6.162819317978574e-06, 6.162948920973577e-06, 6.168470918055391e-06, 6.159799340821337e-06], [6.179939191497397e-06, 0.9999566078186035, 6.185446636663983e-06, 6.187800863699522e-06, 6.191277407197049e-06, 6.195843070599949e-06, 6.189075065776706e-06, 6.1801042647857685e-06], [6.194105935719563e-06, 6.196847607498057e-06, 0.9999566078186035, 6.196883532538777e-06, 6.192765340529149e-06, 6.194011348270578e-06, 6.204771580087254e-06, 6.196599770191824e-06], [6.140574896562612e-06, 6.164032129163388e-06, 6.162773843243485e-06, 0.9999570846557617, 6.142319762147963e-06, 6.148174634290626e-06, 6.135494004411157e-06, 6.1332939367275685e-06], [6.187021881487453e-06, 6.1829159676562995e-06, 6.196735284902388e-06, 6.187487997522112e-06, 0.9999566078186035, 6.1907339841127396e-06, 6.183570803841576e-06, 6.175726866786135e-06], [6.183094228617847e-06, 6.169064363348298e-06, 6.176917395350756e-06, 6.1858836488681845e-06, 6.1798637034371495e-06, 0.9999567270278931, 6.1802761592844035e-06, 6.176163424242986e-06], [6.198070877871942e-06, 6.196310096129309e-06, 6.204109013197012e-06, 6.191188731463626e-06, 6.183081040944671e-06, 6.197019047249341e-06, 0.9999566078186035, 6.196747108333511e-06], [6.1938580984133296e-06, 6.179414867801825e-06, 6.185475740494439e-06, 6.191200554894749e-06, 6.180876425787574e-06, 6.186649898154428e-06, 6.178342118801083e-06, 0.9999566078186035]], "mean_depth_distance": 0.052816636860370636}
{"kind": "key", "receiver_layer": 12, "sender_layers": [7, 8, 9, 10, 11, 12], "layer_weights": [0.1523546576499939, 0.17119678854942322, 0.19020375609397888, 0.18164610862731934, 0.16020187735557556, 0.1443967968225479], "head_mapping": [[0.9999568462371826, 6.161515102576232e-06, 6.162238150864141e-06, 6.162702447909396e-06, 6.1611267483385745e-06, 6.1585838011524174e-06, 6.159330041555222e-06, 6.160851171443937e-06], [6.177311661303975e-06, 0.9999567270278931, 6.174920144985663e-06, 6.181596290844027e-06, 6.182823199196719e-06, 6.175591806822922e-06, 6.171093900775304e-06, 6.187028247950366e-06], [6.17633986621513e-06, 6.159928034321638e-06, 0.9999567270278931, 6.1529881349997595e-06, 6.168375421111705e-06, 6.169605057948502e-06, 6.163018952065613e-06, 6.163036232464947e-06], [6.181690878293011e-06, 6.1841733440815005e-06, 6.175020644150209e-06, 0.9999567270278931, 6.177577233756892e-06, 6.17502655586577e-06, 6.171370841911994e-06, 6.165011200209847e-06], [6.189411578816362e-06, 6.190550720930332e-06, 6.1856471802457236e-06, 6.203091288625728e-06, 0.9999566078186035, 6.192593900777865e-06, 6.196410140546504e-06, 6.196327831275994e-06], [6.177918749017408e-06, 6.179374395287596e-06, 6.1823511714464985e-06, 6.178649073262932e-06, 6.174808277137345e-06, 0.9999567270278931, 6.1838491092203185e-06, 6.183282948768465e-06], [6.176398528623395e-06, 6.179969659569906e-06, 6.175208909553476e-06, 6.173655037855497e-06, 6.176846454764018e-06, 6.179321189847542e-06, 0.9999567270278931, 6.181053777254419e-06], [6.159089025459252e-06, 6.156839390314417e-06, 6.166711955302162e-06, 6.146490704850294e-06, 6.161891178635415e-06, 6.160927568998886e-06, 6.157884854474105e-06, 0.9999568462371826]], "mean_depth_distance": 0.05252668261528015}
{"kind": "key", "receiver_layer": 13, "sender_layers": [8, 9, 10, 11, 12, 13], "layer_weights": [0.15668995678424835, 0.17361441254615784, 0.1957079917192459, 0.17500746250152588, 0.15779362618923187, 0.14118652045726776], "head_mapping": [[0.9999567270278931, 6.183023288031109e-06, 6.1802643358532805e-06, 6.182457127579255e-06, 6.1747969084535725e-06, 6.16409442955046e-06, 6.175114776851842e-06, 6.19801858192659e-06], [6.1413647927111015e-06, 0.9999569654464722, 6.159518306958489e-06, 6.1627733884961344e-06, 6.153518370410893e-06, 6.1412124523485545e-06, 6.15012095295242e-06, 6.160904831631342e-06], [6.157344614621252e-06, 6.169406333356164e-06, 0.9999568462371826, 6.170158485474531e-06, 6.16533588981838e-06, 6.155312803457491e-06, 6.153370122774504e-06, 6.190097792568849e-06], [6.1950158851686865e-06, 6.199909421411576e-06, 6.197687071107794e-06, 0.9999566078186035, 6.218360795173794e-06, 6.196356935106451e-06, 6.198230948939454e-06, 6.20174296273035e-06], [6.189240593812428e-06, 6.1764512793160975e-06, 6.202795702847652e-06, 6.204671080922708e-06, 0.9999566078186035, 6.192523414938478e-06, 6.1906221162644215e-06, 6.1894525060779415e-06], [6.150642093416536e-06, 6.157356438052375e-06, 6.164347723824903e-06, 6.1736436691717245e-06, 6.167653282318497e-06, 0.9999568462371826, 6.164712431200314e-06, 6.147850854176795e-06], [6.162243153085001e-06, 6.181573098729132e-06, 6.179486263135914e-06, 6.179680895002093e-06, 6.197244601935381e-06, 6.184468020364875e-06, 0.9999567270278931, 6.175355792947812e-06], [6.196717549755704e-06, 6.190869498823304e-06, 6.202742497407598e-06, 6.198544269864215e-06, 6.19678257862688e-06, 6.202050371939549e-06, 6.17367732047569e-06, 0.9999566078186035]], "mean_depth_distance": 0.05194944143295288}
{"kind": "key", "receiver_layer": 14, "sender_layers": [8, 9, 10, 11, 12, 13], "layer_weights": [0.14375586807727814, 0.16095855832099915, 0.1802753359079361, 0.19120533764362335, 0.17014944553375244, 0.15365548431873322], "head_mapping": [[0.9999566078186035, 6.214608220034279e-06, 6.192865384946344e-06, 6.196392860147171e-06, 6.198473329277476e-06, 6.1983846535440534e-06, 6.192854016262572e-06, 6.206204034242546e-06], [6.175927410367876e-06, 0.9999567270278931, 6.163018952065613e-06, 6.189754913066281e-06, 6.17151226833812e-06, 6.166410912555875e-06, 6.163912075862754e-06, 6.1688051573582925e-06], [6.15733870290569e-06, 6.163583748275414e-06, 0.9999568462371826, 6.1796636146027595e-06, 6.163936177472351e-06, 6.163801572256489e-06, 6.157755706226453e-06, 6.17712976236362e-06], [6.16553597865277e-06, 6.142799065855797e-06, 6.173414021759527e-06, 0.9999568462371826, 6.133117040008074e-06, 6.167176707094768e-06, 6.144322014733916e-06, 6.147968178993324e-06], [6.170782398839947e-06, 6.161508736113319e-06, 6.181101070978912e-06, 6.155987648526207e-06, 0.9999567270278931, 6.181679054861888e-06, 6.165734703245107e-06, 6.1591763369506225e-06], [6.1643831941182725e-06, 6.169758762553101e-06, 6.167994342831662e-06, 6.1753335103276186e-06, 6.170323558762902e-06, 0.9999568462371826, 6.175728231028188e-06, 6.15981116425246e-06], [6.110069989517797e-06, 6.1230080063978676e-06, 6.127237611508463e-06, 6.139146080386126e-06, 6.122418199083768e-06, 6.123090315668378e-06, 0.9999570846557617, 6.1162672864156775e-06], [6.203204065968748e-06, 6.2023577811487485e-06, 6.210170340636978e-06, 6.20860146227642e-06, 6.213570941326907e-06, 6.194519755808869e-06, 6.207707883731928e-06, 0.9999566078186035]], "mean_depth_distance": 0.05247868597507477}
{"kind": "key", "receiver_layer": 15, "sender_layers": [9, 10, 11, 12, 13, 14], "layer_weights": [0.14733028411865234, 0.16355115175247192, 0.1842455118894577, 0.1875438690185547, 0.1674731820821762, 0.14985594153404236], "head_mapping": [[0.9999566078186035, 6.176244824018795e-06, 6.195075002324302e-06, 6.207813839864684e-06, 6.200270036060829e-06, 6.197344191605225e-06, 6.19214506514254e-06, 6.178082912811078e-06], [6.190019576024497e-06, 0.9999566078186035, 6.178483545227209e-06, 6.205416866578162e-06, 6.186903647176223e-06, 6.202393251442118e-06, 6.204156761668855e-06, 6.18791273154784e-06], [6.148273314465769e-06, 6.132931048341561e-06, 0.9999569654464722, 6.14897680861759e-06, 6.1531363826361485e-06, 6.13730117038358e-06, 6.151980869617546e-06, 6.1431510403053835e-06], [6.181826847750926e-06, 6.1620203268830664e-06, 6.177519026095979e-06, 0.9999568462371826, 6.163031230244087e-06, 6.161250439618016e-06, 6.174020654725609e-06, 6.148859483801061e-06], [6.192334240040509e-06, 6.174484042276163e-06, 6.20046557742171e-06, 6.194608431542292e-06, 0.9999566078186035, 6.1976516008144245e-06, 6.191589818627108e-06, 6.200175448611844e-06], [6.21105891696061e-06, 6.206156740518054e-06, 6.210626452229917e-06, 6.202688837220194e-06, 6.2046769926382694e-06, 0.9999566078186035, 6.2026301748119295e-06, 6.2022572819842026e-06], [6.168299023556756e-06, 6.177612249302911e-06, 6.163148555060616e-06, 6.172300345497206e-06, 6.17824298387859e-06, 6.170511824166169e-06, 0.9999567270278931, 6.158142241474707e-06], [6.16822944721207e-06, 6.145623501652153e-06, 6.164083515614038e-06, 6.148272859718418e-06, 6.155794835649431e-06, 6.157462394185131e-06, 6.170570486574434e-06, 0.9999568462371826]], "mean_depth_distance": 0.05276668444275856}
{"kind": "key", "receiver_layer": 16, "sender_layers": [10, 11, 12, 13, 14, 15], "layer_weights": [0.15090897679328918, 0.16889561712741852, 0.18792563676834106, 0.18322744965553284, 0.16335219144821167, 0.1456901878118515], "head_mapping": [[0.9999566078186035, 6.186384780448861e-06, 6.179939191497397e-06, 6.191560714796651e-06, 6.192246019054437e-06, 6.189370196807431e-06, 6.202310942171607e-06, 6.196245067258133e-06], [6.185818165249657e-06, 0.9999566078186035, 6.187824510561768e-06, 6.189647592691472e-06, 6.216890142241027e-06, 6.202600161486771e-06, 6.213108918018406e-06, 6.2007197811908554e-06], [6.1999862737138756e-06, 6.190964086272288e-06, 0.9999566078186035, 6.1953764998179395e-06, 6.190787189552793e-06, 6.204387318575755e-06, 6.187198778206948e-06, 6.1993655435799155e-06], [6.152425612526713e-06, 6.17791965851211e-06, 6.1429627749021165e-06, 0.9999568462371826, 6.183778623380931e-06, 6.189301075210096e-06, 6.131421287136618e-06, 6.175680937303696e-06], [6.1800401454092935e-06, 6.148137345007854e-06, 6.159105396363884e-06, 6.1712762544630095e-06, 0.9999567270278931, 6.165369995869696e-06, 6.1945793277118355e-06, 6.1807891142962035e-06], [6.225456672837026e-06, 6.207635578903137e-06, 6.230267899809405e-06, 6.217731424840167e-06, 6.199199560796842e-06, 0.999956488609314, 6.212421340023866e-06, 6.167144874780206e-06], [6.199761628522538e-06, 6.2206859183788765e-06, 6.197947186592501e-06, 6.186803148011677e-06, 6.220139766810462e-06, 6.1791670304955915e-06, 0.9999566078186035, 6.191082320583519e-06], [6.174037935124943e-06, 6.1764353631588165e-06, 6.2063709265203215e-06, 6.195531568664592e-06, 6.18314197708969e-06, 6.152061814646004e-06, 6.162407771626022e-06, 0.9999568462371826]], "mean_depth_distance": 0.05270432308316231}
{"kind": "key", "receiver_layer": 17, "sender_layers": [11, 12, 13, 14, 15, 16], "layer_weights": [0.15416152775287628, 0.17261764407157898, 0.19573770463466644, 0.17782971262931824, 0.1580914556980133, 0.14156194031238556], "head_mapping": [[0.9999567270278931, 6.168028448882978e-06, 6.172500889078947e-06, 6.175049747980665e-06, 6.175727321533486e-06, 6.172471330501139e-06, 6.166299499454908e-06, 6.168375421111705e-06], [6.160691555123776e-06, 0.9999567270278931, 6.166010734887095e-06, 6.171029326651478e-06, 6.170770575408824e-06, 6.173219389893347e-06, 6.175162070576334e-06, 6.170617780298926e-06], [6.175845101097366e-06, 6.175126600282965e-06, 0.9999567270278931, 6.178331204864662e-06, 6.1808773352822755e-06, 6.171111635921989e-06, 6.1782016018696595e-06, 6.175315320433583e-06], [6.167769697640324e-06, 6.168910658743698e-06, 6.161726105347043e-06, 0.9999567270278931, 6.169217158458196e-06, 6.168887466628803e-06, 6.168075742607471e-06, 6.165334980323678e-06], [6.177730483614141e-06, 6.180759100971045e-06, 6.184344329085434e-06, 6.169263997435337e-06, 0.9999567270278931, 6.174290319904685e-06, 6.1682403611484915e-06, 6.179356660140911e-06], [6.163324542285409e-06, 6.164558726595715e-06, 6.172377197799506e-06, 6.172607299959054e-06, 6.170169854158303e-06, 0.9999567270278931, 6.1748851294396445e-06, 6.168628260638798e-06], [6.1912592173030134e-06, 6.191625743667828e-06, 6.19268848822685e-06, 6.200642928888556e-06, 6.204274995980086e-06, 6.198112714628223e-06, 0.9999566078186035, 6.191489774209913e-06], [6.185051006468711e-06, 6.1884552451374475e-06, 6.18062313151313e-06, 6.187139661051333e-06, 6.190940894157393e-06, 6.200761163199786e-06, 6.182574452395784e-06, 0.9999566078186035]], "mean_depth_distance": 0.05202910676598549}
{"kind": "key", "receiver_layer": 18, "sender_layers": [11, 12, 13, 14, 15, 16], "layer_weights": [0.14274410903453827, 0.1588277518749237, 0.1772518754005432, 0.19383186101913452, 0.17224061489105225, 0.15510378777980804], "head_mapping": [[0.9999566078186035, 6.231135557754897e-06, 6.198065420903731e-06, 6.19159618509002e-06, 6.205747922649607e-06, 6.220436716830591e-06, 6.1945552261022385e-06, 6.18279818809242e-06], [6.161620603961637e-06, 0.9999568462371826, 6.162631507322658e-06, 6.174715053930413e-06, 6.20107630311395e-06, 6.178467629069928e-06, 6.1579848988913e-06, 6.147229214548133e-06], [6.1782898228557315e-06, 6.185505753819598e-06, 0.9999567270278931, 6.193788067321293e-06, 6.175544967845781e-06, 6.18389594819746e-06, 6.195784408191685e-06, 6.164958904264495e-06], [6.234796273929533e-06, 6.197236871230416e-06, 6.229620339581743e-06, 0.999956488609314, 6.204226338013541e-06, 6.216782367118867e-06, 6.216853762452956e-06, 6.214174391061533e-06], [6.18042304267874e-06, 6.191963166202186e-06, 6.181985554576386e-06, 6.155100891191978e-06, 0.9999567270278931, 6.161402779980563e-06, 6.168699201225536e-06, 6.165546892589191e-06], [6.140854111436056e-06, 6.156922154332278e-06, 6.168746949697379e-06, 6.148905868030852e-06, 6.15839007878094e-06, 0.9999568462371826, 6.175569069455378e-06, 6.183247933222447e-06], [6.1842133618483786e-06, 6.2028784668655135e-06, 6.199625659064623e-06, 6.187800863699522e-06, 6.2000867728784215e-06, 6.1932373682793695e-06, 0.9999566078186035, 6.214963832462672e-06], [6.1617042774742e-06, 6.176682745717699e-06, 6.168830168462591e-06, 6.153341928438749e-06, 6.142870006442536e-06, 6.151288289402146e-06, 6.1319483393162955e-06, 0.9999569654464722]], "mean_depth_distance": 0.05223808437585831}
{"kind": "key", "receiver_layer": 19, "sender_layers": [12, 13, 14, 15, 16, 17], "layer_weights": [0.14596405625343323, 0.1629285216331482, 0.1829758584499359, 0.19040456414222717, 0.1675097942352295, 0.1502171903848648], "head_mapping": [[0.9999566078186035, 6.181913704494946e-06, 6.178123840072658e-06, 6.1959613049111795e-06, 6.202949407452252e-06, 6.193698936840519e-06, 6.183647201396525e-06, 6.175597263791133e-06], [6.17923296886147e-06, 0.9999567270278931, 6.1735313465760555e-06, 6.179050160426414e-06, 6.189258783706464e-06, 6.2001349760976154e-06, 6.187364760990022e-06, 6.166993443912361e-06], [6.153751655801898e-06, 6.168394065753091e-06, 0.9999568462371826, 6.157232746772934e-06, 6.162379122542916e-06, 6.16738270764472e-06, 6.164618298498681e-06, 6.210823812580202e-06], [6.172771918500075e-06, 6.178619514685124e-06, 6.15851831753389e-06, 0.9999567270278931, 6.157555162644712e-06, 6.187340659380425e-06, 6.188898623804562e-06, 6.22349898549146e-06], [6.218384896783391e-06, 6.216167093953118e-06, 6.230790859262925e-06, 6.183222467370797e-06, 0.9999566078186035, 6.204109013197012e-06, 6.216759629751323e-06, 6.233691692614229e-06], [6.175732778501697e-06, 6.165887043607654e-06, 6.181848675623769e-06, 6.193095941853244e-06, 6.1910473050375e-06, 0.9999566078186035, 6.197095899551641e-06, 6.202718850545352e-06], [6.147194199002115e-06, 6.1479095165850595e-06, 6.180659511301201e-06, 6.187436156324111e-06, 6.170771030156175e-06, 6.192501132318284e-06, 0.9999568462371826, 6.1620376072824e-06], [6.205446425155969e-06, 6.194283287186408e-06, 6.172234861878678e-06, 6.189901796460617e-06, 6.21610161033459e-06, 6.200004463607911e-06, 6.210069841472432e-06, 0.9999566078186035]], "mean_depth_distance": 0.05260167643427849}
{"kind": "key", "receiver_layer": 20, "sender_layers": [13, 14, 15, 16, 17, 18], "layer_weights": [0.14819683134555817, 0.1678301841020584, 0.18776671588420868, 0.18400311470031738, 0.16535483300685883, 0.14684830605983734], "head_mapping": [[0.9999569654464722, 6.148221018520417e-06, 6.155442406452494e-06, 6.144967301224824e-06, 6.1554192143375985e-06, 6.150994977360824e-06, 6.170112555992091e-06, 6.139320703368867e-06], [6.17934574620449e-06, 0.9999568462371826, 6.15940598436282e-06, 6.160210432426538e-06, 6.150466106191743e-06, 6.14099462836748e-06, 6.1318478401517496e-06, 6.145576207927661e-06], [6.169729658722645e-06, 6.17418527326663e-06, 0.9999568462371826, 6.174697773531079e-06, 6.152777586976299e-06, 6.155418759590248e-06, 6.169900188979227e-06, 6.206081252457807e-06], [6.155091341497609e-06, 6.123656476120232e-06, 6.153840786282672e-06, 0.9999570846557617, 6.146949544927338e-06, 6.135622697911458e-06, 6.151840352686122e-06, 6.125145773694385e-06], [6.15081853538868e-06, 6.152837158879265e-06, 6.143655355117517e-06, 6.113927611295367e-06, 0.9999569654464722, 6.120391844888218e-06, 6.138536264188588e-06, 6.145266524981707e-06], [6.1797277339792345e-06, 6.181148364703404e-06, 6.1784257923136465e-06, 6.194390607561218e-06, 6.176233910082374e-06, 0.9999567270278931, 6.191868578753201e-06, 6.1864084273111075e-06], [6.1516625464719255e-06, 6.157679763418855e-06, 6.1484020079660695e-06, 6.172583653096808e-06, 6.144386588857742e-06, 6.162561476230621e-06, 0.9999568462371826, 6.16726492808084e-06], [6.174414011184126e-06, 6.1576142798003275e-06, 6.167275842017261e-06, 6.189784471644089e-06, 6.171246695885202e-06, 6.1808773352822755e-06, 6.169487733131973e-06, 0.9999567270278931]], "mean_depth_distance": 0.052693821489810944}
{"kind": "key", "receiver_layer": 21, "sender_layers": [14, 15, 16, 17, 18, 19], "layer_weights": [0.15345923602581024, 0.17250819504261017, 0.19113364815711975, 0.1789882928133011, 0.1607850342988968, 0.14312559366226196], "head_mapping": [[0.9999566078186035, 6.184839094203198e-06, 6.188355655467603e-06, 6.192712135089096e-06, 6.189069154061144e-06, 6.187328381201951e-06, 6.187764938658802e-06, 6.187116468936438e-06], [6.162531917652814e-06, 0.9999568462371826, 6.1593764257850125e-06, 6.163948000903474e-06, 6.166911589389201e-06, 6.161174496810418e-06, 6.161609235277865e-06, 6.168299933051458e-06], [6.210229457792593e-06, 6.20775517745642e-06, 0.9999566078186035, 6.209152616065694e-06, 6.21747130935546e-06, 6.216167093953118e-06, 6.210774245118955e-06, 6.209460025274893e-06], [6.180582658998901e-06, 6.183483037602855e-06, 6.177895102155162e-06, 0.9999567270278931, 6.180724085425027e-06, 6.177624072734034e-06, 6.180594482430024e-06, 6.180641321407165e-06], [6.1775485846737865e-06, 6.171995210024761e-06, 6.157344614621252e-06, 6.164947535580723e-06, 0.9999568462371826, 6.170076630951371e-06, 6.171741915750317e-06, 6.15713315710309e-06], [6.192133241711417e-06, 6.185971415106906e-06, 6.18751755609992e-06, 6.183653567859437e-06, 6.192753517098026e-06, 0.9999566078186035, 6.186337031977018e-06, 6.194898105604807e-06], [6.1738078329653945e-06, 6.182079687278019e-06, 6.178649073262932e-06, 6.178596322570229e-06, 6.1722535065200645e-06, 6.182528068165993e-06, 0.9999567270278931, 6.173501787998248e-06], [6.181619937706273e-06, 6.178779131005285e-06, 6.181278422445757e-06, 6.180588115967112e-06, 6.1823393480153754e-06, 6.179757292557042e-06, 6.18778949501575e-06, 0.9999567270278931]], "mean_depth_distance": 0.05245193466544151}
