{"kind": "key", "receiver_layer": 0, "sender_layers": [0, 1, 2, 3, 4, 5], "layer_weights": [0.21558324992656708, 0.19442817568778992, 0.17359338700771332, 0.1547098308801651, 0.1372310221195221, 0.1244543194770813], "head_mapping": [[0.9999566078186035, 6.215005214471603e-06, 6.2068434090178926e-06, 6.219309852895094e-06, 6.194425168359885e-06, 6.194342404342024e-06, 6.181182925502071e-06, 6.206523721630219e-06], [6.155347819003509e-06, 0.9999567270278931, 6.1830883169022854e-06, 6.192517957970267e-06, 6.162607860460412e-06, 6.163018952065613e-06, 6.179038336995291e-06, 6.1736313909932505e-06], [6.150349690869916e-06, 6.144417056930251e-06, 0.9999569654464722, 6.115502856118837e-06, 6.127037977421423e-06, 6.146854502731003e-06, 6.151194156700512e-06, 6.12878557149088e-06], [6.119581030361587e-06, 6.1420973906933796e-06, 6.1199079937068745e-06, 0.9999570846557617, 6.122138074715622e-06, 6.183626283018384e-06, 6.156776180432644e-06, 6.108939942350844e-06], [6.1642590480914805e-06, 6.126218522695126e-06, 6.166987077449448e-06, 6.173655037855497e-06, 0.9999567270278931, 6.171241238916991e-06, 6.1882146837888286e-06, 6.162578301882604e-06], [6.206269063113723e-06, 6.209128969203448e-06, 6.211876552697504e-06, 6.20413857177482e-06, 6.212433163454989e-06, 0.9999566078186035, 6.2137487475411035e-06, 6.218177077244036e-06], [6.167600076878443e-06, 6.144381131889531e-06, 6.129696430434706e-06, 6.164641945360927e-06, 6.174220743559999e-06, 6.176116585265845e-06, 0.9999568462371826, 6.161685632832814e-06], [6.183560344652506e-06, 6.15473754805862e-06, 6.1660412029596046e-06, 6.19041111349361e-06, 6.1740438468405046e-06, 6.149304681457579e-06, 6.154432412586175e-06, 0.9999568462371826]], "mean_depth_distance": 0.08062741160392761}
{"kind": "key", "receiver_layer": 1, "sender_layers": [0, 1, 2, 3, 4, 5], "layer_weights": [0.18877944350242615, 0.19979090988636017, 0.178880974650383, 0.16124388575553894, 0.1436244696378708, 0.12768031656742096], "head_mapping": [[0.9999567270278931, 6.177883278724039e-06, 6.186479367897846e-06, 6.184262019814923e-06, 6.188598035805626e-06, 6.184061021485832e-06, 6.1981841099623125e-06, 6.183353434607852e-06], [6.152554760774365e-06, 0.9999568462371826, 6.154831680760253e-06, 6.1674472817685455e-06, 6.180871423566714e-06, 6.174626832944341e-06, 6.187152848724509e-06, 6.16159104538383e-06], [6.172347184474347e-06, 6.205032150319312e-06, 0.9999566078186035, 6.218882845132612e-06, 6.199761628522538e-06, 6.186691280163359e-06, 6.191991360537941e-06, 6.1861719586886466e-06], [6.211917934706435e-06, 6.220252544153482e-06, 6.180676336953184e-06, 0.9999566078186035, 6.204624241945567e-06, 6.189754003571579e-06, 6.203476004884578e-06, 6.203464181453455e-06], [6.201014912221581e-06, 6.201257292559603e-06, 6.2278677432914265e-06, 6.201712494657841e-06, 0.999956488609314, 6.207446404005168e-06, 6.189180567162111e-06, 6.2439248722512275e-06], [6.156245490274159e-06, 6.161737928778166e-06, 6.1637824728677515e-06, 6.165358172438573e-06, 6.178543117130175e-06, 0.9999567270278931, 6.161690635053674e-06, 6.185417532833526e-06], [6.201849373610457e-06, 6.216392648639157e-06, 6.183128789416514e-06, 6.220413069968345e-06, 6.206754278537119e-06, 6.193917215568945e-06, 0.9999566078186035, 6.21297249381314e-06], [6.2085778154141735e-06, 6.201908490766073e-06, 6.206115358509123e-06, 6.194626166688977e-06, 6.225920515134931e-06, 6.205979389051208e-06, 6.191412921907613e-06, 0.9999566078186035]], "mean_depth_distance": 0.06570426374673843}
{"kind": "key", "receiver_layer": 2, "sender_layers": [0, 1, 2, 3, 4, 5], "layer_weights": [0.16816067695617676, 0.18790793418884277, 0.18875637650489807, 0.16910171508789062, 0.15163816511631012, 0.13443514704704285], "head_mapping": [[0.9999566078186035, 6.197917628014693e-06, 6.200838015502086e-06, 6.226419372978853e-06, 6.226330242498079e-06, 6.184839094203198e-06, 6.18461444901186e-06, 6.189122359501198e-06], [6.1903856476419605e-06, 0.9999566078186035, 6.1934324548929e-06, 6.182804099807981e-06, 6.206287253007758e-06, 6.164616934256628e-06, 6.170840151753509e-06, 6.194200977915898e-06], [6.20594937572605e-06, 6.1936339079693425e-06, 0.9999566078186035, 6.189901796460617e-06, 6.213286724232603e-06, 6.201642463565804e-06, 6.171928816911532e-06, 6.210371793713421e-06], [6.152021342131775e-06, 6.149018190626521e-06, 6.163960733829299e-06, 0.9999569654464722, 6.147329258965328e-06, 6.1334103520493954e-06, 6.113496510806726e-06, 6.139760444057174e-06], [6.1929613366373815e-06, 6.20150694885524e-06, 6.2021576923143584e-06, 6.1610267039213795e-06, 0.9999567270278931, 6.182657671160996e-06, 6.202252279763343e-06, 6.154983566375449e-06], [6.204499641171424e-06, 6.187092822074192e-06, 6.1945611378178e-06, 6.232918622117722e-06, 6.203062184795272e-06, 0.9999566078186035, 6.202600161486771e-06, 6.200903044373263e-06], [6.177128852868918e-06, 6.163841590023367e-06, 6.166664206830319e-06, 6.1477089730033185e-06, 6.167204901430523e-06, 6.188226052472601e-06, 0.9999567270278931, 6.1832120081817266e-06], [6.163807029224699e-06, 6.1668824855587445e-06, 6.160251814435469e-06, 6.1720656958641484e-06, 6.134942395874532e-06, 6.188604402268538e-06, 6.14569353274419e-06, 0.9999568462371826]], "mean_depth_distance": 0.056722491979599}
{"kind": "key", "receiver_layer": 3, "sender_layers": [0, 1, 2, 3, 4, 5], "layer_weights": [0.15142342448234558, 0.16972830891609192, 0.19009961187839508, 0.18232406675815582, 0.16166478395462036, 0.14475981891155243], "head_mapping": [[0.9999568462371826, 6.175050657475367e-06, 6.135433523013489e-06, 6.167276751511963e-06, 6.155582923383918e-06, 6.173737801873358e-06, 6.1754099078825675e-06, 6.170688266138313e-06], [6.162954832689138e-06, 0.9999568462371826, 6.190027306729462e-06, 6.134632258181227e-06, 6.168582331156358e-06, 6.189425221236888e-06, 6.131748705229256e-06, 6.183849563967669e-06], [6.139396191429114e-06, 6.152067726361565e-06, 0.9999568462371826, 6.15733324593748e-06, 6.158372343634255e-06, 6.178921466926113e-06, 6.170052984089125e-06, 6.183731329656439e-06], [6.208968898135936e-06, 6.219695478648646e-06, 6.1997379816602916e-06, 0.9999566078186035, 6.218954240466701e-06, 6.204671080922708e-06, 6.2068074839771725e-06, 6.211171239556279e-06], [6.171759196149651e-06, 6.1613150137418415e-06, 6.195949936227407e-06, 6.181897333590314e-06, 0.9999567270278931, 6.200217740115477e-06, 6.167363608255982e-06, 6.161937562865205e-06], [6.170145752548706e-06, 6.224602657312062e-06, 6.2043400248512626e-06, 6.203812972671585e-06, 6.187700364534976e-06, 0.9999566078186035, 6.200400548550533e-06, 6.171475888550049e-06], [6.2028902902966365e-06, 6.197001312102657e-06, 6.18193143964163e-06, 6.204617875482654e-06, 6.215307621459942e-06, 6.193444278324023e-06, 0.9999566078186035, 6.197994025569642e-06], [6.193084118422121e-06, 6.1910586737212725e-06, 6.192618002387462e-06, 6.191814463818446e-06, 6.174914233270101e-06, 6.18461444901186e-06, 6.178795956657268e-06, 0.9999566078186035]], "mean_depth_distance": 0.05257705599069595}
{"kind": "key", "receiver_layer": 4, "sender_layers": [1, 2, 3, 4, 5, 6], "layer_weights": [0.15453840792179108, 0.17454451322555542, 0.19440598785877228, 0.17636236548423767, 0.1584995985031128, 0.14164915680885315], "head_mapping": [[0.9999568462371826, 6.173949714138871e-06, 6.145482984720729e-06, 6.1578907661896665e-06, 6.184256108099362e-06, 6.154749371489743e-06, 6.1781493059243076e-06, 6.166253115225118e-06], [6.185995516716503e-06, 0.9999567270278931, 6.19557158643147e-06, 6.14483678873512e-06, 6.192854925757274e-06, 6.193953595357016e-06, 6.215480425453279e-06, 6.174048849061364e-06], [6.18054627921083e-06, 6.191330612637103e-06, 0.9999566078186035, 6.1945552261022385e-06, 6.199779363669222e-06, 6.190279236761853e-06, 6.222086085472256e-06, 6.2073640947346576e-06], [6.222357569640735e-06, 6.244668384169927e-06, 6.199719337018905e-06, 0.9999563694000244, 6.2170611272449605e-06, 6.21824074187316e-06, 6.2165927374735475e-06, 6.221877356438199e-06], [6.194686193339294e-06, 6.195122750796145e-06, 6.197983111633221e-06, 6.193126409925753e-06, 0.9999567270278931, 6.164958904264495e-06, 6.20115815763711e-06, 6.1776008806191385e-06], [6.166840648802463e-06, 6.1819382608518936e-06, 6.170228971313918e-06, 6.189654413901735e-06, 6.165229024190921e-06, 0.9999567270278931, 6.146882697066758e-06, 6.182610377436504e-06], [6.205463250807952e-06, 6.211058462213259e-06, 6.1917139646539e-06, 6.20000400886056e-06, 6.233875865291338e-06, 6.22373499936657e-06, 0.999956488609314, 6.234618012967985e-06], [6.203256816661451e-06, 6.205996669450542e-06, 6.1991413531359285e-06, 6.1693458519584965e-06, 6.2010922192712314e-06, 6.204594228620408e-06, 6.173806923470693e-06, 0.9999566078186035]], "mean_depth_distance": 0.05207248404622078}
{"kind": "key", "receiver_layer": 5, "sender_layers": [1, 2, 3, 4, 5, 6], "layer_weights": [0.1429404765367508, 0.1598958820104599, 0.1784149706363678, 0.19215746223926544, 0.17285889387130737, 0.15373234450817108], "head_mapping": [[0.9999569654464722, 6.140175628388533e-06, 6.130966085038381e-06, 6.1374594224616885e-06, 6.157509687909624e-06, 6.135815056040883e-06, 6.139713150332682e-06, 6.1437958720489405e-06], [6.1587356867676135e-06, 0.9999567270278931, 6.161802502901992e-06, 6.175845101097366e-06, 6.177883278724039e-06, 6.173501787998248e-06, 6.164282240206376e-06, 6.177282557473518e-06], [6.186019163578749e-06, 6.1709238252660725e-06, 0.9999567270278931, 6.189306532178307e-06, 6.185075562825659e-06, 6.184427093103295e-06, 6.194508841872448e-06, 6.173148449306609e-06], [6.174007467052434e-06, 6.162830686662346e-06, 6.195701644173823e-06, 0.9999567270278931, 6.1785904108546674e-06, 6.1786140577169135e-06, 6.177553132147295e-06, 6.1640826061193366e-06], [6.14007649346604e-06, 6.139613560662838e-06, 6.126138032414019e-06, 6.128826044005109e-06, 0.9999569654464722, 6.146514806459891e-06, 6.1188866311567836e-06, 6.12471239946899e-06], [6.179815045470605e-06, 6.214827408257406e-06, 6.2084536693873815e-06, 6.197758011694532e-06, 6.193692570377607e-06, 0.9999566078186035, 6.1693335737800226e-06, 6.18157218923443e-06], [6.142072379589081e-06, 6.166629191284301e-06, 6.164442311273888e-06, 6.1891241784906015e-06, 6.145095994725125e-06, 6.156246399768861e-06, 0.9999568462371826, 6.1685004766331986e-06], [6.18830790699576e-06, 6.194342404342024e-06, 6.18500416749157e-06, 6.195181413204409e-06, 6.188945462781703e-06, 6.195045443746494e-06, 6.177741852297913e-06, 0.9999566078186035]], "mean_depth_distance": 0.05232254043221474}
{"kind": "key", "receiver_layer": 6, "sender_layers": [2, 3, 4, 5, 6, 7], "layer_weights": [0.14603880047798157, 0.16418659687042236, 0.18225660920143127, 0.18920524418354034, 0.16795648634433746, 0.15035629272460938], "head_mapping": [[0.9999567270278931, 6.177670911711175e-06, 6.183536243042909e-06, 6.181307526276214e-06, 6.175197086122353e-06, 6.169816970214015e-06, 6.183854566188529e-06, 6.163342732179444e-06], [6.202913937158883e-06, 0.9999566078186035, 6.224204753380036e-06, 6.205050340213347e-06, 6.186089649418136e-06, 6.193043191160541e-06, 6.194850357132964e-06, 6.212806511030067e-06], [6.19483307673363e-06, 6.180275249789702e-06, 0.9999566078186035, 6.182350261951797e-06, 6.183883215271635e-06, 6.209223101905081e-06, 6.20100945525337e-06, 6.18752301306813e-06], [6.192878117872169e-06, 6.184350240800995e-06, 6.167058018036187e-06, 0.9999567270278931, 6.179580395837547e-06, 6.183046934893355e-06, 6.177718660183018e-06, 6.1862201619078405e-06], [6.213363576534903e-06, 6.19213960817433e-06, 6.190291060192976e-06, 6.206500074767973e-06, 0.9999566078186035, 6.1821028793929145e-06, 6.169969310576562e-06, 6.183812729432248e-06], [6.211639174580341e-06, 6.189819032442756e-06, 6.194738489284646e-06, 6.186897735460661e-06, 6.213499545992818e-06, 0.9999566078186035, 6.211971594893839e-06, 6.219606348167872e-06], [6.193787157826591e-06, 6.202695203683106e-06, 6.228081929293694e-06, 6.194283287186408e-06, 6.197687071107794e-06, 6.203204065968748e-06, 0.9999566078186035, 6.189370196807431e-06], [6.175074304337613e-06, 6.150753961264854e-06, 6.172295343276346e-06, 6.157344614621252e-06, 6.177094746817602e-06, 6.16894749327912e-06, 6.192547971295426e-06, 0.9999568462371826]], "mean_depth_distance": 0.05270370841026306}
{"kind": "key", "receiver_layer": 7, "sender_layers": [3, 4, 5, 6, 7, 8], "layer_weights": [0.14937759935855865, 0.16850945353507996, 0.18822874128818512, 0.18388915061950684, 0.16334596276283264, 0.1466490924358368], "head_mapping": [[0.9999567270278931, 6.152272817416815e-06, 6.170652795844944e-06, 6.149738510430325e-06, 6.148248758108821e-06, 6.161767032608623e-06, 6.184026005939813e-06, 6.154220500320662e-06], [6.192865384946344e-06, 0.9999566078186035, 6.19580760030658e-06, 6.186195605550893e-06, 6.188839051901596e-06, 6.2039080148679204e-06, 6.188331553858006e-06, 6.206867055880139e-06], [6.180494438012829e-06, 6.153838512545917e-06, 0.9999567270278931, 6.1809009821445215e-06, 6.184591711644316e-06, 6.178873263706919e-06, 6.182398465170991e-06, 6.182834567880491e-06], [6.192854016262572e-06, 6.167428182379808e-06, 6.179762749525253e-06, 0.9999566078186035, 6.194177331053652e-06, 6.171852419356583e-06, 6.183895038702758e-06, 6.1632295000890736e-06], [6.158131327538285e-06, 6.162996214698069e-06, 6.161033070384292e-06, 6.179380761750508e-06, 0.9999568462371826, 6.157873031042982e-06, 6.1535406530310865e-06, 6.162902081996435e-06], [6.173514066176722e-06, 6.150876743049594e-06, 6.136815045465482e-06, 6.1456585171981715e-06, 6.157943516882369e-06, 0.9999568462371826, 6.1620203268830664e-06, 6.152055902930442e-06], [6.185888651089044e-06, 6.184756330185337e-06, 6.205789759405889e-06, 6.185452093632193e-06, 6.1933619690535124e-06, 6.187116468936438e-06, 0.9999566078186035, 6.201624273671769e-06], [6.185370239109034e-06, 6.194708475959487e-06, 6.192304681462701e-06, 6.181607204780448e-06, 6.181648586789379e-06, 6.173300334921805e-06, 6.206393209140515e-06, 0.9999566078186035]], "mean_depth_distance": 0.05269205570220947}
{"kind": "key", "receiver_layer": 8, "sender_layers": [4, 5, 6, 7, 8, 9], "layer_weights": [0.153117373585701, 0.17134897410869598, 0.19224722683429718, 0.18074661493301392, 0.16002781689167023, 0.14251203835010529], "head_mapping": [[0.9999570846557617, 6.138291610113811e-06, 6.109638889029156e-06, 6.134850082162302e-06, 6.098148332966957e-06, 6.132439921202604e-06, 6.159401436889311e-06, 6.133633632998681e-06], [6.195890819071792e-06, 0.9999566078186035, 6.2113258536555804e-06, 6.168415893625934e-06, 6.19218099018326e-06, 6.189193300087936e-06, 6.181719072628766e-06, 6.176822353154421e-06], [6.195867172209546e-06, 6.180841864988906e-06, 0.9999567270278931, 6.165205377328675e-06, 6.188450242916588e-06, 6.147627118480159e-06, 6.209999355633045e-06, 6.172547728056088e-06], [6.213345841388218e-06, 6.2182066358218435e-06, 6.211888376128627e-06, 0.9999566078186035, 6.228248821571469e-06, 6.212836524355225e-06, 6.198810297064483e-06, 6.222560841706581e-06], [6.17661180513096e-06, 6.17553951087757e-06, 6.162837507872609e-06, 6.175268481456442e-06, 0.9999568462371826, 6.155665232654428e-06, 6.171947916300269e-06, 6.150565695861587e-06], [6.160781140351901e-06, 6.1173809626779985e-06, 6.1670830291404855e-06, 6.156147264846368e-06, 6.1620798987860326e-06, 0.9999569654464722, 6.172019311634358e-06, 6.172608664201107e-06], [6.143466634966899e-06, 6.162443696666742e-06, 6.165747436170932e-06, 6.15493763689301e-06, 6.183353889355203e-06, 6.199810741236433e-06, 0.9999568462371826, 6.142365691630403e-06], [6.154820312076481e-06, 6.150160970719298e-06, 6.162431873235619e-06, 6.1705354710284155e-06, 6.182805464050034e-06, 6.150759418233065e-06, 6.133695933385752e-06, 0.9999568462371826]], "mean_depth_distance": 0.05228342115879059}
{"kind": "key", "receiver_layer": 9, "sender_layers": [4, 5, 6, 7, 8, 9], "layer_weights": [0.14054438471794128, 0.1575058400630951, 0.17615024745464325, 0.1952398419380188, 0.1744137406349182, 0.15614591538906097], "head_mapping": [[0.9999568462371826, 6.172112989588641e-06, 6.1691939663433e-06, 6.15713315710309e-06, 6.169335392769426e-06, 6.191048669279553e-06, 6.157027200970333e-06, 6.16646457274328e-06], [6.208548711583717e-06, 0.9999566078186035, 6.1856117099523544e-06, 6.2222761698649265e-06, 6.197616130521055e-06, 6.231189217942301e-06, 6.209608272911282e-06, 6.207535989233293e-06], [6.221385774551891e-06, 6.220377144927625e-06, 0.999956488609314, 6.2363906181417406e-06, 6.212006155692507e-06, 6.2275353229779284e-06, 6.254962499951944e-06, 6.2282001636049245e-06], [6.204050805536099e-06, 6.180865511851152e-06, 6.162689714983571e-06, 0.9999567270278931, 6.136533102107933e-06, 6.19311458649463e-06, 6.165828835946741e-06, 6.1848627410654444e-06], [6.1635541896976065e-06, 6.172960638650693e-06, 6.165712420624914e-06, 6.175404450914357e-06, 0.9999568462371826, 6.173113433760591e-06, 6.1654886849282775e-06, 6.170370852487395e-06], [6.1514938352047466e-06, 6.183968253026251e-06, 6.154304173833225e-06, 6.171972472657217e-06, 6.142717666079989e-06, 0.9999569654464722, 6.159988060971955e-06, 6.1272016864677425e-06], [6.206652869877871e-06, 6.218419457582058e-06, 6.2141093621903565e-06, 6.221035619091708e-06, 6.213179403857794e-06, 6.218128419277491e-06, 0.999956488609314, 6.246944394661114e-06], [6.22275001660455e-06, 6.227309313544538e-06, 6.217268946784316e-06, 6.232941814232618e-06, 6.208600552781718e-06, 6.214364020706853e-06, 6.21637354925042e-06, 0.999956488609314]], "mean_depth_distance": 0.05194255709648132}
{"kind": "key", "receiver_layer": 10, "sender_layers": [5, 6, 7, 8, 9, 10], "layer_weights": [0.145384281873703, 0.1600891649723053, 0.17961940169334412, 0.19179797172546387, 0.17052891850471497, 0.15258026123046875], "head_mapping": [[0.9999567270278931, 6.171924269438023e-06, 6.1672872107010335e-06, 6.1747850850224495e-06, 6.182539891597116e-06, 6.178507646836806e-06, 6.185028269101167e-06, 6.178908734000288e-06], [6.211639174580341e-06, 0.9999566078186035, 6.212966582097579e-06, 6.185782694956288e-06, 6.210010269569466e-06, 6.196847607498057e-06, 6.196481535880594e-06, 6.2103481468511745e-06], [6.190255589899607e-06, 6.186467089719372e-06, 0.9999566078186035, 6.188992301758844e-06, 6.1931136769999284e-06, 6.180369382491335e-06, 6.187930921441875e-06, 6.186089649418136e-06], [6.192192813614383e-06, 6.197179118316853e-06, 6.204310466273455e-06, 0.9999566078186035, 6.199276867846493e-06, 6.2044641708780546e-06, 6.198414212121861e-06, 6.19213960817433e-06], [6.202417353051715e-06, 6.205730642250273e-06, 6.197356015036348e-06, 6.203292741702171e-06, 0.9999566078186035, 6.210282663232647e-06, 6.211662821442587e-06, 6.219618171598995e-06], [6.194980869622668e-06, 6.170546839712188e-06, 6.176870101626264e-06, 6.181525350257289e-06, 6.18606600255589e-06, 0.9999567270278931, 6.165140803204849e-06, 6.185488018672913e-06], [6.174678674142342e-06, 6.182522156450432e-06, 6.173678229970392e-06, 6.1771884247718845e-06, 6.177070190460654e-06, 6.187836788740242e-06, 0.9999567270278931, 6.183966888784198e-06], [6.178490366437472e-06, 6.171694622025825e-06, 6.181785010994645e-06, 6.170858796394896e-06, 6.177258455863921e-06, 6.173725068947533e-06, 6.186467544466723e-06, 0.9999567270278931]], "mean_depth_distance": 0.052598461508750916}
{"kind": "key", "receiver_layer": 11, "sender_layers": [6, 7, 8, 9, 10, 11], "layer_weights": [0.1482676863670349, 0.16761213541030884, 0.18524208664894104, 0.1863846480846405, 0.1645987629890442, 0.1478947550058365], "head_mapping": [[0.9999568462371826, 6.179740466905059e-06, 6.183731329656439e-06, 6.19322736383765e-06, 6.17910973232938e-06, 6.157315056043444e-06, 6.140057848824654e-06, 6.203459633979946e-06], [6.2334715948964e-06, 0.9999566078186035, 6.212492280610604e-06, 6.205996669450542e-06, 6.190964086272288e-06, 6.210513674886897e-06, 6.190857675392181e-06, 6.210916581039783e-06], [6.175262114993529e-06, 6.152084552013548e-06, 0.9999567270278931, 6.162384124763776e-06, 6.178472631290788e-06, 6.155981282063294e-06, 6.183477580634644e-06, 6.182834567880491e-06], [6.152114565338707e-06, 6.170582310005557e-06, 6.167870651552221e-06, 0.9999568462371826, 6.148232387204189e-06, 6.165164904814446e-06, 6.165794275148073e-06, 6.159189069876447e-06], [6.1855953390477225e-06, 6.1662417465413455e-06, 6.1541977629531175e-06, 6.149081855255645e-06, 0.9999568462371826, 6.156187737360597e-06, 6.1488826759159565e-06, 6.178897820063867e-06], [6.19774664301076e-06, 6.161608780530514e-06, 6.1820505834475625e-06, 6.179108822834678e-06, 6.162584213598166e-06, 0.9999567270278931, 6.175785983941751e-06, 6.169452262838604e-06], [6.18763579041115e-06, 6.187116468936438e-06, 6.167192623252049e-06, 6.194649813551223e-06, 6.202156782819657e-06, 6.2092826738080475e-06, 0.9999566078186035, 6.204996680025943e-06], [6.1719124460069e-06, 6.173301244416507e-06, 6.170670076244278e-06, 6.192618911882164e-06, 6.191000466060359e-06, 6.172901521495078e-06, 6.171806489874143e-06, 0.9999567270278931]], "mean_depth_distance": 0.05275940150022507}
{"kind": "key", "receiver_layer": 12, "sender_layers": [7, 8, 9, 10, 11, 12], "layer_weights": [0.1513565629720688, 0.17128753662109375, 0.19013984501361847, 0.18116456270217896, 0.16098830103874207, 0.14506317675113678], "head_mapping": [[0.9999567270278931, 6.160644716146635e-06, 6.175137968966737e-06, 6.175998350954615e-06, 6.16522311247536e-06, 6.160115844977554e-06, 6.166963885334553e-06, 6.1682403611484915e-06], [6.143596237961901e-06, 0.9999569654464722, 6.159095391922165e-06, 6.178544481372228e-06, 6.150807166704908e-06, 6.1629971241927706e-06, 6.152443802420748e-06, 6.158408268674975e-06], [6.148625288915355e-06, 6.158126325317426e-06, 0.9999569654464722, 6.142014626675518e-06, 6.151112302177353e-06, 6.143110113043804e-06, 6.156634299259167e-06, 6.15436329098884e-06], [6.195979040057864e-06, 6.175915132189402e-06, 6.1821911003789864e-06, 0.9999566078186035, 6.192133241711417e-06, 6.1804166762158275e-06, 6.1820669543521944e-06, 6.172923804115271e-06], [6.195358764671255e-06, 6.184815447340952e-06, 6.160027169244131e-06, 6.173712790769059e-06, 0.9999566078186035, 6.184431640576804e-06, 6.199779363669222e-06, 6.192723958520219e-06], [6.180865511851152e-06, 6.166817001940217e-06, 6.170423603180097e-06, 6.176122042234056e-06, 6.18149033471127e-06, 0.9999567270278931, 6.168404979689512e-06, 6.180812306411099e-06], [6.179061074362835e-06, 6.187576218508184e-06, 6.169621883600485e-06, 6.198573828442022e-06, 6.203611974342493e-06, 6.188202405610355e-06, 0.9999566078186035, 6.208424110809574e-06], [6.189080977492267e-06, 6.17932028035284e-06, 6.18011017650133e-06, 6.192039109009784e-06, 6.190810836415039e-06, 6.176846000016667e-06, 6.18082322034752e-06, 0.9999566078186035]], "mean_depth_distance": 0.05255207419395447}
{"kind": "key", "receiver_layer": 13, "sender_layers": [8, 9, 10, 11, 12, 13], "layer_weights": [0.15615272521972656, 0.174556702375412, 0.19586578011512756, 0.17477582395076752, 0.15778698027133942, 0.14086200296878815], "head_mapping": [[0.9999568462371826, 6.14029204371036e-06, 6.1185701270005666e-06, 6.1474406720662955e-06, 6.176328952278709e-06, 6.176558599690907e-06, 6.124665560491849e-06, 6.160034445201745e-06], [6.1461510085791815e-06, 0.9999569654464722, 6.128563200036297e-06, 6.148531610961072e-06, 6.14325699643814e-06, 6.162303634482669e-06, 6.15032604400767e-06, 6.119983481767122e-06], [6.230647613847395e-06, 6.1975151766091585e-06, 0.999956488609314, 6.201020823937142e-06, 6.198005394253414e-06, 6.250454589462606e-06, 6.24530593995587e-06, 6.2307194639288355e-06], [6.19650518274284e-06, 6.188420229591429e-06, 6.200169991643634e-06, 0.9999566078186035, 6.195441073941765e-06, 6.212077551026596e-06, 6.171699169499334e-06, 6.203789325809339e-06], [6.183787718327949e-06, 6.1986083892406896e-06, 6.229709015315166e-06, 6.206120360729983e-06, 0.999956488609314, 6.194725756358821e-06, 6.245728854992194e-06, 6.211976597114699e-06], [6.175844646350015e-06, 6.181512617331464e-06, 6.195157766342163e-06, 6.194449269969482e-06, 6.174884674692294e-06, 0.9999566078186035, 6.190409294504207e-06, 6.156262770673493e-06], [6.1661698964599054e-06, 6.1884034039394464e-06, 6.146630767034367e-06, 6.209602815943072e-06, 6.1564687712234445e-06, 6.1853111219534185e-06, 0.9999567270278931, 6.192854925757274e-06], [6.209097136888886e-06, 6.240030415938236e-06, 6.229019163583871e-06, 6.21763547314913e-06, 6.2197768784244545e-06, 6.2528088164981455e-06, 6.202119948284235e-06, 0.9999563694000244]], "mean_depth_distance": 0.05190061032772064}
{"kind": "key", "receiver_layer": 14, "sender_layers": [8, 9, 10, 11, 12, 13], "layer_weights": [0.14265812933444977, 0.16085539758205414, 0.17898866534233093, 0.19116145372390747, 0.17181743681430817, 0.15451888740062714], "head_mapping": [[0.9999566078186035, 6.170039341668598e-06, 6.25009761279216e-06, 6.2014887589612044e-06, 6.191301054059295e-06, 6.196517006173963e-06, 6.200524239829974e-06, 6.213529559317976e-06], [6.192199634824647e-06, 0.9999568462371826, 6.160809789435007e-06, 6.150548415462254e-06, 6.15696899330942e-06, 6.153974936751183e-06, 6.16259649177664e-06, 6.18393187323818e-06], [6.176987426442793e-06, 6.17701152805239e-06, 0.9999567270278931, 6.169087555463193e-06, 6.228558049770072e-06, 6.189643045217963e-06, 6.177105660754023e-06, 6.194431989570148e-06], [6.151135949039599e-06, 6.169771495478926e-06, 6.134720479167299e-06, 0.9999569654464722, 6.160299562907312e-06, 6.1466434999601915e-06, 6.1397422541631386e-06, 6.161016244732309e-06], [6.1322643887251616e-06, 6.172631856316002e-06, 6.168570962472586e-06, 6.182092874951195e-06, 0.9999569654464722, 6.1549144447781146e-06, 6.164666046970524e-06, 6.168229901959421e-06], [6.175780072226189e-06, 6.198515166033758e-06, 6.166440471133683e-06, 6.1820387600164395e-06, 6.209507773746736e-06, 0.9999567270278931, 6.175485395942815e-06, 6.17534442426404e-06], [6.160704742796952e-06, 6.132743692432996e-06, 6.144990493339719e-06, 6.144750386738451e-06, 6.129434495960595e-06, 6.1348841882136185e-06, 0.9999569654464722, 6.168253548821667e-06], [6.178803232614882e-06, 6.15628187006223e-06, 6.15810813542339e-06, 6.158695214253385e-06, 6.153822141641285e-06, 6.168888376123505e-06, 6.147247404442169e-06, 0.9999568462371826]], "mean_depth_distance": 0.05246400088071823}
{"kind": "key", "receiver_layer": 15, "sender_layers": [9, 10, 11, 12, 13, 14], "layer_weights": [0.14759740233421326, 0.16426338255405426, 0.1832185983657837, 0.18726232647895813, 0.16779260337352753, 0.14986561238765717], "head_mapping": [[0.9999566078186035, 6.1765276768710464e-06, 6.185452093632193e-06, 6.183199275255902e-06, 6.177918294270057e-06, 6.182391643960727e-06, 6.1950040617375635e-06, 6.202127224241849e-06], [6.1982605075172614e-06, 0.9999566078186035, 6.21445997239789e-06, 6.220840077730827e-06, 6.190728072397178e-06, 6.205464160302654e-06, 6.216463589225896e-06, 6.213986125658266e-06], [6.182220204209443e-06, 6.216819201654289e-06, 0.9999566078186035, 6.217364443728002e-06, 6.171617314976174e-06, 6.203398697834928e-06, 6.1639707382710185e-06, 6.183282039273763e-06], [6.1405153246596456e-06, 6.163537364045624e-06, 6.159189524623798e-06, 0.9999569654464722, 6.1601058405358344e-06, 6.143819518911187e-06, 6.150983153929701e-06, 6.1655250647163484e-06], [6.239210051717237e-06, 6.216782367118867e-06, 6.20710898147081e-06, 6.216735528141726e-06, 0.999956488609314, 6.211603249539621e-06, 6.203942575666588e-06, 6.210288574948208e-06], [6.168134405015735e-06, 6.173007022880483e-06, 6.161514647828881e-06, 6.187978215166368e-06, 6.179604042699793e-06, 0.9999567270278931, 6.178967396408552e-06, 6.166134880913887e-06], [6.171806489874143e-06, 6.190475232870085e-06, 6.160997600090923e-06, 6.160521479614545e-06, 6.183931418490829e-06, 6.166040293464903e-06, 0.9999567270278931, 6.180729542393237e-06], [6.214436325535644e-06, 6.213244887476321e-06, 6.189263785927324e-06, 6.198165920068277e-06, 6.213221240614075e-06, 6.180133823363576e-06, 6.2062990764388815e-06, 0.9999566078186035]], "mean_depth_distance": 0.05282514914870262}
{"kind": "key", "receiver_layer": 16, "sender_layers": [10, 11, 12, 13, 14, 15], "layer_weights": [0.1502632051706314, 0.1689487099647522, 0.1892419457435608, 0.18285661935806274, 0.16260367631912231, 0.14608590304851532], "head_mapping": [[0.9999566078186035, 6.214560471562436e-06, 6.216131623659749e-06, 6.20190212430316e-06, 6.204617875482654e-06, 6.189683062984841e-06, 6.190545263962122e-06, 6.20502623860375e-06], [6.230327471712371e-06, 0.9999566078186035, 6.214578661456471e-06, 6.178112471388886e-06, 6.191814463818446e-06, 6.192930413817521e-06, 6.184827270772075e-06, 6.188337920320919e-06], [6.139591278042644e-06, 6.14387272435124e-06, 0.9999570846557617, 6.150373792479513e-06, 6.1253035710251424e-06, 6.162215868243948e-06, 6.121863862063037e-06, 6.102104180172319e-06], [6.130685505922884e-06, 6.156252766231773e-06, 6.111923084972659e-06, 0.9999569654464722, 6.139952802186599e-06, 6.110244157753186e-06, 6.149857199488906e-06, 6.156346898933407e-06], [6.1757746152579784e-06, 6.175656380946748e-06, 6.165028935356531e-06, 6.153985850687604e-06, 0.9999567270278931, 6.190634849190246e-06, 6.199407835083548e-06, 6.173077963467222e-06], [6.1837527027819306e-06, 6.231230599951232e-06, 6.206025773280999e-06, 6.212006155692507e-06, 6.230564849829534e-06, 0.999956488609314, 6.245889835554408e-06, 6.212657808646327e-06], [6.148403372208122e-06, 6.121711976447841e-06, 6.136921911092941e-06, 6.09960170550039e-06, 6.1238374655658845e-06, 6.138174285297282e-06, 0.9999570846557617, 6.140644472907297e-06], [6.143800419522449e-06, 6.153739832370775e-06, 6.17684736425872e-06, 6.143068731034873e-06, 6.1624964473594446e-06, 6.158202268125024e-06, 6.167994342831662e-06, 0.9999568462371826]], "mean_depth_distance": 0.05265162140130997}
{"kind": "key", "receiver_layer": 17, "sender_layers": [11, 12, 13, 14, 15, 16], "layer_weights": [0.15511417388916016, 0.17231768369674683, 0.19420379400253296, 0.17740538716316223, 0.15845602750778198, 0.14250299334526062], "head_mapping": [[0.9999568462371826, 6.156310973892687e-06, 6.1676291807089e-06, 6.156886229291558e-06, 6.157444659038447e-06, 6.1535288295999635e-06, 6.167723313410534e-06, 6.162325917102862e-06], [6.19829052084242e-06, 0.9999566078186035, 6.200406005518744e-06, 6.193397439346882e-06, 6.199732524692081e-06, 6.19374031884945e-06, 6.1991413531359285e-06, 6.206440957612358e-06], [6.179509455250809e-06, 6.170694177853875e-06, 0.9999567270278931, 6.181596290844027e-06, 6.1627370087080635e-06, 6.175656380946748e-06, 6.168181243992876e-06, 6.170275810291059e-06], [6.172206667542923e-06, 6.176846454764018e-06, 6.178348940011347e-06, 0.9999567270278931, 6.182728611747734e-06, 6.182486686157063e-06, 6.1819382608518936e-06, 6.17982823314378e-06], [6.205434601724846e-06, 6.181006028782576e-06, 6.18200829194393e-06, 6.204783403518377e-06, 0.9999566078186035, 6.191483862494351e-06, 6.199803010531468e-06, 6.1857122091169e-06], [6.168135314510437e-06, 6.17027626503841e-06, 6.169264906930039e-06, 6.165912054711953e-06, 6.170452707010554e-06, 0.9999568462371826, 6.180029231472872e-06, 6.1664177337661386e-06], [6.192121418280294e-06, 6.1952641772222705e-06, 6.190704425534932e-06, 6.1828395701013505e-06, 6.179544470796827e-06, 6.187729923112784e-06, 0.9999566078186035, 6.194507932377746e-06], [6.169158950797282e-06, 6.167346782604e-06, 6.159834356367355e-06, 6.170123469928512e-06, 6.172307166707469e-06, 6.167123501654714e-06, 6.156628387543606e-06, 0.9999568462371826]], "mean_depth_distance": 0.05219695717096329}
{"kind": "key", "receiver_layer": 18, "sender_layers": [11, 12, 13, 14, 15, 16], "layer_weights": [0.14111773669719696, 0.15979847311973572, 0.1784517616033554, 0.19283819198608398, 0.17316488921642303, 0.15462888777256012], "head_mapping": [[0.9999567270278931, 6.173643214424374e-06, 6.187859980855137e-06, 6.163148555060616e-06, 6.188391580508323e-06, 6.18073590885615e-06, 6.172524535941193e-06, 6.192228738655103e-06], [6.205363661138108e-06, 0.9999566078186035, 6.185275651660049e-06, 6.205724730534712e-06, 6.2124508986016735e-06, 6.196965841809288e-06, 6.204369128681719e-06, 6.217720510903746e-06], [6.167846095195273e-06, 6.171605946292402e-06, 0.9999567270278931, 6.188438419485465e-06, 6.177482646307908e-06, 6.177682735142298e-06, 6.1673990785493515e-06, 6.1962336985743605e-06], [6.1551827457151376e-06, 6.185535767144756e-06, 6.2011758927837946e-06, 0.9999567270278931, 6.198970368131995e-06, 6.183023288031109e-06, 6.163806119729998e-06, 6.188586212374503e-06], [6.172939720272552e-06, 6.2156914282240905e-06, 6.250447313504992e-06, 6.206593297974905e-06, 0.9999563694000244, 6.223722721188096e-06, 6.245019903872162e-06, 6.2306112340593245e-06], [6.217564532562392e-06, 6.243423740670551e-06, 6.238656169443857e-06, 6.249726538953837e-06, 6.252623734326335e-06, 0.9999563694000244, 6.2408284975390416e-06, 6.218454018380726e-06], [6.130841939011589e-06, 6.152765763545176e-06, 6.172018402139656e-06, 6.1537048168247566e-06, 6.139805918792263e-06, 6.18522972217761e-06, 0.9999568462371826, 6.173289875732735e-06], [6.208665581652895e-06, 6.194920842972351e-06, 6.235640739760129e-06, 6.2041558521741536e-06, 6.212651896930765e-06, 6.21979506831849e-06, 6.2161839196051005e-06, 0.999956488609314]], "mean_depth_distance": 0.052168164402246475}
{"kind": "key", "receiver_layer": 19, "sender_layers": [12, 13, 14, 15, 16, 17], "layer_weights": [0.14627598226070404, 0.1617162972688675, 0.18256202340126038, 0.18750299513339996, 0.1708763688802719, 0.15106628835201263], "head_mapping": [[0.9999569654464722, 6.169259449961828e-06, 6.1695300246356055e-06, 6.153036792966304e-06, 6.131234840722755e-06, 6.176418082759483e-06, 6.136440788395703e-06, 6.155742084956728e-06], [6.204038072610274e-06, 0.9999566078186035, 6.152107744128443e-06, 6.223901891644346e-06, 6.2269300542538986e-06, 6.191873580974061e-06, 6.207482783793239e-06, 6.180858690640889e-06], [6.176781880640192e-06, 6.186703558341833e-06, 0.9999567270278931, 6.1884034039394464e-06, 6.1611149249074515e-06, 6.156351446406916e-06, 6.1690052461926825e-06, 6.145833140180912e-06], [6.215563644218491e-06, 6.21258232058608e-06, 6.176222086651251e-06, 0.9999567270278931, 6.17107662037597e-06, 6.179386218718719e-06, 6.167252195155015e-06, 6.189347914187238e-06], [6.155959454190452e-06, 6.140081950434251e-06, 6.125168056314578e-06, 6.144094641058473e-06, 0.9999569654464722, 6.1357973208941985e-06, 6.152766673039878e-06, 6.1572100094053894e-06], [6.1886394178145565e-06, 6.1780015130352695e-06, 6.187246526678791e-06, 6.164793830976123e-06, 6.16779334450257e-06, 0.9999567270278931, 6.188745373947313e-06, 6.198550636327127e-06], [6.22772586211795e-06, 6.223474429134512e-06, 6.222442152648e-06, 6.2130320657161064e-06, 6.192204637045506e-06, 6.184921403473709e-06, 0.9999566078186035, 6.191566171764862e-06], [6.26349174126517e-06, 6.237376965145813e-06, 6.222915089892922e-06, 6.247897090361221e-06, 6.219023362064036e-06, 6.2420663198281545e-06, 6.242268682399299e-06, 0.9999563694000244]], "mean_depth_distance": 0.05275217071175575}
{"kind": "key", "receiver_layer": 20, "sender_layers": [13, 14, 15, 16, 17, 18], "layer_weights": [0.14856062829494476, 0.16713762283325195, 0.18870089948177338, 0.18352274596691132, 0.16493333876132965, 0.14714477956295013], "head_mapping": [[0.9999567270278931, 6.181749540701276e-06, 6.185087386256782e-06, 6.169028438307578e-06, 6.2132639868650585e-06, 6.180393938848283e-06, 6.176799161039526e-06, 6.18456806478207e-06], [6.1360779000096954e-06, 0.9999569654464722, 6.152995410957374e-06, 6.149334694782738e-06, 6.184215635585133e-06, 6.141312042018399e-06, 6.140339792182203e-06, 6.15118278801674e-06], [6.226584901014576e-06, 6.245859822229249e-06, 0.999956488609314, 6.197520633577369e-06, 6.182997822179459e-06, 6.191542524902616e-06, 6.214346285560168e-06, 6.230838152987417e-06], [6.162043518997962e-06, 6.1619321058969945e-06, 6.155224127724068e-06, 0.9999567270278931, 6.181679054861888e-06, 6.190864951349795e-06, 6.180329364724457e-06, 6.1820387600164395e-06], [6.100730388425291e-06, 6.129014309408376e-06, 6.151558864075923e-06, 6.122669674368808e-06, 0.9999570846557617, 6.157510597404325e-06, 6.135505373094929e-06, 6.113007657404523e-06], [6.134662726253737e-06, 6.132615453680046e-06, 6.170349024614552e-06, 6.149740784167079e-06, 6.146585747046629e-06, 0.9999570846557617, 6.1102914514776785e-06, 6.167760147945955e-06], [6.174254849611316e-06, 6.1737077885481995e-06, 6.196836238814285e-06, 6.1562163864437025e-06, 6.188910901983036e-06, 6.185724032548023e-06, 0.9999567270278931, 6.176799161039526e-06], [6.164947535580723e-06, 6.175851922307629e-06, 6.1675355027546175e-06, 6.1755222304782365e-06, 6.167376341181807e-06, 6.1534528867923655e-06, 6.186810878716642e-06, 0.9999568462371826]], "mean_depth_distance": 0.05269826576113701}
{"kind": "key", "receiver_layer": 21, "sender_layers": [14, 15, 16, 17, 18, 19], "layer_weights": [0.15300960838794708, 0.1717381626367569, 0.19149044156074524, 0.17869797348976135, 0.16093522310256958, 0.14412853121757507], "head_mapping": [[0.9999566078186035, 6.184744506754214e-06, 6.185747224662919e-06, 6.187134204083122e-06, 6.183010555105284e-06, 6.1854993873566855e-06, 6.184190169733483e-06, 6.183883215271635e-06], [6.183684035931947e-06, 0.9999567270278931, 6.177282557473518e-06, 6.180441232572775e-06, 6.182156539580319e-06, 6.186042810440995e-06, 6.179138381412486e-06, 6.184356152516557e-06], [6.182274319144199e-06, 6.178708645165898e-06, 0.9999567270278931, 6.185063284647185e-06, 6.1784257923136465e-06, 6.1817263485863805e-06, 6.182451670611044e-06, 6.1852761064074e-06], [6.194620254973415e-06, 6.190172825881746e-06, 6.18854392087087e-06, 0.9999566078186035, 6.189558916958049e-06, 6.1917676248413045e-06, 6.193775334395468e-06, 6.191347893036436e-06], [6.1780015130352695e-06, 6.179356660140911e-06, 6.180859600135591e-06, 6.17998693996924e-06, 0.9999567270278931, 6.182598554005381e-06, 6.183624464028981e-06, 6.187919552758103e-06], [6.179969659569906e-06, 6.178154762892518e-06, 6.178284365887521e-06, 6.177512204885716e-06, 6.174567261041375e-06, 0.9999567270278931, 6.175804173835786e-06, 6.176987426442793e-06], [6.190857675392181e-06, 6.184249286889099e-06, 6.190515705384314e-06, 6.1868449847679585e-06, 6.185133770486573e-06, 6.197947186592501e-06, 0.9999566078186035, 6.188980478327721e-06], [6.1811133491573855e-06, 6.184509402373806e-06, 6.182993729453301e-06, 6.183259301906219e-06, 6.184614903759211e-06, 6.184026005939813e-06, 6.174408099468565e-06, 0.9999567270278931]], "mean_depth_distance": 0.052489131689071655}
