{"kind": "key", "receiver_layer": 0, "sender_layers": [0, 1, 2, 3, 4, 5], "layer_weights": [0.21580158174037933, 0.19439852237701416, 0.1732313334941864, 0.15465150773525238, 0.1376398205757141, 0.124277263879776], "head_mapping": [[0.9999566078186035, 6.19580760030658e-06, 6.194023626449052e-06, 6.193007266119821e-06, 6.185888651089044e-06, 6.177830073283985e-06, 6.1761511460645124e-06, 6.195802143338369e-06], [6.146935447759461e-06, 0.9999567270278931, 6.186928203533171e-06, 6.197415586939314e-06, 6.156334166007582e-06, 6.176469469210133e-06, 6.179256160976365e-06, 6.17115847489913e-06], [6.109307832957711e-06, 6.112245046097087e-06, 0.9999572038650513, 6.101814051362453e-06, 6.1211580941744614e-06, 6.117872089816956e-06, 6.127319920778973e-06, 6.108287834649673e-06], [6.1007608564978e-06, 6.120089892647229e-06, 6.098579433455598e-06, 0.9999572038650513, 6.111586571933003e-06, 6.1486384765885305e-06, 6.13241763858241e-06, 6.090842816774966e-06], [6.1543501033156645e-06, 6.137341642897809e-06, 6.164277692732867e-06, 6.1650002862734254e-06, 0.9999568462371826, 6.157244570204057e-06, 6.1685004766331986e-06, 6.178839157655602e-06], [6.16538227404817e-06, 6.203518296388211e-06, 6.1724417719233315e-06, 6.170805590954842e-06, 6.168846539367223e-06, 0.9999567270278931, 6.180281616252614e-06, 6.195536116138101e-06], [6.172453595354455e-06, 6.1508412727562245e-06, 6.150553417683113e-06, 6.151122761366423e-06, 6.173337169457227e-06, 6.185028269101167e-06, 0.9999567270278931, 6.161491000966635e-06], [6.163584657770116e-06, 6.15972385276109e-06, 6.151311936264392e-06, 6.174740065034712e-06, 6.154104994493537e-06, 6.146010491647758e-06, 6.141721769381547e-06, 0.9999569654464722]], "mean_depth_distance": 0.08062078803777695}
{"kind": "key", "receiver_layer": 1, "sender_layers": [0, 1, 2, 3, 4, 5], "layer_weights": [0.18803706765174866, 0.2010573148727417, 0.17941267788410187, 0.1605173647403717, 0.14323391020298004, 0.127741739153862], "head_mapping": [[0.9999567270278931, 6.176681381475646e-06, 6.185376150824595e-06, 6.17721161688678e-06, 6.175833277666243e-06, 6.1715004449069966e-06, 6.185854090290377e-06, 6.180906893860083e-06], [6.125518666522112e-06, 0.9999569654464722, 6.139964625617722e-06, 6.134252544143237e-06, 6.14860755376867e-06, 6.160505108709913e-06, 6.157791631267173e-06, 6.1398304751492105e-06], [6.161826149764238e-06, 6.183418008731678e-06, 0.9999567270278931, 6.186739028635202e-06, 6.180582658998901e-06, 6.1716768868791405e-06, 6.174302143335808e-06, 6.169346761453198e-06], [6.171618679218227e-06, 6.170323558762902e-06, 6.15425051364582e-06, 0.9999568462371826, 6.164771093608579e-06, 6.166264938656241e-06, 6.169000243971823e-06, 6.169747393869329e-06], [6.157591087685432e-06, 6.158930318633793e-06, 6.180052878335118e-06, 6.173991096147802e-06, 0.9999568462371826, 6.1633136283489875e-06, 6.150155059003737e-06, 6.188746283442015e-06], [6.1379159888019785e-06, 6.140445293567609e-06, 6.144955477793701e-06, 6.142342499515507e-06, 6.159923486848129e-06, 0.9999569654464722, 6.144417056930251e-06, 6.164636943140067e-06], [6.172865596454358e-06, 6.202122222020989e-06, 6.171082077344181e-06, 6.1888636082585435e-06, 6.180181571835419e-06, 6.164676506159594e-06, 0.9999567270278931, 6.1786258811480366e-06], [6.159434633445926e-06, 6.160898010421079e-06, 6.1685004766331986e-06, 6.159411441331031e-06, 6.178438525239471e-06, 6.169758762553101e-06, 6.166847015265375e-06, 0.9999568462371826]], "mean_depth_distance": 0.06562092155218124}
{"kind": "key", "receiver_layer": 2, "sender_layers": [0, 1, 2, 3, 4, 5], "layer_weights": [0.16811849176883698, 0.18761345744132996, 0.18894673883914948, 0.16906948387622833, 0.15176346898078918, 0.13448840379714966], "head_mapping": [[0.9999567270278931, 6.1709120018349495e-06, 6.177282557473518e-06, 6.191460670379456e-06, 6.180870968819363e-06, 6.165470495034242e-06, 6.166593266243581e-06, 6.160321390780155e-06], [6.167806077428395e-06, 0.9999568462371826, 6.161903002066538e-06, 6.1674354583374225e-06, 6.1670589275308885e-06, 6.147639851405984e-06, 6.150395620352356e-06, 6.155688879516674e-06], [6.171453151182504e-06, 6.149486580397934e-06, 0.9999568462371826, 6.142119218566222e-06, 6.170135293359635e-06, 6.164136721054092e-06, 6.133772330940701e-06, 6.167952960822731e-06], [6.128289442131063e-06, 6.130545443738811e-06, 6.144868621049682e-06, 0.9999570846557617, 6.127576398284873e-06, 6.128172572061885e-06, 6.112412847869564e-06, 6.129762368800584e-06], [6.168622803670587e-06, 6.177382601890713e-06, 6.163171747175511e-06, 6.141158337413799e-06, 0.9999567270278931, 6.170382221171167e-06, 6.201294581842376e-06, 6.151638899609679e-06], [6.17856085227686e-06, 6.171729637571843e-06, 6.176705028337892e-06, 6.180677246447885e-06, 6.171759196149651e-06, 0.9999567270278931, 6.171729637571843e-06, 6.1697464843746275e-06], [6.141535322967684e-06, 6.132159342087107e-06, 6.134001978352899e-06, 6.140446203062311e-06, 6.137061973277014e-06, 6.16472561887349e-06, 0.9999570846557617, 6.1248188103490975e-06], [6.158014002721757e-06, 6.178402600198751e-06, 6.148888132884167e-06, 6.1597170315508265e-06, 6.149903128971346e-06, 6.170282631501323e-06, 6.145728548290208e-06, 0.9999568462371826]], "mean_depth_distance": 0.0567338652908802}
{"kind": "key", "receiver_layer": 3, "sender_layers": [0, 1, 2, 3, 4, 5], "layer_weights": [0.1510842889547348, 0.1697140783071518, 0.1901649832725525, 0.18190568685531616, 0.16221368312835693, 0.14491724967956543], "head_mapping": [[0.9999568462371826, 6.151205070636934e-06, 6.128445420472417e-06, 6.152185051178094e-06, 6.149164164526155e-06, 6.153446520329453e-06, 6.16638271822012e-06, 6.168594154587481e-06], [6.134942850621883e-06, 0.9999569654464722, 6.1600176195497625e-06, 6.114522875577677e-06, 6.142799975350499e-06, 6.15493263467215e-06, 6.114703410275979e-06, 6.157274583529215e-06], [6.122821105236653e-06, 6.135773674031952e-06, 0.9999569654464722, 6.138278877187986e-06, 6.140316145319957e-06, 6.1566051954287104e-06, 6.151775323814945e-06, 6.158161340863444e-06], [6.191247848619241e-06, 6.20027594777639e-06, 6.178206604090519e-06, 0.9999566078186035, 6.1974269556230865e-06, 6.185888651089044e-06, 6.1883911257609725e-06, 6.194259640324162e-06], [6.167346782604e-06, 6.159482381917769e-06, 6.165083050291287e-06, 6.15441467743949e-06, 0.9999568462371826, 6.177177510835463e-06, 6.144474355096463e-06, 6.158930318633793e-06], [6.147593467176193e-06, 6.1523915064753965e-06, 6.148854026832851e-06, 6.155020400910871e-06, 6.130603196652373e-06, 0.9999569654464722, 6.141253379610134e-06, 6.1389814618451055e-06], [6.177918749017408e-06, 6.163013040350052e-06, 6.149550245027058e-06, 6.1648879636777565e-06, 6.172147550387308e-06, 6.165817467262968e-06, 0.9999567270278931, 6.176828719617333e-06], [6.16654142504558e-06, 6.159399617899908e-06, 6.163760190247558e-06, 6.168394065753091e-06, 6.148519332782598e-06, 6.145377028587973e-06, 6.152894911792828e-06, 0.9999568462371826]], "mean_depth_distance": 0.0525873601436615}
{"kind": "key", "receiver_layer": 4, "sender_layers": [1, 2, 3, 4, 5, 6], "layer_weights": [0.15515278279781342, 0.17442671954631805, 0.19394554197788239, 0.17642147839069366, 0.15840685367584229, 0.1416466385126114], "head_mapping": [[0.9999569654464722, 6.160657903819811e-06, 6.132579983386677e-06, 6.143238806544105e-06, 6.164413662190782e-06, 6.156558356451569e-06, 6.162820227473276e-06, 6.1312871366681065e-06], [6.162608315207763e-06, 0.9999568462371826, 6.151709840196418e-06, 6.141931407910306e-06, 6.156370091048302e-06, 6.160562861623475e-06, 6.1873415688751265e-06, 6.148396550997859e-06], [6.1371952142508235e-06, 6.147862677607918e-06, 0.9999568462371826, 6.1720656958641484e-06, 6.151557499833871e-06, 6.1491991800721735e-06, 6.16971192357596e-06, 6.1632017605006695e-06], [6.137576747278217e-06, 6.157708867249312e-06, 6.1274704421521164e-06, 0.9999569654464722, 6.123836556071183e-06, 6.153711183287669e-06, 6.145190127426758e-06, 6.14856662650709e-06], [6.161821147543378e-06, 6.155038136057556e-06, 6.153459253255278e-06, 6.164454589452362e-06, 0.9999569654464722, 6.1304222072067205e-06, 6.147176918602781e-06, 6.135563126008492e-06], [6.1697701312368736e-06, 6.182286142575322e-06, 6.171288077894133e-06, 6.18669173491071e-06, 6.1725422710878775e-06, 0.9999567270278931, 6.14742748439312e-06, 6.173995643621311e-06], [6.182976449053967e-06, 6.171347195049748e-06, 6.172689154482214e-06, 6.1799519244232215e-06, 6.19747470409493e-06, 6.179291631269734e-06, 0.9999567270278931, 6.182515789987519e-06], [6.165359081933275e-06, 6.167917490529362e-06, 6.163689704408171e-06, 6.146191935840761e-06, 6.158736596262315e-06, 6.162179033708526e-06, 6.155219580250559e-06, 0.9999568462371826]], "mean_depth_distance": 0.05210890248417854}
{"kind": "key", "receiver_layer": 5, "sender_layers": [1, 2, 3, 4, 5, 6], "layer_weights": [0.14316658675670624, 0.1600995510816574, 0.17797835171222687, 0.192112535238266, 0.17275047302246094, 0.1538924127817154], "head_mapping": [[0.9999569654464722, 6.145612132968381e-06, 6.145494808151852e-06, 6.141850917629199e-06, 6.154680249892408e-06, 6.137505806691479e-06, 6.143197879282525e-06, 6.147335625428241e-06], [6.170028882479528e-06, 0.9999567270278931, 6.1678638303419575e-06, 6.176280749059515e-06, 6.189394753164379e-06, 6.169440439407481e-06, 6.183884124766337e-06, 6.179344836709788e-06], [6.162902081996435e-06, 6.1588480093632825e-06, 0.9999568462371826, 6.169512289488921e-06, 6.167464562167879e-06, 6.16497709415853e-06, 6.161420969874598e-06, 6.15997532804613e-06], [6.1538212321465835e-06, 6.170382221171167e-06, 6.171253062348114e-06, 0.9999567270278931, 6.1622727116628084e-06, 6.170947017380968e-06, 6.165970262372866e-06, 6.156498329801252e-06], [6.136822321423097e-06, 6.140726782177808e-06, 6.1308905969781335e-06, 6.1398545767588075e-06, 0.9999570846557617, 6.150878562038997e-06, 6.131282134447247e-06, 6.1321125031099655e-06], [6.15270118942135e-06, 6.180406671774108e-06, 6.174162081151735e-06, 6.168935669847997e-06, 6.171371296659345e-06, 0.9999568462371826, 6.151123216113774e-06, 6.163219040900003e-06], [6.133596798463259e-06, 6.150466106191743e-06, 6.148771262814989e-06, 6.1590121731569525e-06, 6.144192866486264e-06, 6.147974090708885e-06, 0.9999568462371826, 6.161585588415619e-06], [6.166335424495628e-06, 6.16465376879205e-06, 6.1549667407234665e-06, 6.168417712615337e-06, 6.159505574032664e-06, 6.1671471485169604e-06, 6.155712071631569e-06, 0.9999568462371826]], "mean_depth_distance": 0.052354492247104645}
{"kind": "key", "receiver_layer": 6, "sender_layers": [2, 3, 4, 5, 6, 7], "layer_weights": [0.1460021585226059, 0.16355666518211365, 0.18288268148899078, 0.18868741393089294, 0.16819876432418823, 0.15067225694656372], "head_mapping": [[0.9999568462371826, 6.166547336761141e-06, 6.168341315060388e-06, 6.1646596805076115e-06, 6.161086275824346e-06, 6.154009952297201e-06, 6.168517757032532e-06, 6.15131102676969e-06], [6.188413863128517e-06, 0.9999566078186035, 6.19766979070846e-06, 6.1829518926970195e-06, 6.182049673952861e-06, 6.1751734392601065e-06, 6.183965979289496e-06, 6.189978648762917e-06], [6.182622200867627e-06, 6.164382284623571e-06, 0.9999567270278931, 6.174702321004588e-06, 6.160809334687656e-06, 6.189967280079145e-06, 6.17836622041068e-06, 6.1724658735329285e-06], [6.193481112859445e-06, 6.187547114677727e-06, 6.169487733131973e-06, 0.9999567270278931, 6.169805601530243e-06, 6.1991772781766485e-06, 6.173802375997184e-06, 6.180381660669809e-06], [6.182675861055031e-06, 6.1601695051649585e-06, 6.156798463052837e-06, 6.1656887737626676e-06, 0.9999568462371826, 6.1643954722967464e-06, 6.147370186226908e-06, 6.1548903431685176e-06], [6.189146006363444e-06, 6.168545496620936e-06, 6.165034847072093e-06, 6.170875167299528e-06, 6.187027793203015e-06, 0.9999566078186035, 6.1950040617375635e-06, 6.197692982823355e-06], [6.199684776220238e-06, 6.183706773299491e-06, 6.201447376952274e-06, 6.184909580042586e-06, 6.196268714120379e-06, 6.196386948431609e-06, 0.9999566078186035, 6.1808409554942045e-06], [6.1774126152158715e-06, 6.147879958007252e-06, 6.164406840980519e-06, 6.153563845145982e-06, 6.171170753077604e-06, 6.160363227536436e-06, 6.171824679768179e-06, 0.9999568462371826]], "mean_depth_distance": 0.05270965024828911}
{"kind": "key", "receiver_layer": 7, "sender_layers": [3, 4, 5, 6, 7, 8], "layer_weights": [0.14970792829990387, 0.16808471083641052, 0.1872427761554718, 0.1842838078737259, 0.16381144523620605, 0.14686927199363708], "head_mapping": [[0.9999570846557617, 6.124415449448861e-06, 6.1476412156480365e-06, 6.129300345492084e-06, 6.124929768702714e-06, 6.144118287920719e-06, 6.148661213956075e-06, 6.131130248832051e-06], [6.18160811427515e-06, 0.9999567270278931, 6.203388238645857e-06, 6.17725299889571e-06, 6.16671104580746e-06, 6.1981363614904694e-06, 6.169287644297583e-06, 6.1886394178145565e-06], [6.1645232563023455e-06, 6.156662493594922e-06, 0.9999567270278931, 6.163547823234694e-06, 6.174125246616313e-06, 6.170028882479528e-06, 6.1604337133758236e-06, 6.180629497976042e-06], [6.160176326375222e-06, 6.13854763287236e-06, 6.147358817543136e-06, 0.9999569654464722, 6.155249138828367e-06, 6.147218300611712e-06, 6.148308784759138e-06, 6.140568075352348e-06], [6.16045736023807e-06, 6.149550699774409e-06, 6.1579789871757384e-06, 6.16931174590718e-06, 0.9999568462371826, 6.160768407426076e-06, 6.153939921205165e-06, 6.145107363408897e-06], [6.150895842438331e-06, 6.132533599156886e-06, 6.106668479333166e-06, 6.135692729003495e-06, 6.147066869743867e-06, 0.9999570846557617, 6.143386144685792e-06, 6.149758064566413e-06], [6.1784016907040495e-06, 6.177199793455657e-06, 6.189465239003766e-06, 6.174843747430714e-06, 6.191638476593653e-06, 6.18081821812666e-06, 0.9999567270278931, 6.196883987286128e-06], [6.172495432110736e-06, 6.170688266138313e-06, 6.183501682244241e-06, 6.16942952547106e-06, 6.165383183542872e-06, 6.160956672829343e-06, 6.187188319017878e-06, 0.9999568462371826]], "mean_depth_distance": 0.05274234712123871}
{"kind": "key", "receiver_layer": 8, "sender_layers": [4, 5, 6, 7, 8, 9], "layer_weights": [0.1528741419315338, 0.17219135165214539, 0.19209469854831696, 0.1803591251373291, 0.16005951166152954, 0.14242123067378998], "head_mapping": [[0.9999570846557617, 6.135791863925988e-06, 6.1078681028448045e-06, 6.12255280429963e-06, 6.113451036071638e-06, 6.116647000453668e-06, 6.154005859571043e-06, 6.147770363895688e-06], [6.1755458773404825e-06, 0.9999568462371826, 6.182434390211711e-06, 6.149621640361147e-06, 6.151170055090915e-06, 6.172813755256357e-06, 6.160727934911847e-06, 6.160046268632868e-06], [6.169488642626675e-06, 6.164677415654296e-06, 0.9999568462371826, 6.162966656120261e-06, 6.153810772957513e-06, 6.143384780443739e-06, 6.19307365923305e-06, 6.155600658530602e-06], [6.164852948131738e-06, 6.193587068992201e-06, 6.171900622575777e-06, 0.9999567270278931, 6.193451554281637e-06, 6.175479938974604e-06, 6.181207027111668e-06, 6.177217983349692e-06], [6.175440375955077e-06, 6.15452745478251e-06, 6.150572517071851e-06, 6.1575860854645725e-06, 0.9999569654464722, 6.141510766610736e-06, 6.16432544120471e-06, 6.15383487456711e-06], [6.167288120195735e-06, 6.133023362053791e-06, 6.184114681673236e-06, 6.161420969874598e-06, 6.178402600198751e-06, 0.9999568462371826, 6.175780981720891e-06, 6.180606305861147e-06], [6.142155143606942e-06, 6.1602054302056786e-06, 6.146198302303674e-06, 6.151288289402146e-06, 6.1557479966722894e-06, 6.149153250589734e-06, 0.9999569654464722, 6.151780780783156e-06], [6.158965788927162e-06, 6.147522981336806e-06, 6.145231054688338e-06, 6.162103545648279e-06, 6.154920811241027e-06, 6.149006367195398e-06, 6.127896995167248e-06, 0.9999569654464722]], "mean_depth_distance": 0.052280180156230927}
{"kind": "key", "receiver_layer": 9, "sender_layers": [4, 5, 6, 7, 8, 9], "layer_weights": [0.1406700313091278, 0.15762083232402802, 0.1764686405658722, 0.1950579732656479, 0.17438620328903198, 0.1557963341474533], "head_mapping": [[0.9999568462371826, 6.157462394185131e-06, 6.1517625908891205e-06, 6.1530358834716026e-06, 6.160786142572761e-06, 6.185011443449184e-06, 6.151650723040802e-06, 6.155178198241629e-06], [6.161532837722916e-06, 0.9999568462371826, 6.1581667978316545e-06, 6.180594937177375e-06, 6.176976967253722e-06, 6.189413397805765e-06, 6.1701471167907584e-06, 6.153018603072269e-06], [6.202997155924095e-06, 6.204085366334766e-06, 0.9999566078186035, 6.2027779677009676e-06, 6.188673978613224e-06, 6.1926766647957265e-06, 6.2221038206189405e-06, 6.224109711183701e-06], [6.164713340695016e-06, 6.144193775980966e-06, 6.141054200270446e-06, 0.9999569654464722, 6.133661827334436e-06, 6.156698873382993e-06, 6.146420673758257e-06, 6.1571217884193175e-06], [6.148320608190261e-06, 6.142705842648866e-06, 6.137436230346793e-06, 6.149059572635451e-06, 0.9999569654464722, 6.152543846837943e-06, 6.144170583866071e-06, 6.1496516536863055e-06], [6.1266932789294515e-06, 6.1640430430998094e-06, 6.135293915576767e-06, 6.138372100394918e-06, 6.118081273598364e-06, 0.9999569654464722, 6.136745469120797e-06, 6.116377790021943e-06], [6.1909345276944805e-06, 6.192346063471632e-06, 6.184119229146745e-06, 6.216001111170044e-06, 6.193538865773007e-06, 6.191472493810579e-06, 0.9999566078186035, 6.218746875674697e-06], [6.194886282173684e-06, 6.19879847363336e-06, 6.189228770381305e-06, 6.200146344781388e-06, 6.180498985486338e-06, 6.187777216837276e-06, 6.193350145622389e-06, 0.9999566078186035]], "mean_depth_distance": 0.05194755271077156}
{"kind": "key", "receiver_layer": 10, "sender_layers": [5, 6, 7, 8, 9, 10], "layer_weights": [0.14506669342517853, 0.16141673922538757, 0.1805015355348587, 0.19065985083580017, 0.1699438989162445, 0.15241128206253052], "head_mapping": [[0.9999568462371826, 6.155994014989119e-06, 6.15729732089676e-06, 6.152900823508389e-06, 6.1552309489343315e-06, 6.158918949950021e-06, 6.15997532804613e-06, 6.161044893815415e-06], [6.1690411712334026e-06, 0.9999568462371826, 6.181502612889744e-06, 6.162437330203829e-06, 6.173714155011112e-06, 6.168017534946557e-06, 6.167841092974413e-06, 6.173996553116012e-06], [6.1662940424866974e-06, 6.166576440591598e-06, 0.9999568462371826, 6.165923878143076e-06, 6.168735126266256e-06, 6.154561560833827e-06, 6.163772013678681e-06, 6.165570994198788e-06], [6.174213467602385e-06, 6.179321189847542e-06, 6.175308953970671e-06, 0.9999567270278931, 6.1865089264756534e-06, 6.18401418250869e-06, 6.181018761708401e-06, 6.170052529341774e-06], [6.174549071147339e-06, 6.174702321004588e-06, 6.164993919810513e-06, 6.1782134253007825e-06, 0.9999567270278931, 6.175809630803997e-06, 6.185488018672913e-06, 6.18873355051619e-06], [6.147142812551465e-06, 6.1338669183896855e-06, 6.137448508525267e-06, 6.14156397205079e-06, 6.15371163803502e-06, 0.9999570846557617, 6.132422186055919e-06, 6.1494474721257575e-06], [6.142991878732573e-06, 6.1528480728156865e-06, 6.153205958980834e-06, 6.1488708524848334e-06, 6.150472017907305e-06, 6.157344614621252e-06, 0.9999568462371826, 6.163713351270417e-06], [6.159071290312568e-06, 6.160974407976028e-06, 6.158319592941552e-06, 6.153786671347916e-06, 6.161562396300724e-06, 6.1614914557139855e-06, 6.165053491713479e-06, 0.9999568462371826]], "mean_depth_distance": 0.05261995643377304}
{"kind": "key", "receiver_layer": 11, "sender_layers": [6, 7, 8, 9, 10, 11], "layer_weights": [0.14832596480846405, 0.16713382303714752, 0.18590915203094482, 0.18606095016002655, 0.16492821276187897, 0.14764189720153809], "head_mapping": [[0.9999566078186035, 6.195772584760562e-06, 6.192936780280434e-06, 6.198006303748116e-06, 6.196386948431609e-06, 6.183671303006122e-06, 6.169257176225074e-06, 6.189163741510129e-06], [6.184262019814923e-06, 0.9999567270278931, 6.182551715028239e-06, 6.185924576129764e-06, 6.179910542414291e-06, 6.185305664985208e-06, 6.180853688420029e-06, 6.181549451866886e-06], [6.159459644550225e-06, 6.139151082606986e-06, 0.9999569654464722, 6.148836291686166e-06, 6.1564765019284096e-06, 6.151869001769228e-06, 6.156029485282488e-06, 6.164501428429503e-06], [6.152625701361103e-06, 6.166012099129148e-06, 6.165924332890427e-06, 0.9999569654464722, 6.137810487416573e-06, 6.159095391922165e-06, 6.155566097731935e-06, 6.143286100268597e-06], [6.150730769149959e-06, 6.139420293038711e-06, 6.133457191026537e-06, 6.131480404292233e-06, 0.9999569654464722, 6.128738277766388e-06, 6.1248470046848524e-06, 6.1449732129403856e-06], [6.173114343255293e-06, 6.134650448075263e-06, 6.161257260828279e-06, 6.148132797534345e-06, 6.146561645437032e-06, 0.9999569654464722, 6.1512178035627585e-06, 6.14925875197514e-06], [6.165329068608116e-06, 6.166446382849244e-06, 6.151480647531571e-06, 6.1692817325820215e-06, 6.178850071592024e-06, 6.182622200867627e-06, 0.9999567270278931, 6.16631086813868e-06], [6.144896360638086e-06, 6.15632279732381e-06, 6.15851331531303e-06, 6.162996214698069e-06, 6.162531917652814e-06, 6.149093678686768e-06, 6.1573618950205855e-06, 0.9999568462371826]], "mean_depth_distance": 0.0527392141520977}
{"kind": "key", "receiver_layer": 12, "sender_layers": [7, 8, 9, 10, 11, 12], "layer_weights": [0.1518053561449051, 0.17118556797504425, 0.19034746289253235, 0.18058934807777405, 0.16097725927829742, 0.14509499073028564], "head_mapping": [[0.9999567270278931, 6.164882051962195e-06, 6.172471330501139e-06, 6.16951683696243e-06, 6.169787411636207e-06, 6.168063464428997e-06, 6.168487288960023e-06, 6.172883331601042e-06], [6.148050488263834e-06, 0.9999568462371826, 6.161179953778628e-06, 6.168264917505439e-06, 6.155518349260092e-06, 6.16465376879205e-06, 6.15306544204941e-06, 6.163172201922862e-06], [6.1522150645032525e-06, 6.148865850263974e-06, 0.9999569654464722, 6.14453438174678e-06, 6.150695753603941e-06, 6.1351825024758e-06, 6.141487574495841e-06, 6.160040811664658e-06], [6.1857954278821126e-06, 6.179056072141975e-06, 6.17263594904216e-06, 0.9999567270278931, 6.180429409141652e-06, 6.175485395942815e-06, 6.1635300880880095e-06, 6.153346021164907e-06], [6.172807388793444e-06, 6.167617357277777e-06, 6.141545327409403e-06, 6.158014002721757e-06, 0.9999568462371826, 6.166123966977466e-06, 6.1754340094921645e-06, 6.169076641526772e-06], [6.157844381959876e-06, 6.148033207864501e-06, 6.1404916777973995e-06, 6.159113127068849e-06, 6.154345555842156e-06, 0.9999569654464722, 6.160153134260327e-06, 6.149610726424726e-06], [6.186431619426003e-06, 6.184190169733483e-06, 6.176604529173346e-06, 6.19296042714268e-06, 6.194277830218198e-06, 6.183765435707755e-06, 0.9999566078186035, 6.195311470946763e-06], [6.174067493702751e-06, 6.169241260067793e-06, 6.176994702400407e-06, 6.187306098581757e-06, 6.181749995448627e-06, 6.1672471929341555e-06, 6.171665518195368e-06, 0.9999568462371826]], "mean_depth_distance": 0.052573513239622116}
{"kind": "key", "receiver_layer": 13, "sender_layers": [8, 9, 10, 11, 12, 13], "layer_weights": [0.15609361231327057, 0.17455899715423584, 0.19509130716323853, 0.17545458674430847, 0.15749682486057281, 0.14130471646785736], "head_mapping": [[0.9999569654464722, 6.131047484814189e-06, 6.117100838309852e-06, 6.1495757108787075e-06, 6.158026280900231e-06, 6.156698873382993e-06, 6.128429049567785e-06, 6.1461751101887785e-06], [6.142383881524438e-06, 0.9999569654464722, 6.124011633801274e-06, 6.146725354483351e-06, 6.1420496422215365e-06, 6.160845714475727e-06, 6.143221980892122e-06, 6.116558779467596e-06], [6.194868092279648e-06, 6.191200554894749e-06, 0.9999566078186035, 6.185133770486573e-06, 6.189263785927324e-06, 6.211372692632722e-06, 6.212148946360685e-06, 6.196144568093587e-06], [6.169094376673456e-06, 6.1706355154456105e-06, 6.164806563901948e-06, 0.9999568462371826, 6.171042059577303e-06, 6.156264134915546e-06, 6.15012595517328e-06, 6.170971118990565e-06], [6.162936642795103e-06, 6.166346338432049e-06, 6.1987807384866755e-06, 6.177612249302911e-06, 0.9999567270278931, 6.172265329951188e-06, 6.207258593349252e-06, 6.175197086122353e-06], [6.156698418635642e-06, 6.151744855742436e-06, 6.1558998822874855e-06, 6.153411504783435e-06, 6.155524715723004e-06, 0.9999568462371826, 6.156833933346206e-06, 6.146174655441428e-06], [6.1804284996469505e-06, 6.176986971695442e-06, 6.14878717897227e-06, 6.204109013197012e-06, 6.169051175675122e-06, 6.180793661769712e-06, 0.9999566078186035, 6.178801413625479e-06], [6.1791906773578376e-06, 6.193503850226989e-06, 6.199259132699808e-06, 6.180452146509197e-06, 6.198951723490609e-06, 6.216178917384241e-06, 6.1734713199257385e-06, 0.9999566078186035]], "mean_depth_distance": 0.05194739252328873}
{"kind": "key", "receiver_layer": 14, "sender_layers": [8, 9, 10, 11, 12, 13], "layer_weights": [0.14315283298492432, 0.16061806678771973, 0.17919504642486572, 0.19162482023239136, 0.17173445224761963, 0.15367482602596283], "head_mapping": [[0.9999567270278931, 6.155382834549528e-06, 6.202098575158743e-06, 6.17653995504952e-06, 6.167746050778078e-06, 6.167534593259916e-06, 6.171947461552918e-06, 6.189495252328925e-06], [6.159407803352224e-06, 0.9999570846557617, 6.145917723188177e-06, 6.126530479377834e-06, 6.123048933659447e-06, 6.136067440820625e-06, 6.135938292572973e-06, 6.165901595522882e-06], [6.162472345749848e-06, 6.162002136989031e-06, 0.9999567270278931, 6.153586582513526e-06, 6.205991667229682e-06, 6.1776891016052105e-06, 6.1561045185953844e-06, 6.1819382608518936e-06], [6.156910330901155e-06, 6.160692009871127e-06, 6.15587669017259e-06, 0.9999568462371826, 6.149732598714763e-06, 6.157732059364207e-06, 6.156046765681822e-06, 6.162631507322658e-06], [6.138453500170726e-06, 6.172784196678549e-06, 6.173773272166727e-06, 6.172883786348393e-06, 0.9999568462371826, 6.163336820463883e-06, 6.17159457760863e-06, 6.170282631501323e-06], [6.158994892757619e-06, 6.16259649177664e-06, 6.143607151898323e-06, 6.1426585489243735e-06, 6.16304305367521e-06, 0.9999568462371826, 6.152472451503854e-06, 6.15952922089491e-06], [6.159788426884916e-06, 6.148015927465167e-06, 6.145776296762051e-06, 6.147886779217515e-06, 6.143573045847006e-06, 6.1438777265721e-06, 0.9999569654464722, 6.172843768581515e-06], [6.154997208795976e-06, 6.141242010926362e-06, 6.147323801997118e-06, 6.142881829873659e-06, 6.156417384772794e-06, 6.151804427645402e-06, 6.1354285207926296e-06, 0.9999569654464722]], "mean_depth_distance": 0.05243656784296036}
{"kind": "key", "receiver_layer": 15, "sender_layers": [9, 10, 11, 12, 13, 14], "layer_weights": [0.14699377119541168, 0.16432490944862366, 0.1843278706073761, 0.1877485066652298, 0.1673024743795395, 0.1493024080991745], "head_mapping": [[0.9999568462371826, 6.149175987957278e-06, 6.166406365082366e-06, 6.165759259602055e-06, 6.153575668577105e-06, 6.157462394185131e-06, 6.167835181258852e-06, 6.167653282318497e-06], [6.174666850711219e-06, 0.9999566078186035, 6.1982545958017e-06, 6.204546934895916e-06, 6.17674004388391e-06, 6.185133770486573e-06, 6.195802143338369e-06, 6.189370196807431e-06], [6.16163242739276e-06, 6.179640422487864e-06, 0.9999568462371826, 6.181455319165252e-06, 6.167205810925225e-06, 6.172171651996905e-06, 6.145535735413432e-06, 6.154978109407239e-06], [6.1325567912717815e-06, 6.15134695181041e-06, 6.147645763121545e-06, 0.9999569654464722, 6.1508894759754185e-06, 6.138278877187986e-06, 6.141791800473584e-06, 6.157885309221456e-06], [6.2068193074082956e-06, 6.190769454406109e-06, 6.185747224662919e-06, 6.192310138430912e-06, 0.9999566078186035, 6.1906221162644215e-06, 6.1870691752119455e-06, 6.188367478898726e-06], [6.180405762279406e-06, 6.179515821713721e-06, 6.179167939990293e-06, 6.189382929733256e-06, 6.178142939461395e-06, 0.9999567270278931, 6.182468951010378e-06, 6.173107522045029e-06], [6.155760274850763e-06, 6.1685486798523925e-06, 6.134955583547708e-06, 6.137472155387513e-06, 6.160177235869924e-06, 6.1450855355360545e-06, 0.9999570846557617, 6.1576515690831e-06], [6.180228865559911e-06, 6.1920159168948885e-06, 6.178991498018149e-06, 6.1820387600164395e-06, 6.1704763538728e-06, 6.176510851219064e-06, 6.180358468554914e-06, 0.9999567270278931]], "mean_depth_distance": 0.052725840359926224}
{"kind": "key", "receiver_layer": 16, "sender_layers": [10, 11, 12, 13, 14, 15], "layer_weights": [0.1505533903837204, 0.16922803223133087, 0.18930889666080475, 0.18231076002120972, 0.1627368927001953, 0.14586204290390015], "head_mapping": [[0.9999568462371826, 6.182351626193849e-06, 6.16150919086067e-06, 6.154139100544853e-06, 6.146994564915076e-06, 6.133619990578154e-06, 6.166394541651243e-06, 6.1643713706871495e-06], [6.186397968122037e-06, 0.9999568462371826, 6.189773557707667e-06, 6.159106305858586e-06, 6.1629252741113305e-06, 6.170559117890662e-06, 6.1592886595462915e-06, 6.171718723635422e-06], [6.129288976808311e-06, 6.125975232862402e-06, 0.9999570846557617, 6.132779162726365e-06, 6.127798314992106e-06, 6.13267411608831e-06, 6.10509050602559e-06, 6.113474228186533e-06], [6.156839845061768e-06, 6.159048552945023e-06, 6.14235432294663e-06, 0.9999569654464722, 6.147100975795183e-06, 6.130580004537478e-06, 6.163467332953587e-06, 6.158578344184207e-06], [6.164406840980519e-06, 6.155254595796578e-06, 6.157767529657576e-06, 6.168135314510437e-06, 0.9999568462371826, 6.1918276514916215e-06, 6.167299943626858e-06, 6.163772013678681e-06], [6.153703907330055e-06, 6.186337486724369e-06, 6.177541308716172e-06, 6.178454896144103e-06, 6.186332029756159e-06, 0.9999567270278931, 6.1981722865311895e-06, 6.176705028337892e-06], [6.1580790315929335e-06, 6.143127848190488e-06, 6.155448772915406e-06, 6.1125583670218475e-06, 6.1313635342230555e-06, 6.152338755782694e-06, 0.9999569654464722, 6.1413647927111015e-06], [6.132398539193673e-06, 6.135668172646547e-06, 6.147441126813646e-06, 6.139367542346008e-06, 6.1425421336025465e-06, 6.141721769381547e-06, 6.155184564704541e-06, 0.9999569654464722]], "mean_depth_distance": 0.05266440287232399}
{"kind": "key", "receiver_layer": 17, "sender_layers": [11, 12, 13, 14, 15, 16], "layer_weights": [0.15480557084083557, 0.17200860381126404, 0.1945936232805252, 0.17823562026023865, 0.15843065083026886, 0.1419258862733841], "head_mapping": [[0.9999569654464722, 6.1518749134847894e-06, 6.15044382357155e-06, 6.14934106124565e-06, 6.1472765082726255e-06, 6.148120974103222e-06, 6.154146376502467e-06, 6.151487468741834e-06], [6.179079719004221e-06, 0.9999567270278931, 6.182274319144199e-06, 6.176669558044523e-06, 6.176363513077376e-06, 6.183707682794193e-06, 6.177399882290047e-06, 6.180535365274409e-06], [6.164677415654296e-06, 6.157873031042982e-06, 0.9999568462371826, 6.163619218568783e-06, 6.150172794150421e-06, 6.164465503388783e-06, 6.158043561299564e-06, 6.157086318125948e-06], [6.157908501336351e-06, 6.164665137475822e-06, 6.162490535643883e-06, 0.9999568462371826, 6.164100796013372e-06, 6.162690169730922e-06, 6.168334948597476e-06, 6.163442776596639e-06], [6.180511718412163e-06, 6.162889803817961e-06, 6.170652795844944e-06, 6.179391675686929e-06, 0.9999567270278931, 6.171005679789232e-06, 6.1718533288512845e-06, 6.168581421661656e-06], [6.149616183392936e-06, 6.1518103393609636e-06, 6.152250534796622e-06, 6.14991540714982e-06, 6.155161372589646e-06, 0.9999569654464722, 6.1570453908643685e-06, 6.1484379330067895e-06], [6.1704472500423435e-06, 6.169476364448201e-06, 6.164324531710008e-06, 6.160533757793019e-06, 6.156170002213912e-06, 6.161879355204292e-06, 0.9999568462371826, 6.168811978568556e-06], [6.150513854663586e-06, 6.152789865154773e-06, 6.148941793071572e-06, 6.155231858429033e-06, 6.15530188952107e-06, 6.152461537567433e-06, 6.1466434999601915e-06, 0.9999569654464722]], "mean_depth_distance": 0.052125465124845505}
{"kind": "key", "receiver_layer": 18, "sender_layers": [11, 12, 13, 14, 15, 16], "layer_weights": [0.1413499116897583, 0.15892213582992554, 0.17829345166683197, 0.19336584210395813, 0.1734345257282257, 0.15463410317897797], "head_mapping": [[0.9999567270278931, 6.1521668612840585e-06, 6.1782779994246084e-06, 6.171723725856282e-06, 6.16296620137291e-06, 6.167099400045117e-06, 6.174243026180193e-06, 6.180181571835419e-06], [6.1700229707639664e-06, 0.9999567270278931, 6.157191364764003e-06, 6.165575541672297e-06, 6.170640972413821e-06, 6.168175787024666e-06, 6.188426596054342e-06, 6.198030405357713e-06], [6.145436145743588e-06, 6.157027655717684e-06, 0.9999569654464722, 6.181220214784844e-06, 6.155114533612505e-06, 6.156299605208915e-06, 6.135171133792028e-06, 6.161304554552771e-06], [6.151546585897449e-06, 6.141358426248189e-06, 6.1615392041858286e-06, 0.9999569654464722, 6.1472765082726255e-06, 6.148542979644844e-06, 6.136791853350587e-06, 6.154462880658684e-06], [6.142604433989618e-06, 6.172429038997507e-06, 6.190001840877812e-06, 6.174525424285093e-06, 0.9999566078186035, 6.192458386067301e-06, 6.206144917086931e-06, 6.19685943092918e-06], [6.19627462583594e-06, 6.2131798586051445e-06, 6.202079930517357e-06, 6.229603059182409e-06, 6.213369488250464e-06, 0.9999566078186035, 6.222501269803615e-06, 6.2062990764388815e-06], [6.107232366048265e-06, 6.1414407355186995e-06, 6.147799012978794e-06, 6.126465450506657e-06, 6.1154905779403634e-06, 6.149317414383404e-06, 0.9999569654464722, 6.14260034126346e-06], [6.177234809001675e-06, 6.175267117214389e-06, 6.187376129673794e-06, 6.197497896209825e-06, 6.185027814353816e-06, 6.206582838785835e-06, 6.196676622494124e-06, 0.9999566078186035]], "mean_depth_distance": 0.05214035511016846}
{"kind": "key", "receiver_layer": 19, "sender_layers": [12, 13, 14, 15, 16, 17], "layer_weights": [0.1458176225423813, 0.1620207577943802, 0.18248572945594788, 0.18870121240615845, 0.16975373029708862, 0.15122094750404358], "head_mapping": [[0.9999567270278931, 6.17187652096618e-06, 6.190327439981047e-06, 6.161714736663271e-06, 6.159810709505109e-06, 6.189111445564777e-06, 6.1498558352468535e-06, 6.180983746162383e-06], [6.178543117130175e-06, 0.9999567270278931, 6.1393661781039555e-06, 6.188320185174234e-06, 6.171871063997969e-06, 6.1715004449069966e-06, 6.1661698964599054e-06, 6.174337613629177e-06], [6.145178758742986e-06, 6.1523273870989215e-06, 0.9999570846557617, 6.146867235656828e-06, 6.128891072876286e-06, 6.123306320660049e-06, 6.136231149866944e-06, 6.120556463429239e-06], [6.174132522573927e-06, 6.168694199004676e-06, 6.141018275229726e-06, 0.9999568462371826, 6.157467851153342e-06, 6.13929660175927e-06, 6.1510177147283684e-06, 6.159177246445324e-06], [6.134978775662603e-06, 6.135259809525451e-06, 6.1272257880773395e-06, 6.134861905593425e-06, 0.9999570846557617, 6.129610483185388e-06, 6.1363302847894374e-06, 6.1353885030257516e-06], [6.181955995998578e-06, 6.1690052461926825e-06, 6.17119439993985e-06, 6.163042598927859e-06, 6.170387678139377e-06, 0.9999567270278931, 6.168063464428997e-06, 6.191165539348731e-06], [6.191082320583519e-06, 6.194307388796005e-06, 6.186042355693644e-06, 6.195281912368955e-06, 6.161302280816017e-06, 6.17749401499168e-06, 0.9999566078186035, 6.168851086840732e-06], [6.213796041265596e-06, 6.194200977915898e-06, 6.195506102812942e-06, 6.211888376128627e-06, 6.202292752277572e-06, 6.2160720517567825e-06, 6.2081812757242005e-06, 0.9999566078186035]], "mean_depth_distance": 0.05269669368863106}
{"kind": "key", "receiver_layer": 20, "sender_layers": [13, 14, 15, 16, 17, 18], "layer_weights": [0.1489465981721878, 0.1667986363172531, 0.18874722719192505, 0.18370318412780762, 0.164439857006073, 0.1473645716905594], "head_mapping": [[0.9999569654464722, 6.138793651189189e-06, 6.157362349767936e-06, 6.139490778878098e-06, 6.162150839372771e-06, 6.1328491938184015e-06, 6.142401616671123e-06, 6.150314675323898e-06], [6.1221671785460785e-06, 0.9999570846557617, 6.136991487437626e-06, 6.132194357633125e-06, 6.156946710689226e-06, 6.113520612416323e-06, 6.1335863392741885e-06, 6.139140168670565e-06], [6.20267155682086e-06, 6.220318027772009e-06, 0.9999566078186035, 6.1912828641652595e-06, 6.163782018120401e-06, 6.1840250964451116e-06, 6.189724444993772e-06, 6.2008557506487705e-06], [6.137646323622903e-06, 6.131018380983733e-06, 6.151124125608476e-06, 0.9999569654464722, 6.17198429608834e-06, 6.164219485071953e-06, 6.1414407355186995e-06, 6.142881829873659e-06], [6.134815066616284e-06, 6.1525793171313126e-06, 6.162433237477671e-06, 6.1445812207239214e-06, 0.9999570846557617, 6.159924396342831e-06, 6.164314072520938e-06, 6.140106052043848e-06], [6.133972419775091e-06, 6.1308669501158874e-06, 6.163667421787977e-06, 6.149898581497837e-06, 6.13467454968486e-06, 0.9999570846557617, 6.119668796600308e-06, 6.1633618315681815e-06], [6.153635240480071e-06, 6.1581908994412515e-06, 6.166124421724817e-06, 6.140620826045051e-06, 6.164901606098283e-06, 6.162914360174909e-06, 0.9999569654464722, 6.152713922347175e-06], [6.1537693909485824e-06, 6.16822944721207e-06, 6.159030363050988e-06, 6.163131274661282e-06, 6.156546078273095e-06, 6.142857273516711e-06, 6.179074262036011e-06, 0.9999568462371826]], "mean_depth_distance": 0.052711814641952515}
{"kind": "key", "receiver_layer": 21, "sender_layers": [14, 15, 16, 17, 18, 19], "layer_weights": [0.15292149782180786, 0.1711815446615219, 0.19213514029979706, 0.17904028296470642, 0.16117975115776062, 0.14354173839092255], "head_mapping": [[0.9999568462371826, 6.1662417465413455e-06, 6.165806553326547e-06, 6.1652181102545e-06, 6.16219676885521e-06, 6.163348643895006e-06, 6.162290901556844e-06, 6.158930318633793e-06], [6.169617790874327e-06, 0.9999568462371826, 6.165547802083893e-06, 6.168276740936562e-06, 6.165935246826848e-06, 6.167394076328492e-06, 6.167217634356348e-06, 6.165641480038175e-06], [6.15997532804613e-06, 6.157697043818189e-06, 0.9999568462371826, 6.159634722280316e-06, 6.157403277029516e-06, 6.1593764257850125e-06, 6.159535132610472e-06, 6.162984391266946e-06], [6.172960183903342e-06, 6.169475454953499e-06, 6.169717380544171e-06, 0.9999567270278931, 6.1722416830889415e-06, 6.175468115543481e-06, 6.175056114443578e-06, 6.173978363221977e-06], [6.154068614705466e-06, 6.149246019049315e-06, 6.156005838420242e-06, 6.159253644000273e-06, 0.9999568462371826, 6.1543096308014356e-06, 6.155642040539533e-06, 6.160880730021745e-06], [6.162502359075006e-06, 6.161091732792556e-06, 6.158766154840123e-06, 6.1595405895786826e-06, 6.155377377581317e-06, 0.9999568462371826, 6.158284122648183e-06, 6.159112672321498e-06], [6.173743258841569e-06, 6.167028459458379e-06, 6.170488177303923e-06, 6.166063940327149e-06, 6.166757884784602e-06, 6.173119345476152e-06, 0.9999567270278931, 6.169887456053402e-06], [6.16497163719032e-06, 6.1636424106836785e-06, 6.163272246340057e-06, 6.165506420074962e-06, 6.167511855892371e-06, 6.166088951431448e-06, 6.159799340821337e-06, 0.9999568462371826]], "mean_depth_distance": 0.05242758244276047}
