{"receiver_layer": 0, "sender_layers": [0], "layer_weights": [1.0], "head_mapping": [[0.9999566078186035, 6.143945938674733e-06, 6.143945938674733e-06, 6.143945938674733e-06, 6.143945938674733e-06, 6.143945938674733e-06, 6.143945938674733e-06, 6.143945938674733e-06], [6.143945938674733e-06, 0.9999566078186035, 6.143945938674733e-06, 6.143945938674733e-06, 6.143945938674733e-06, 6.143945938674733e-06, 6.143945938674733e-06, 6.143945938674733e-06], [6.143946393422084e-06, 6.143946393422084e-06, 0.9999567270278931, 6.143946393422084e-06, 6.143946393422084e-06, 6.143946393422084e-06, 6.143946393422084e-06, 6.143946393422084e-06], [6.143946393422084e-06, 6.143946393422084e-06, 6.143946393422084e-06, 0.9999567270278931, 6.143946393422084e-06, 6.143946393422084e-06, 6.143946393422084e-06, 6.143946393422084e-06], [6.143947302916786e-06, 6.143947302916786e-06, 6.143947302916786e-06, 6.143947302916786e-06, 0.9999568462371826, 6.143947302916786e-06, 6.143947302916786e-06, 6.143947302916786e-06], [6.143947302916786e-06, 6.143947302916786e-06, 6.143947302916786e-06, 6.143947302916786e-06, 6.143947302916786e-06, 0.9999568462371826, 6.143947302916786e-06, 6.143947302916786e-06], [6.1439482124114875e-06, 6.1439482124114875e-06, 6.1439482124114875e-06, 6.1439482124114875e-06, 6.1439482124114875e-06, 6.1439482124114875e-06, 0.9999569654464722, 6.1439482124114875e-06], [6.1439482124114875e-06, 6.1439482124114875e-06, 6.1439482124114875e-06, 6.1439482124114875e-06, 6.1439482124114875e-06, 6.1439482124114875e-06, 6.1439482124114875e-06, 0.9999569654464722]], "gate": 0.021829430013895035}
{"receiver_layer": 1, "sender_layers": [1], "layer_weights": [1.0], "head_mapping": [[0.9999566078186035, 6.143945938674733e-06, 6.143945938674733e-06, 6.143945938674733e-06, 6.143945938674733e-06, 6.143945938674733e-06, 6.143945938674733e-06, 6.143945938674733e-06], [6.143945938674733e-06, 0.9999566078186035, 6.143945938674733e-06, 6.143945938674733e-06, 6.143945938674733e-06, 6.143945938674733e-06, 6.143945938674733e-06, 6.143945938674733e-06], [6.143946393422084e-06, 6.143946393422084e-06, 0.9999567270278931, 6.143946393422084e-06, 6.143946393422084e-06, 6.143946393422084e-06, 6.143946393422084e-06, 6.143946393422084e-06], [6.143946393422084e-06, 6.143946393422084e-06, 6.143946393422084e-06, 0.9999567270278931, 6.143946393422084e-06, 6.143946393422084e-06, 6.143946393422084e-06, 6.143946393422084e-06], [6.143947302916786e-06, 6.143947302916786e-06, 6.143947302916786e-06, 6.143947302916786e-06, 0.9999568462371826, 6.143947302916786e-06, 6.143947302916786e-06, 6.143947302916786e-06], [6.143947302916786e-06, 6.143947302916786e-06, 6.143947302916786e-06, 6.143947302916786e-06, 6.143947302916786e-06, 0.9999568462371826, 6.143947302916786e-06, 6.143947302916786e-06], [6.1439482124114875e-06, 6.1439482124114875e-06, 6.1439482124114875e-06, 6.1439482124114875e-06, 6.1439482124114875e-06, 6.1439482124114875e-06, 0.9999569654464722, 6.1439482124114875e-06], [6.1439482124114875e-06, 6.1439482124114875e-06, 6.1439482124114875e-06, 6.1439482124114875e-06, 6.1439482124114875e-06, 6.1439482124114875e-06, 6.1439482124114875e-06, 0.9999569654464722]], "gate": 0.02071479707956314}
{"receiver_layer": 2, "sender_layers": [2], "layer_weights": [1.0], "head_mapping": [[0.9999566078186035, 6.143945938674733e-06, 6.143945938674733e-06, 6.143945938674733e-06, 6.143945938674733e-06, 6.143945938674733e-06, 6.143945938674733e-06, 6.143945938674733e-06], [6.143945938674733e-06, 0.9999566078186035, 6.143945938674733e-06, 6.143945938674733e-06, 6.143945938674733e-06, 6.143945938674733e-06, 6.143945938674733e-06, 6.143945938674733e-06], [6.143946393422084e-06, 6.143946393422084e-06, 0.9999567270278931, 6.143946393422084e-06, 6.143946393422084e-06, 6.143946393422084e-06, 6.143946393422084e-06, 6.143946393422084e-06], [6.143946393422084e-06, 6.143946393422084e-06, 6.143946393422084e-06, 0.9999567270278931, 6.143946393422084e-06, 6.143946393422084e-06, 6.143946393422084e-06, 6.143946393422084e-06], [6.143947302916786e-06, 6.143947302916786e-06, 6.143947302916786e-06, 6.143947302916786e-06, 0.9999568462371826, 6.143947302916786e-06, 6.143947302916786e-06, 6.143947302916786e-06], [6.143947302916786e-06, 6.143947302916786e-06, 6.143947302916786e-06, 6.143947302916786e-06, 6.143947302916786e-06, 0.9999568462371826, 6.143947302916786e-06, 6.143947302916786e-06], [6.1439482124114875e-06, 6.1439482124114875e-06, 6.1439482124114875e-06, 6.1439482124114875e-06, 6.1439482124114875e-06, 6.1439482124114875e-06, 0.9999569654464722, 6.1439482124114875e-06], [6.1439482124114875e-06, 6.1439482124114875e-06, 6.1439482124114875e-06, 6.1439482124114875e-06, 6.1439482124114875e-06, 6.1439482124114875e-06, 6.1439482124114875e-06, 0.9999569654464722]], "gate": 0.020769339054822922}
{"receiver_layer": 3, "sender_layers": [2], "layer_weights": [1.0], "head_mapping": [[0.9999566078186035, 6.143945938674733e-06, 6.143945938674733e-06, 6.143945938674733e-06, 6.143945938674733e-06, 6.143945938674733e-06, 6.143945938674733e-06, 6.143945938674733e-06], [6.143945938674733e-06, 0.9999566078186035, 6.143945938674733e-06, 6.143945938674733e-06, 6.143945938674733e-06, 6.143945938674733e-06, 6.143945938674733e-06, 6.143945938674733e-06], [6.143946393422084e-06, 6.143946393422084e-06, 0.9999567270278931, 6.143946393422084e-06, 6.143946393422084e-06, 6.143946393422084e-06, 6.143946393422084e-06, 6.143946393422084e-06], [6.143946393422084e-06, 6.143946393422084e-06, 6.143946393422084e-06, 0.9999567270278931, 6.143946393422084e-06, 6.143946393422084e-06, 6.143946393422084e-06, 6.143946393422084e-06], [6.143947302916786e-06, 6.143947302916786e-06, 6.143947302916786e-06, 6.143947302916786e-06, 0.9999568462371826, 6.143947302916786e-06, 6.143947302916786e-06, 6.143947302916786e-06], [6.143947302916786e-06, 6.143947302916786e-06, 6.143947302916786e-06, 6.143947302916786e-06, 6.143947302916786e-06, 0.9999568462371826, 6.143947302916786e-06, 6.143947302916786e-06], [6.1439482124114875e-06, 6.1439482124114875e-06, 6.1439482124114875e-06, 6.1439482124114875e-06, 6.1439482124114875e-06, 6.1439482124114875e-06, 0.9999569654464722, 6.1439482124114875e-06], [6.1439482124114875e-06, 6.1439482124114875e-06, 6.1439482124114875e-06, 6.1439482124114875e-06, 6.1439482124114875e-06, 6.1439482124114875e-06, 6.1439482124114875e-06, 0.9999569654464722]], "gate": 0.022767405956983566}
{"receiver_layer": 4, "sender_layers": [3], "layer_weights": [1.0], "head_mapping": [[0.9999566078186035, 6.143945938674733e-06, 6.143945938674733e-06, 6.143945938674733e-06, 6.143945938674733e-06, 6.143945938674733e-06, 6.143945938674733e-06, 6.143945938674733e-06], [6.143945938674733e-06, 0.9999566078186035, 6.143945938674733e-06, 6.143945938674733e-06, 6.143945938674733e-06, 6.143945938674733e-06, 6.143945938674733e-06, 6.143945938674733e-06], [6.143946393422084e-06, 6.143946393422084e-06, 0.9999567270278931, 6.143946393422084e-06, 6.143946393422084e-06, 6.143946393422084e-06, 6.143946393422084e-06, 6.143946393422084e-06], [6.143946393422084e-06, 6.143946393422084e-06, 6.143946393422084e-06, 0.9999567270278931, 6.143946393422084e-06, 6.143946393422084e-06, 6.143946393422084e-06, 6.143946393422084e-06], [6.143947302916786e-06, 6.143947302916786e-06, 6.143947302916786e-06, 6.143947302916786e-06, 0.9999568462371826, 6.143947302916786e-06, 6.143947302916786e-06, 6.143947302916786e-06], [6.143947302916786e-06, 6.143947302916786e-06, 6.143947302916786e-06, 6.143947302916786e-06, 6.143947302916786e-06, 0.9999568462371826, 6.143947302916786e-06, 6.143947302916786e-06], [6.1439482124114875e-06, 6.1439482124114875e-06, 6.1439482124114875e-06, 6.1439482124114875e-06, 6.1439482124114875e-06, 6.1439482124114875e-06, 0.9999569654464722, 6.1439482124114875e-06], [6.1439482124114875e-06, 6.1439482124114875e-06, 6.1439482124114875e-06, 6.1439482124114875e-06, 6.1439482124114875e-06, 6.1439482124114875e-06, 6.1439482124114875e-06, 0.9999569654464722]], "gate": 0.02419152855873108}
{"receiver_layer": 5, "sender_layers": [4], "layer_weights": [1.0], "head_mapping": [[0.9999566078186035, 6.143945938674733e-06, 6.143945938674733e-06, 6.143945938674733e-06, 6.143945938674733e-06, 6.143945938674733e-06, 6.143945938674733e-06, 6.143945938674733e-06], [6.143945938674733e-06, 0.9999566078186035, 6.143945938674733e-06, 6.143945938674733e-06, 6.143945938674733e-06, 6.143945938674733e-06, 6.143945938674733e-06, 6.143945938674733e-06], [6.143946393422084e-06, 6.143946393422084e-06, 0.9999567270278931, 6.143946393422084e-06, 6.143946393422084e-06, 6.143946393422084e-06, 6.143946393422084e-06, 6.143946393422084e-06], [6.143946393422084e-06, 6.143946393422084e-06, 6.143946393422084e-06, 0.9999567270278931, 6.143946393422084e-06, 6.143946393422084e-06, 6.143946393422084e-06, 6.143946393422084e-06], [6.143947302916786e-06, 6.143947302916786e-06, 6.143947302916786e-06, 6.143947302916786e-06, 0.9999568462371826, 6.143947302916786e-06, 6.143947302916786e-06, 6.143947302916786e-06], [6.143947302916786e-06, 6.143947302916786e-06, 6.143947302916786e-06, 6.143947302916786e-06, 6.143947302916786e-06, 0.9999568462371826, 6.143947302916786e-06, 6.143947302916786e-06], [6.1439482124114875e-06, 6.1439482124114875e-06, 6.1439482124114875e-06, 6.1439482124114875e-06, 6.1439482124114875e-06, 6.1439482124114875e-06, 0.9999569654464722, 6.1439482124114875e-06], [6.1439482124114875e-06, 6.1439482124114875e-06, 6.1439482124114875e-06, 6.1439482124114875e-06, 6.1439482124114875e-06, 6.1439482124114875e-06, 6.1439482124114875e-06, 0.9999569654464722]], "gate": 0.021942254155874252}
{"receiver_layer": 6, "sender_layers": [5], "layer_weights": [1.0], "head_mapping": [[0.9999566078186035, 6.143945938674733e-06, 6.143945938674733e-06, 6.143945938674733e-06, 6.143945938674733e-06, 6.143945938674733e-06, 6.143945938674733e-06, 6.143945938674733e-06], [6.143945938674733e-06, 0.9999566078186035, 6.143945938674733e-06, 6.143945938674733e-06, 6.143945938674733e-06, 6.143945938674733e-06, 6.143945938674733e-06, 6.143945938674733e-06], [6.143946393422084e-06, 6.143946393422084e-06, 0.9999567270278931, 6.143946393422084e-06, 6.143946393422084e-06, 6.143946393422084e-06, 6.143946393422084e-06, 6.143946393422084e-06], [6.143946393422084e-06, 6.143946393422084e-06, 6.143946393422084e-06, 0.9999567270278931, 6.143946393422084e-06, 6.143946393422084e-06, 6.143946393422084e-06, 6.143946393422084e-06], [6.143947302916786e-06, 6.143947302916786e-06, 6.143947302916786e-06, 6.143947302916786e-06, 0.9999568462371826, 6.143947302916786e-06, 6.143947302916786e-06, 6.143947302916786e-06], [6.143947302916786e-06, 6.143947302916786e-06, 6.143947302916786e-06, 6.143947302916786e-06, 6.143947302916786e-06, 0.9999568462371826, 6.143947302916786e-06, 6.143947302916786e-06], [6.1439482124114875e-06, 6.1439482124114875e-06, 6.1439482124114875e-06, 6.1439482124114875e-06, 6.1439482124114875e-06, 6.1439482124114875e-06, 0.9999569654464722, 6.1439482124114875e-06], [6.1439482124114875e-06, 6.1439482124114875e-06, 6.1439482124114875e-06, 6.1439482124114875e-06, 6.1439482124114875e-06, 6.1439482124114875e-06, 6.1439482124114875e-06, 0.9999569654464722]], "gate": 0.022213777527213097}
{"receiver_layer": 7, "sender_layers": [5], "layer_weights": [1.0], "head_mapping": [[0.9999566078186035, 6.143945938674733e-06, 6.143945938674733e-06, 6.143945938674733e-06, 6.143945938674733e-06, 6.143945938674733e-06, 6.143945938674733e-06, 6.143945938674733e-06], [6.143945938674733e-06, 0.9999566078186035, 6.143945938674733e-06, 6.143945938674733e-06, 6.143945938674733e-06, 6.143945938674733e-06, 6.143945938674733e-06, 6.143945938674733e-06], [6.143946393422084e-06, 6.143946393422084e-06, 0.9999567270278931, 6.143946393422084e-06, 6.143946393422084e-06, 6.143946393422084e-06, 6.143946393422084e-06, 6.143946393422084e-06], [6.143946393422084e-06, 6.143946393422084e-06, 6.143946393422084e-06, 0.9999567270278931, 6.143946393422084e-06, 6.143946393422084e-06, 6.143946393422084e-06, 6.143946393422084e-06], [6.143947302916786e-06, 6.143947302916786e-06, 6.143947302916786e-06, 6.143947302916786e-06, 0.9999568462371826, 6.143947302916786e-06, 6.143947302916786e-06, 6.143947302916786e-06], [6.143947302916786e-06, 6.143947302916786e-06, 6.143947302916786e-06, 6.143947302916786e-06, 6.143947302916786e-06, 0.9999568462371826, 6.143947302916786e-06, 6.143947302916786e-06], [6.1439482124114875e-06, 6.1439482124114875e-06, 6.1439482124114875e-06, 6.1439482124114875e-06, 6.1439482124114875e-06, 6.1439482124114875e-06, 0.9999569654464722, 6.1439482124114875e-06], [6.1439482124114875e-06, 6.1439482124114875e-06, 6.1439482124114875e-06, 6.1439482124114875e-06, 6.1439482124114875e-06, 6.1439482124114875e-06, 6.1439482124114875e-06, 0.9999569654464722]], "gate": 0.022606831043958664}
{"receiver_layer": 8, "sender_layers": [6], "layer_weights": [1.0], "head_mapping": [[0.9999566078186035, 6.143945938674733e-06, 6.143945938674733e-06, 6.143945938674733e-06, 6.143945938674733e-06, 6.143945938674733e-06, 6.143945938674733e-06, 6.143945938674733e-06], [6.143945938674733e-06, 0.9999566078186035, 6.143945938674733e-06, 6.143945938674733e-06, 6.143945938674733e-06, 6.143945938674733e-06, 6.143945938674733e-06, 6.143945938674733e-06], [6.143946393422084e-06, 6.143946393422084e-06, 0.9999567270278931, 6.143946393422084e-06, 6.143946393422084e-06, 6.143946393422084e-06, 6.143946393422084e-06, 6.143946393422084e-06], [6.143946393422084e-06, 6.143946393422084e-06, 6.143946393422084e-06, 0.9999567270278931, 6.143946393422084e-06, 6.143946393422084e-06, 6.143946393422084e-06, 6.143946393422084e-06], [6.143947302916786e-06, 6.143947302916786e-06, 6.143947302916786e-06, 6.143947302916786e-06, 0.9999568462371826, 6.143947302916786e-06, 6.143947302916786e-06, 6.143947302916786e-06], [6.143947302916786e-06, 6.143947302916786e-06, 6.143947302916786e-06, 6.143947302916786e-06, 6.143947302916786e-06, 0.9999568462371826, 6.143947302916786e-06, 6.143947302916786e-06], [6.1439482124114875e-06, 6.1439482124114875e-06, 6.1439482124114875e-06, 6.1439482124114875e-06, 6.1439482124114875e-06, 6.1439482124114875e-06, 0.9999569654464722, 6.1439482124114875e-06], [6.1439482124114875e-06, 6.1439482124114875e-06, 6.1439482124114875e-06, 6.1439482124114875e-06, 6.1439482124114875e-06, 6.1439482124114875e-06, 6.1439482124114875e-06, 0.9999569654464722]], "gate": 0.023053288459777832}
{"receiver_layer": 9, "sender_layers": [7], "layer_weights": [1.0], "head_mapping": [[0.9999566078186035, 6.143945938674733e-06, 6.143945938674733e-06, 6.143945938674733e-06, 6.143945938674733e-06, 6.143945938674733e-06, 6.143945938674733e-06, 6.143945938674733e-06], [6.143945938674733e-06, 0.9999566078186035, 6.143945938674733e-06, 6.143945938674733e-06, 6.143945938674733e-06, 6.143945938674733e-06, 6.143945938674733e-06, 6.143945938674733e-06], [6.143946393422084e-06, 6.143946393422084e-06, 0.9999567270278931, 6.143946393422084e-06, 6.143946393422084e-06, 6.143946393422084e-06, 6.143946393422084e-06, 6.143946393422084e-06], [6.143946393422084e-06, 6.143946393422084e-06, 6.143946393422084e-06, 0.9999567270278931, 6.143946393422084e-06, 6.143946393422084e-06, 6.143946393422084e-06, 6.143946393422084e-06], [6.143947302916786e-06, 6.143947302916786e-06, 6.143947302916786e-06, 6.143947302916786e-06, 0.9999568462371826, 6.143947302916786e-06, 6.143947302916786e-06, 6.143947302916786e-06], [6.143947302916786e-06, 6.143947302916786e-06, 6.143947302916786e-06, 6.143947302916786e-06, 6.143947302916786e-06, 0.9999568462371826, 6.143947302916786e-06, 6.143947302916786e-06], [6.1439482124114875e-06, 6.1439482124114875e-06, 6.1439482124114875e-06, 6.1439482124114875e-06, 6.1439482124114875e-06, 6.1439482124114875e-06, 0.9999569654464722, 6.1439482124114875e-06], [6.1439482124114875e-06, 6.1439482124114875e-06, 6.1439482124114875e-06, 6.1439482124114875e-06, 6.1439482124114875e-06, 6.1439482124114875e-06, 6.1439482124114875e-06, 0.9999569654464722]], "gate": 0.022607915103435516}
{"receiver_layer": 10, "sender_layers": [8], "layer_weights": [1.0], "head_mapping": [[0.9999566078186035, 6.143945938674733e-06, 6.143945938674733e-06, 6.143945938674733e-06, 6.143945938674733e-06, 6.143945938674733e-06, 6.143945938674733e-06, 6.143945938674733e-06], [6.143945938674733e-06, 0.9999566078186035, 6.143945938674733e-06, 6.143945938674733e-06, 6.143945938674733e-06, 6.143945938674733e-06, 6.143945938674733e-06, 6.143945938674733e-06], [6.143946393422084e-06, 6.143946393422084e-06, 0.9999567270278931, 6.143946393422084e-06, 6.143946393422084e-06, 6.143946393422084e-06, 6.143946393422084e-06, 6.143946393422084e-06], [6.143946393422084e-06, 6.143946393422084e-06, 6.143946393422084e-06, 0.9999567270278931, 6.143946393422084e-06, 6.143946393422084e-06, 6.143946393422084e-06, 6.143946393422084e-06], [6.143947302916786e-06, 6.143947302916786e-06, 6.143947302916786e-06, 6.143947302916786e-06, 0.9999568462371826, 6.143947302916786e-06, 6.143947302916786e-06, 6.143947302916786e-06], [6.143947302916786e-06, 6.143947302916786e-06, 6.143947302916786e-06, 6.143947302916786e-06, 6.143947302916786e-06, 0.9999568462371826, 6.143947302916786e-06, 6.143947302916786e-06], [6.1439482124114875e-06, 6.1439482124114875e-06, 6.1439482124114875e-06, 6.1439482124114875e-06, 6.1439482124114875e-06, 6.1439482124114875e-06, 0.9999569654464722, 6.1439482124114875e-06], [6.1439482124114875e-06, 6.1439482124114875e-06, 6.1439482124114875e-06, 6.1439482124114875e-06, 6.1439482124114875e-06, 6.1439482124114875e-06, 6.1439482124114875e-06, 0.9999569654464722]], "gate": 0.02181573025882244}
{"receiver_layer": 11, "sender_layers": [8], "layer_weights": [1.0], "head_mapping": [[0.9999566078186035, 6.143945938674733e-06, 6.143945938674733e-06, 6.143945938674733e-06, 6.143945938674733e-06, 6.143945938674733e-06, 6.143945938674733e-06, 6.143945938674733e-06], [6.143945938674733e-06, 0.9999566078186035, 6.143945938674733e-06, 6.143945938674733e-06, 6.143945938674733e-06, 6.143945938674733e-06, 6.143945938674733e-06, 6.143945938674733e-06], [6.143946393422084e-06, 6.143946393422084e-06, 0.9999567270278931, 6.143946393422084e-06, 6.143946393422084e-06, 6.143946393422084e-06, 6.143946393422084e-06, 6.143946393422084e-06], [6.143946393422084e-06, 6.143946393422084e-06, 6.143946393422084e-06, 0.9999567270278931, 6.143946393422084e-06, 6.143946393422084e-06, 6.143946393422084e-06, 6.143946393422084e-06], [6.143947302916786e-06, 6.143947302916786e-06, 6.143947302916786e-06, 6.143947302916786e-06, 0.9999568462371826, 6.143947302916786e-06, 6.143947302916786e-06, 6.143947302916786e-06], [6.143947302916786e-06, 6.143947302916786e-06, 6.143947302916786e-06, 6.143947302916786e-06, 6.143947302916786e-06, 0.9999568462371826, 6.143947302916786e-06, 6.143947302916786e-06], [6.1439482124114875e-06, 6.1439482124114875e-06, 6.1439482124114875e-06, 6.1439482124114875e-06, 6.1439482124114875e-06, 6.1439482124114875e-06, 0.9999569654464722, 6.1439482124114875e-06], [6.1439482124114875e-06, 6.1439482124114875e-06, 6.1439482124114875e-06, 6.1439482124114875e-06, 6.1439482124114875e-06, 6.1439482124114875e-06, 6.1439482124114875e-06, 0.9999569654464722]], "gate": 0.02256000228226185}
{"receiver_layer": 12, "sender_layers": [9], "layer_weights": [1.0], "head_mapping": [[0.9999566078186035, 6.143945938674733e-06, 6.143945938674733e-06, 6.143945938674733e-06, 6.143945938674733e-06, 6.143945938674733e-06, 6.143945938674733e-06, 6.143945938674733e-06], [6.143945938674733e-06, 0.9999566078186035, 6.143945938674733e-06, 6.143945938674733e-06, 6.143945938674733e-06, 6.143945938674733e-06, 6.143945938674733e-06, 6.143945938674733e-06], [6.143946393422084e-06, 6.143946393422084e-06, 0.9999567270278931, 6.143946393422084e-06, 6.143946393422084e-06, 6.143946393422084e-06, 6.143946393422084e-06, 6.143946393422084e-06], [6.143946393422084e-06, 6.143946393422084e-06, 6.143946393422084e-06, 0.9999567270278931, 6.143946393422084e-06, 6.143946393422084e-06, 6.143946393422084e-06, 6.143946393422084e-06], [6.143947302916786e-06, 6.143947302916786e-06, 6.143947302916786e-06, 6.143947302916786e-06, 0.9999568462371826, 6.143947302916786e-06, 6.143947302916786e-06, 6.143947302916786e-06], [6.143947302916786e-06, 6.143947302916786e-06, 6.143947302916786e-06, 6.143947302916786e-06, 6.143947302916786e-06, 0.9999568462371826, 6.143947302916786e-06, 6.143947302916786e-06], [6.1439482124114875e-06, 6.1439482124114875e-06, 6.1439482124114875e-06, 6.1439482124114875e-06, 6.1439482124114875e-06, 6.1439482124114875e-06, 0.9999569654464722, 6.1439482124114875e-06], [6.1439482124114875e-06, 6.1439482124114875e-06, 6.1439482124114875e-06, 6.1439482124114875e-06, 6.1439482124114875e-06, 6.1439482124114875e-06, 6.1439482124114875e-06, 0.9999569654464722]], "gate": 0.02349795028567314}
{"receiver_layer": 13, "sender_layers": [10], "layer_weights": [1.0], "head_mapping": [[0.9999566078186035, 6.143945938674733e-06, 6.143945938674733e-06, 6.143945938674733e-06, 6.143945938674733e-06, 6.143945938674733e-06, 6.143945938674733e-06, 6.143945938674733e-06], [6.143945938674733e-06, 0.9999566078186035, 6.143945938674733e-06, 6.143945938674733e-06, 6.143945938674733e-06, 6.143945938674733e-06, 6.143945938674733e-06, 6.143945938674733e-06], [6.143946393422084e-06, 6.143946393422084e-06, 0.9999567270278931, 6.143946393422084e-06, 6.143946393422084e-06, 6.143946393422084e-06, 6.143946393422084e-06, 6.143946393422084e-06], [6.143946393422084e-06, 6.143946393422084e-06, 6.143946393422084e-06, 0.9999567270278931, 6.143946393422084e-06, 6.143946393422084e-06, 6.143946393422084e-06, 6.143946393422084e-06], [6.143947302916786e-06, 6.143947302916786e-06, 6.143947302916786e-06, 6.143947302916786e-06, 0.9999568462371826, 6.143947302916786e-06, 6.143947302916786e-06, 6.143947302916786e-06], [6.143947302916786e-06, 6.143947302916786e-06, 6.143947302916786e-06, 6.143947302916786e-06, 6.143947302916786e-06, 0.9999568462371826, 6.143947302916786e-06, 6.143947302916786e-06], [6.1439482124114875e-06, 6.1439482124114875e-06, 6.1439482124114875e-06, 6.1439482124114875e-06, 6.1439482124114875e-06, 6.1439482124114875e-06, 0.9999569654464722, 6.1439482124114875e-06], [6.1439482124114875e-06, 6.1439482124114875e-06, 6.1439482124114875e-06, 6.1439482124114875e-06, 6.1439482124114875e-06, 6.1439482124114875e-06, 6.1439482124114875e-06, 0.9999569654464722]], "gate": 0.021757790818810463}
{"receiver_layer": 14, "sender_layers": [11], "layer_weights": [1.0], "head_mapping": [[0.9999566078186035, 6.143945938674733e-06, 6.143945938674733e-06, 6.143945938674733e-06, 6.143945938674733e-06, 6.143945938674733e-06, 6.143945938674733e-06, 6.143945938674733e-06], [6.143945938674733e-06, 0.9999566078186035, 6.143945938674733e-06, 6.143945938674733e-06, 6.143945938674733e-06, 6.143945938674733e-06, 6.143945938674733e-06, 6.143945938674733e-06], [6.143946393422084e-06, 6.143946393422084e-06, 0.9999567270278931, 6.143946393422084e-06, 6.143946393422084e-06, 6.143946393422084e-06, 6.143946393422084e-06, 6.143946393422084e-06], [6.143946393422084e-06, 6.143946393422084e-06, 6.143946393422084e-06, 0.9999567270278931, 6.143946393422084e-06, 6.143946393422084e-06, 6.143946393422084e-06, 6.143946393422084e-06], [6.143947302916786e-06, 6.143947302916786e-06, 6.143947302916786e-06, 6.143947302916786e-06, 0.9999568462371826, 6.143947302916786e-06, 6.143947302916786e-06, 6.143947302916786e-06], [6.143947302916786e-06, 6.143947302916786e-06, 6.143947302916786e-06, 6.143947302916786e-06, 6.143947302916786e-06, 0.9999568462371826, 6.143947302916786e-06, 6.143947302916786e-06], [6.1439482124114875e-06, 6.1439482124114875e-06, 6.1439482124114875e-06, 6.1439482124114875e-06, 6.1439482124114875e-06, 6.1439482124114875e-06, 0.9999569654464722, 6.1439482124114875e-06], [6.1439482124114875e-06, 6.1439482124114875e-06, 6.1439482124114875e-06, 6.1439482124114875e-06, 6.1439482124114875e-06, 6.1439482124114875e-06, 6.1439482124114875e-06, 0.9999569654464722]], "gate": 0.02469058707356453}
{"receiver_layer": 15, "sender_layers": [12], "layer_weights": [1.0], "head_mapping": [[0.9999566078186035, 6.143945938674733e-06, 6.143945938674733e-06, 6.143945938674733e-06, 6.143945938674733e-06, 6.143945938674733e-06, 6.143945938674733e-06, 6.143945938674733e-06], [6.143945938674733e-06, 0.9999566078186035, 6.143945938674733e-06, 6.143945938674733e-06, 6.143945938674733e-06, 6.143945938674733e-06, 6.143945938674733e-06, 6.143945938674733e-06], [6.143946393422084e-06, 6.143946393422084e-06, 0.9999567270278931, 6.143946393422084e-06, 6.143946393422084e-06, 6.143946393422084e-06, 6.143946393422084e-06, 6.143946393422084e-06], [6.143946393422084e-06, 6.143946393422084e-06, 6.143946393422084e-06, 0.9999567270278931, 6.143946393422084e-06, 6.143946393422084e-06, 6.143946393422084e-06, 6.143946393422084e-06], [6.143947302916786e-06, 6.143947302916786e-06, 6.143947302916786e-06, 6.143947302916786e-06, 0.9999568462371826, 6.143947302916786e-06, 6.143947302916786e-06, 6.143947302916786e-06], [6.143947302916786e-06, 6.143947302916786e-06, 6.143947302916786e-06, 6.143947302916786e-06, 6.143947302916786e-06, 0.9999568462371826, 6.143947302916786e-06, 6.143947302916786e-06], [6.1439482124114875e-06, 6.1439482124114875e-06, 6.1439482124114875e-06, 6.1439482124114875e-06, 6.1439482124114875e-06, 6.1439482124114875e-06, 0.9999569654464722, 6.1439482124114875e-06], [6.1439482124114875e-06, 6.1439482124114875e-06, 6.1439482124114875e-06, 6.1439482124114875e-06, 6.1439482124114875e-06, 6.1439482124114875e-06, 6.1439482124114875e-06, 0.9999569654464722]], "gate": 0.02343198098242283}
{"receiver_layer": 16, "sender_layers": [12], "layer_weights": [1.0], "head_mapping": [[0.9999566078186035, 6.143945938674733e-06, 6.143945938674733e-06, 6.143945938674733e-06, 6.143945938674733e-06, 6.143945938674733e-06, 6.143945938674733e-06, 6.143945938674733e-06], [6.143945938674733e-06, 0.9999566078186035, 6.143945938674733e-06, 6.143945938674733e-06, 6.143945938674733e-06, 6.143945938674733e-06, 6.143945938674733e-06, 6.143945938674733e-06], [6.143946393422084e-06, 6.143946393422084e-06, 0.9999567270278931, 6.143946393422084e-06, 6.143946393422084e-06, 6.143946393422084e-06, 6.143946393422084e-06, 6.143946393422084e-06], [6.143946393422084e-06, 6.143946393422084e-06, 6.143946393422084e-06, 0.9999567270278931, 6.143946393422084e-06, 6.143946393422084e-06, 6.143946393422084e-06, 6.143946393422084e-06], [6.143947302916786e-06, 6.143947302916786e-06, 6.143947302916786e-06, 6.143947302916786e-06, 0.9999568462371826, 6.143947302916786e-06, 6.143947302916786e-06, 6.143947302916786e-06], [6.143947302916786e-06, 6.143947302916786e-06, 6.143947302916786e-06, 6.143947302916786e-06, 6.143947302916786e-06, 0.9999568462371826, 6.143947302916786e-06, 6.143947302916786e-06], [6.1439482124114875e-06, 6.1439482124114875e-06, 6.1439482124114875e-06, 6.1439482124114875e-06, 6.1439482124114875e-06, 6.1439482124114875e-06, 0.9999569654464722, 6.1439482124114875e-06], [6.1439482124114875e-06, 6.1439482124114875e-06, 6.1439482124114875e-06, 6.1439482124114875e-06, 6.1439482124114875e-06, 6.1439482124114875e-06, 6.1439482124114875e-06, 0.9999569654464722]], "gate": 0.023363448679447174}
{"receiver_layer": 17, "sender_layers": [13], "layer_weights": [1.0], "head_mapping": [[0.9999566078186035, 6.143945938674733e-06, 6.143945938674733e-06, 6.143945938674733e-06, 6.143945938674733e-06, 6.143945938674733e-06, 6.143945938674733e-06, 6.143945938674733e-06], [6.143945938674733e-06, 0.9999566078186035, 6.143945938674733e-06, 6.143945938674733e-06, 6.143945938674733e-06, 6.143945938674733e-06, 6.143945938674733e-06, 6.143945938674733e-06], [6.143946393422084e-06, 6.143946393422084e-06, 0.9999567270278931, 6.143946393422084e-06, 6.143946393422084e-06, 6.143946393422084e-06, 6.143946393422084e-06, 6.143946393422084e-06], [6.143946393422084e-06, 6.143946393422084e-06, 6.143946393422084e-06, 0.9999567270278931, 6.143946393422084e-06, 6.143946393422084e-06, 6.143946393422084e-06, 6.143946393422084e-06], [6.143947302916786e-06, 6.143947302916786e-06, 6.143947302916786e-06, 6.143947302916786e-06, 0.9999568462371826, 6.143947302916786e-06, 6.143947302916786e-06, 6.143947302916786e-06], [6.143947302916786e-06, 6.143947302916786e-06, 6.143947302916786e-06, 6.143947302916786e-06, 6.143947302916786e-06, 0.9999568462371826, 6.143947302916786e-06, 6.143947302916786e-06], [6.1439482124114875e-06, 6.1439482124114875e-06, 6.1439482124114875e-06, 6.1439482124114875e-06, 6.1439482124114875e-06, 6.1439482124114875e-06, 0.9999569654464722, 6.1439482124114875e-06], [6.1439482124114875e-06, 6.1439482124114875e-06, 6.1439482124114875e-06, 6.1439482124114875e-06, 6.1439482124114875e-06, 6.1439482124114875e-06, 6.1439482124114875e-06, 0.9999569654464722]], "gate": 0.02918551303446293}
{"receiver_layer": 18, "sender_layers": [14], "layer_weights": [1.0], "head_mapping": [[0.9999566078186035, 6.143945938674733e-06, 6.143945938674733e-06, 6.143945938674733e-06, 6.143945938674733e-06, 6.143945938674733e-06, 6.143945938674733e-06, 6.143945938674733e-06], [6.143945938674733e-06, 0.9999566078186035, 6.143945938674733e-06, 6.143945938674733e-06, 6.143945938674733e-06, 6.143945938674733e-06, 6.143945938674733e-06, 6.143945938674733e-06], [6.143946393422084e-06, 6.143946393422084e-06, 0.9999567270278931, 6.143946393422084e-06, 6.143946393422084e-06, 6.143946393422084e-06, 6.143946393422084e-06, 6.143946393422084e-06], [6.143946393422084e-06, 6.143946393422084e-06, 6.143946393422084e-06, 0.9999567270278931, 6.143946393422084e-06, 6.143946393422084e-06, 6.143946393422084e-06, 6.143946393422084e-06], [6.143947302916786e-06, 6.143947302916786e-06, 6.143947302916786e-06, 6.143947302916786e-06, 0.9999568462371826, 6.143947302916786e-06, 6.143947302916786e-06, 6.143947302916786e-06], [6.143947302916786e-06, 6.143947302916786e-06, 6.143947302916786e-06, 6.143947302916786e-06, 6.143947302916786e-06, 0.9999568462371826, 6.143947302916786e-06, 6.143947302916786e-06], [6.1439482124114875e-06, 6.1439482124114875e-06, 6.1439482124114875e-06, 6.1439482124114875e-06, 6.1439482124114875e-06, 6.1439482124114875e-06, 0.9999569654464722, 6.1439482124114875e-06], [6.1439482124114875e-06, 6.1439482124114875e-06, 6.1439482124114875e-06, 6.1439482124114875e-06, 6.1439482124114875e-06, 6.1439482124114875e-06, 6.1439482124114875e-06, 0.9999569654464722]], "gate": 0.02501431666314602}
{"receiver_layer": 19, "sender_layers": [15], "layer_weights": [1.0], "head_mapping": [[0.9999566078186035, 6.143945938674733e-06, 6.143945938674733e-06, 6.143945938674733e-06, 6.143945938674733e-06, 6.143945938674733e-06, 6.143945938674733e-06, 6.143945938674733e-06], [6.143945938674733e-06, 0.9999566078186035, 6.143945938674733e-06, 6.143945938674733e-06, 6.143945938674733e-06, 6.143945938674733e-06, 6.143945938674733e-06, 6.143945938674733e-06], [6.143946393422084e-06, 6.143946393422084e-06, 0.9999567270278931, 6.143946393422084e-06, 6.143946393422084e-06, 6.143946393422084e-06, 6.143946393422084e-06, 6.143946393422084e-06], [6.143946393422084e-06, 6.143946393422084e-06, 6.143946393422084e-06, 0.9999567270278931, 6.143946393422084e-06, 6.143946393422084e-06, 6.143946393422084e-06, 6.143946393422084e-06], [6.143947302916786e-06, 6.143947302916786e-06, 6.143947302916786e-06, 6.143947302916786e-06, 0.9999568462371826, 6.143947302916786e-06, 6.143947302916786e-06, 6.143947302916786e-06], [6.143947302916786e-06, 6.143947302916786e-06, 6.143947302916786e-06, 6.143947302916786e-06, 6.143947302916786e-06, 0.9999568462371826, 6.143947302916786e-06, 6.143947302916786e-06], [6.1439482124114875e-06, 6.1439482124114875e-06, 6.1439482124114875e-06, 6.1439482124114875e-06, 6.1439482124114875e-06, 6.1439482124114875e-06, 0.9999569654464722, 6.1439482124114875e-06], [6.1439482124114875e-06, 6.1439482124114875e-06, 6.1439482124114875e-06, 6.1439482124114875e-06, 6.1439482124114875e-06, 6.1439482124114875e-06, 6.1439482124114875e-06, 0.9999569654464722]], "gate": 0.024244729429483414}
{"receiver_layer": 20, "sender_layers": [15], "layer_weights": [1.0], "head_mapping": [[0.9999566078186035, 6.143945938674733e-06, 6.143945938674733e-06, 6.143945938674733e-06, 6.143945938674733e-06, 6.143945938674733e-06, 6.143945938674733e-06, 6.143945938674733e-06], [6.143945938674733e-06, 0.9999566078186035, 6.143945938674733e-06, 6.143945938674733e-06, 6.143945938674733e-06, 6.143945938674733e-06, 6.143945938674733e-06, 6.143945938674733e-06], [6.143946393422084e-06, 6.143946393422084e-06, 0.9999567270278931, 6.143946393422084e-06, 6.143946393422084e-06, 6.143946393422084e-06, 6.143946393422084e-06, 6.143946393422084e-06], [6.143946393422084e-06, 6.143946393422084e-06, 6.143946393422084e-06, 0.9999567270278931, 6.143946393422084e-06, 6.143946393422084e-06, 6.143946393422084e-06, 6.143946393422084e-06], [6.143947302916786e-06, 6.143947302916786e-06, 6.143947302916786e-06, 6.143947302916786e-06, 0.9999568462371826, 6.143947302916786e-06, 6.143947302916786e-06, 6.143947302916786e-06], [6.143947302916786e-06, 6.143947302916786e-06, 6.143947302916786e-06, 6.143947302916786e-06, 6.143947302916786e-06, 0.9999568462371826, 6.143947302916786e-06, 6.143947302916786e-06], [6.1439482124114875e-06, 6.1439482124114875e-06, 6.1439482124114875e-06, 6.1439482124114875e-06, 6.1439482124114875e-06, 6.1439482124114875e-06, 0.9999569654464722, 6.1439482124114875e-06], [6.1439482124114875e-06, 6.1439482124114875e-06, 6.1439482124114875e-06, 6.1439482124114875e-06, 6.1439482124114875e-06, 6.1439482124114875e-06, 6.1439482124114875e-06, 0.9999569654464722]], "gate": 0.025153987109661102}
{"receiver_layer": 21, "sender_layers": [16], "layer_weights": [1.0], "head_mapping": [[0.9999566078186035, 6.143945938674733e-06, 6.143945938674733e-06, 6.143945938674733e-06, 6.143945938674733e-06, 6.143945938674733e-06, 6.143945938674733e-06, 6.143945938674733e-06], [6.143945938674733e-06, 0.9999566078186035, 6.143945938674733e-06, 6.143945938674733e-06, 6.143945938674733e-06, 6.143945938674733e-06, 6.143945938674733e-06, 6.143945938674733e-06], [6.143946393422084e-06, 6.143946393422084e-06, 0.9999567270278931, 6.143946393422084e-06, 6.143946393422084e-06, 6.143946393422084e-06, 6.143946393422084e-06, 6.143946393422084e-06], [6.143946393422084e-06, 6.143946393422084e-06, 6.143946393422084e-06, 0.9999567270278931, 6.143946393422084e-06, 6.143946393422084e-06, 6.143946393422084e-06, 6.143946393422084e-06], [6.143947302916786e-06, 6.143947302916786e-06, 6.143947302916786e-06, 6.143947302916786e-06, 0.9999568462371826, 6.143947302916786e-06, 6.143947302916786e-06, 6.143947302916786e-06], [6.143947302916786e-06, 6.143947302916786e-06, 6.143947302916786e-06, 6.143947302916786e-06, 6.143947302916786e-06, 0.9999568462371826, 6.143947302916786e-06, 6.143947302916786e-06], [6.1439482124114875e-06, 6.1439482124114875e-06, 6.1439482124114875e-06, 6.1439482124114875e-06, 6.1439482124114875e-06, 6.1439482124114875e-06, 0.9999569654464722, 6.1439482124114875e-06], [6.1439482124114875e-06, 6.1439482124114875e-06, 6.1439482124114875e-06, 6.1439482124114875e-06, 6.1439482124114875e-06, 6.1439482124114875e-06, 6.1439482124114875e-06, 0.9999569654464722]], "gate": 0.02264183573424816}
{"receiver_layer": 22, "sender_layers": [17], "layer_weights": [1.0], "head_mapping": [[0.9999566078186035, 6.143945938674733e-06, 6.143945938674733e-06, 6.143945938674733e-06, 6.143945938674733e-06, 6.143945938674733e-06, 6.143945938674733e-06, 6.143945938674733e-06], [6.143945938674733e-06, 0.9999566078186035, 6.143945938674733e-06, 6.143945938674733e-06, 6.143945938674733e-06, 6.143945938674733e-06, 6.143945938674733e-06, 6.143945938674733e-06], [6.143946393422084e-06, 6.143946393422084e-06, 0.9999567270278931, 6.143946393422084e-06, 6.143946393422084e-06, 6.143946393422084e-06, 6.143946393422084e-06, 6.143946393422084e-06], [6.143946393422084e-06, 6.143946393422084e-06, 6.143946393422084e-06, 0.9999567270278931, 6.143946393422084e-06, 6.143946393422084e-06, 6.143946393422084e-06, 6.143946393422084e-06], [6.143947302916786e-06, 6.143947302916786e-06, 6.143947302916786e-06, 6.143947302916786e-06, 0.9999568462371826, 6.143947302916786e-06, 6.143947302916786e-06, 6.143947302916786e-06], [6.143947302916786e-06, 6.143947302916786e-06, 6.143947302916786e-06, 6.143947302916786e-06, 6.143947302916786e-06, 0.9999568462371826, 6.143947302916786e-06, 6.143947302916786e-06], [6.1439482124114875e-06, 6.1439482124114875e-06, 6.1439482124114875e-06, 6.1439482124114875e-06, 6.1439482124114875e-06, 6.1439482124114875e-06, 0.9999569654464722, 6.1439482124114875e-06], [6.1439482124114875e-06, 6.1439482124114875e-06, 6.1439482124114875e-06, 6.1439482124114875e-06, 6.1439482124114875e-06, 6.1439482124114875e-06, 6.1439482124114875e-06, 0.9999569654464722]], "gate": 0.03019825369119644}
{"receiver_layer": 23, "sender_layers": [18], "layer_weights": [1.0], "head_mapping": [[0.9999566078186035, 6.143945938674733e-06, 6.143945938674733e-06, 6.143945938674733e-06, 6.143945938674733e-06, 6.143945938674733e-06, 6.143945938674733e-06, 6.143945938674733e-06], [6.143945938674733e-06, 0.9999566078186035, 6.143945938674733e-06, 6.143945938674733e-06, 6.143945938674733e-06, 6.143945938674733e-06, 6.143945938674733e-06, 6.143945938674733e-06], [6.143946393422084e-06, 6.143946393422084e-06, 0.9999567270278931, 6.143946393422084e-06, 6.143946393422084e-06, 6.143946393422084e-06, 6.143946393422084e-06, 6.143946393422084e-06], [6.143946393422084e-06, 6.143946393422084e-06, 6.143946393422084e-06, 0.9999567270278931, 6.143946393422084e-06, 6.143946393422084e-06, 6.143946393422084e-06, 6.143946393422084e-06], [6.143947302916786e-06, 6.143947302916786e-06, 6.143947302916786e-06, 6.143947302916786e-06, 0.9999568462371826, 6.143947302916786e-06, 6.143947302916786e-06, 6.143947302916786e-06], [6.143947302916786e-06, 6.143947302916786e-06, 6.143947302916786e-06, 6.143947302916786e-06, 6.143947302916786e-06, 0.9999568462371826, 6.143947302916786e-06, 6.143947302916786e-06], [6.1439482124114875e-06, 6.1439482124114875e-06, 6.1439482124114875e-06, 6.1439482124114875e-06, 6.1439482124114875e-06, 6.1439482124114875e-06, 0.9999569654464722, 6.1439482124114875e-06], [6.1439482124114875e-06, 6.1439482124114875e-06, 6.1439482124114875e-06, 6.1439482124114875e-06, 6.1439482124114875e-06, 6.1439482124114875e-06, 6.1439482124114875e-06, 0.9999569654464722]], "gate": 0.025830678641796112}
{"receiver_layer": 24, "sender_layers": [19], "layer_weights": [1.0], "head_mapping": [[0.9999566078186035, 6.143945938674733e-06, 6.143945938674733e-06, 6.143945938674733e-06, 6.143945938674733e-06, 6.143945938674733e-06, 6.143945938674733e-06, 6.143945938674733e-06], [6.143945938674733e-06, 0.9999566078186035, 6.143945938674733e-06, 6.143945938674733e-06, 6.143945938674733e-06, 6.143945938674733e-06, 6.143945938674733e-06, 6.143945938674733e-06], [6.143946393422084e-06, 6.143946393422084e-06, 0.9999567270278931, 6.143946393422084e-06, 6.143946393422084e-06, 6.143946393422084e-06, 6.143946393422084e-06, 6.143946393422084e-06], [6.143946393422084e-06, 6.143946393422084e-06, 6.143946393422084e-06, 0.9999567270278931, 6.143946393422084e-06, 6.143946393422084e-06, 6.143946393422084e-06, 6.143946393422084e-06], [6.143947302916786e-06, 6.143947302916786e-06, 6.143947302916786e-06, 6.143947302916786e-06, 0.9999568462371826, 6.143947302916786e-06, 6.143947302916786e-06, 6.143947302916786e-06], [6.143947302916786e-06, 6.143947302916786e-06, 6.143947302916786e-06, 6.143947302916786e-06, 6.143947302916786e-06, 0.9999568462371826, 6.143947302916786e-06, 6.143947302916786e-06], [6.1439482124114875e-06, 6.1439482124114875e-06, 6.1439482124114875e-06, 6.1439482124114875e-06, 6.1439482124114875e-06, 6.1439482124114875e-06, 0.9999569654464722, 6.1439482124114875e-06], [6.1439482124114875e-06, 6.1439482124114875e-06, 6.1439482124114875e-06, 6.1439482124114875e-06, 6.1439482124114875e-06, 6.1439482124114875e-06, 6.1439482124114875e-06, 0.9999569654464722]], "gate": 0.02793911285698414}
