{"receiver_layer": 0, "sender_layers": [0], "layer_weights": [1.0], "head_mapping": [[0.9999566078186035, 6.143945938674733e-06, 6.143945938674733e-06, 6.143945938674733e-06, 6.143945938674733e-06, 6.143945938674733e-06, 6.143945938674733e-06, 6.143945938674733e-06], [6.143945938674733e-06, 0.9999566078186035, 6.143945938674733e-06, 6.143945938674733e-06, 6.143945938674733e-06, 6.143945938674733e-06, 6.143945938674733e-06, 6.143945938674733e-06], [6.143946393422084e-06, 6.143946393422084e-06, 0.9999567270278931, 6.143946393422084e-06, 6.143946393422084e-06, 6.143946393422084e-06, 6.143946393422084e-06, 6.143946393422084e-06], [6.143946393422084e-06, 6.143946393422084e-06, 6.143946393422084e-06, 0.9999567270278931, 6.143946393422084e-06, 6.143946393422084e-06, 6.143946393422084e-06, 6.143946393422084e-06], [6.143947302916786e-06, 6.143947302916786e-06, 6.143947302916786e-06, 6.143947302916786e-06, 0.9999568462371826, 6.143947302916786e-06, 6.143947302916786e-06, 6.143947302916786e-06], [6.143947302916786e-06, 6.143947302916786e-06, 6.143947302916786e-06, 6.143947302916786e-06, 6.143947302916786e-06, 0.9999568462371826, 6.143947302916786e-06, 6.143947302916786e-06], [6.1439482124114875e-06, 6.1439482124114875e-06, 6.1439482124114875e-06, 6.1439482124114875e-06, 6.1439482124114875e-06, 6.1439482124114875e-06, 0.9999569654464722, 6.1439482124114875e-06], [6.1439482124114875e-06, 6.1439482124114875e-06, 6.1439482124114875e-06, 6.1439482124114875e-06, 6.1439482124114875e-06, 6.1439482124114875e-06, 6.1439482124114875e-06, 0.9999569654464722]], "gate": 0.022435730323195457}
{"receiver_layer": 1, "sender_layers": [1], "layer_weights": [1.0], "head_mapping": [[0.9999566078186035, 6.143945938674733e-06, 6.143945938674733e-06, 6.143945938674733e-06, 6.143945938674733e-06, 6.143945938674733e-06, 6.143945938674733e-06, 6.143945938674733e-06], [6.143945938674733e-06, 0.9999566078186035, 6.143945938674733e-06, 6.143945938674733e-06, 6.143945938674733e-06, 6.143945938674733e-06, 6.143945938674733e-06, 6.143945938674733e-06], [6.143946393422084e-06, 6.143946393422084e-06, 0.9999567270278931, 6.143946393422084e-06, 6.143946393422084e-06, 6.143946393422084e-06, 6.143946393422084e-06, 6.143946393422084e-06], [6.143946393422084e-06, 6.143946393422084e-06, 6.143946393422084e-06, 0.9999567270278931, 6.143946393422084e-06, 6.143946393422084e-06, 6.143946393422084e-06, 6.143946393422084e-06], [6.143947302916786e-06, 6.143947302916786e-06, 6.143947302916786e-06, 6.143947302916786e-06, 0.9999568462371826, 6.143947302916786e-06, 6.143947302916786e-06, 6.143947302916786e-06], [6.143947302916786e-06, 6.143947302916786e-06, 6.143947302916786e-06, 6.143947302916786e-06, 6.143947302916786e-06, 0.9999568462371826, 6.143947302916786e-06, 6.143947302916786e-06], [6.1439482124114875e-06, 6.1439482124114875e-06, 6.1439482124114875e-06, 6.1439482124114875e-06, 6.1439482124114875e-06, 6.1439482124114875e-06, 0.9999569654464722, 6.1439482124114875e-06], [6.1439482124114875e-06, 6.1439482124114875e-06, 6.1439482124114875e-06, 6.1439482124114875e-06, 6.1439482124114875e-06, 6.1439482124114875e-06, 6.1439482124114875e-06, 0.9999569654464722]], "gate": 0.021816186606884003}
{"receiver_layer": 2, "sender_layers": [2], "layer_weights": [1.0], "head_mapping": [[0.9999566078186035, 6.143945938674733e-06, 6.143945938674733e-06, 6.143945938674733e-06, 6.143945938674733e-06, 6.143945938674733e-06, 6.143945938674733e-06, 6.143945938674733e-06], [6.143945938674733e-06, 0.9999566078186035, 6.143945938674733e-06, 6.143945938674733e-06, 6.143945938674733e-06, 6.143945938674733e-06, 6.143945938674733e-06, 6.143945938674733e-06], [6.143946393422084e-06, 6.143946393422084e-06, 0.9999567270278931, 6.143946393422084e-06, 6.143946393422084e-06, 6.143946393422084e-06, 6.143946393422084e-06, 6.143946393422084e-06], [6.143946393422084e-06, 6.143946393422084e-06, 6.143946393422084e-06, 0.9999567270278931, 6.143946393422084e-06, 6.143946393422084e-06, 6.143946393422084e-06, 6.143946393422084e-06], [6.143947302916786e-06, 6.143947302916786e-06, 6.143947302916786e-06, 6.143947302916786e-06, 0.9999568462371826, 6.143947302916786e-06, 6.143947302916786e-06, 6.143947302916786e-06], [6.143947302916786e-06, 6.143947302916786e-06, 6.143947302916786e-06, 6.143947302916786e-06, 6.143947302916786e-06, 0.9999568462371826, 6.143947302916786e-06, 6.143947302916786e-06], [6.1439482124114875e-06, 6.1439482124114875e-06, 6.1439482124114875e-06, 6.1439482124114875e-06, 6.1439482124114875e-06, 6.1439482124114875e-06, 0.9999569654464722, 6.1439482124114875e-06], [6.1439482124114875e-06, 6.1439482124114875e-06, 6.1439482124114875e-06, 6.1439482124114875e-06, 6.1439482124114875e-06, 6.1439482124114875e-06, 6.1439482124114875e-06, 0.9999569654464722]], "gate": 0.021752633154392242}
{"receiver_layer": 3, "sender_layers": [2], "layer_weights": [1.0], "head_mapping": [[0.9999566078186035, 6.143945938674733e-06, 6.143945938674733e-06, 6.143945938674733e-06, 6.143945938674733e-06, 6.143945938674733e-06, 6.143945938674733e-06, 6.143945938674733e-06], [6.143945938674733e-06, 0.9999566078186035, 6.143945938674733e-06, 6.143945938674733e-06, 6.143945938674733e-06, 6.143945938674733e-06, 6.143945938674733e-06, 6.143945938674733e-06], [6.143946393422084e-06, 6.143946393422084e-06, 0.9999567270278931, 6.143946393422084e-06, 6.143946393422084e-06, 6.143946393422084e-06, 6.143946393422084e-06, 6.143946393422084e-06], [6.143946393422084e-06, 6.143946393422084e-06, 6.143946393422084e-06, 0.9999567270278931, 6.143946393422084e-06, 6.143946393422084e-06, 6.143946393422084e-06, 6.143946393422084e-06], [6.143947302916786e-06, 6.143947302916786e-06, 6.143947302916786e-06, 6.143947302916786e-06, 0.9999568462371826, 6.143947302916786e-06, 6.143947302916786e-06, 6.143947302916786e-06], [6.143947302916786e-06, 6.143947302916786e-06, 6.143947302916786e-06, 6.143947302916786e-06, 6.143947302916786e-06, 0.9999568462371826, 6.143947302916786e-06, 6.143947302916786e-06], [6.1439482124114875e-06, 6.1439482124114875e-06, 6.1439482124114875e-06, 6.1439482124114875e-06, 6.1439482124114875e-06, 6.1439482124114875e-06, 0.9999569654464722, 6.1439482124114875e-06], [6.1439482124114875e-06, 6.1439482124114875e-06, 6.1439482124114875e-06, 6.1439482124114875e-06, 6.1439482124114875e-06, 6.1439482124114875e-06, 6.1439482124114875e-06, 0.9999569654464722]], "gate": 0.022749319672584534}
{"receiver_layer": 4, "sender_layers": [3], "layer_weights": [1.0], "head_mapping": [[0.9999566078186035, 6.143945938674733e-06, 6.143945938674733e-06, 6.143945938674733e-06, 6.143945938674733e-06, 6.143945938674733e-06, 6.143945938674733e-06, 6.143945938674733e-06], [6.143945938674733e-06, 0.9999566078186035, 6.143945938674733e-06, 6.143945938674733e-06, 6.143945938674733e-06, 6.143945938674733e-06, 6.143945938674733e-06, 6.143945938674733e-06], [6.143946393422084e-06, 6.143946393422084e-06, 0.9999567270278931, 6.143946393422084e-06, 6.143946393422084e-06, 6.143946393422084e-06, 6.143946393422084e-06, 6.143946393422084e-06], [6.143946393422084e-06, 6.143946393422084e-06, 6.143946393422084e-06, 0.9999567270278931, 6.143946393422084e-06, 6.143946393422084e-06, 6.143946393422084e-06, 6.143946393422084e-06], [6.143947302916786e-06, 6.143947302916786e-06, 6.143947302916786e-06, 6.143947302916786e-06, 0.9999568462371826, 6.143947302916786e-06, 6.143947302916786e-06, 6.143947302916786e-06], [6.143947302916786e-06, 6.143947302916786e-06, 6.143947302916786e-06, 6.143947302916786e-06, 6.143947302916786e-06, 0.9999568462371826, 6.143947302916786e-06, 6.143947302916786e-06], [6.1439482124114875e-06, 6.1439482124114875e-06, 6.1439482124114875e-06, 6.1439482124114875e-06, 6.1439482124114875e-06, 6.1439482124114875e-06, 0.9999569654464722, 6.1439482124114875e-06], [6.1439482124114875e-06, 6.1439482124114875e-06, 6.1439482124114875e-06, 6.1439482124114875e-06, 6.1439482124114875e-06, 6.1439482124114875e-06, 6.1439482124114875e-06, 0.9999569654464722]], "gate": 0.023850884288549423}
{"receiver_layer": 5, "sender_layers": [4], "layer_weights": [1.0], "head_mapping": [[0.9999566078186035, 6.143945938674733e-06, 6.143945938674733e-06, 6.143945938674733e-06, 6.143945938674733e-06, 6.143945938674733e-06, 6.143945938674733e-06, 6.143945938674733e-06], [6.143945938674733e-06, 0.9999566078186035, 6.143945938674733e-06, 6.143945938674733e-06, 6.143945938674733e-06, 6.143945938674733e-06, 6.143945938674733e-06, 6.143945938674733e-06], [6.143946393422084e-06, 6.143946393422084e-06, 0.9999567270278931, 6.143946393422084e-06, 6.143946393422084e-06, 6.143946393422084e-06, 6.143946393422084e-06, 6.143946393422084e-06], [6.143946393422084e-06, 6.143946393422084e-06, 6.143946393422084e-06, 0.9999567270278931, 6.143946393422084e-06, 6.143946393422084e-06, 6.143946393422084e-06, 6.143946393422084e-06], [6.143947302916786e-06, 6.143947302916786e-06, 6.143947302916786e-06, 6.143947302916786e-06, 0.9999568462371826, 6.143947302916786e-06, 6.143947302916786e-06, 6.143947302916786e-06], [6.143947302916786e-06, 6.143947302916786e-06, 6.143947302916786e-06, 6.143947302916786e-06, 6.143947302916786e-06, 0.9999568462371826, 6.143947302916786e-06, 6.143947302916786e-06], [6.1439482124114875e-06, 6.1439482124114875e-06, 6.1439482124114875e-06, 6.1439482124114875e-06, 6.1439482124114875e-06, 6.1439482124114875e-06, 0.9999569654464722, 6.1439482124114875e-06], [6.1439482124114875e-06, 6.1439482124114875e-06, 6.1439482124114875e-06, 6.1439482124114875e-06, 6.1439482124114875e-06, 6.1439482124114875e-06, 6.1439482124114875e-06, 0.9999569654464722]], "gate": 0.022531189024448395}
{"receiver_layer": 6, "sender_layers": [5], "layer_weights": [1.0], "head_mapping": [[0.9999566078186035, 6.143945938674733e-06, 6.143945938674733e-06, 6.143945938674733e-06, 6.143945938674733e-06, 6.143945938674733e-06, 6.143945938674733e-06, 6.143945938674733e-06], [6.143945938674733e-06, 0.9999566078186035, 6.143945938674733e-06, 6.143945938674733e-06, 6.143945938674733e-06, 6.143945938674733e-06, 6.143945938674733e-06, 6.143945938674733e-06], [6.143946393422084e-06, 6.143946393422084e-06, 0.9999567270278931, 6.143946393422084e-06, 6.143946393422084e-06, 6.143946393422084e-06, 6.143946393422084e-06, 6.143946393422084e-06], [6.143946393422084e-06, 6.143946393422084e-06, 6.143946393422084e-06, 0.9999567270278931, 6.143946393422084e-06, 6.143946393422084e-06, 6.143946393422084e-06, 6.143946393422084e-06], [6.143947302916786e-06, 6.143947302916786e-06, 6.143947302916786e-06, 6.143947302916786e-06, 0.9999568462371826, 6.143947302916786e-06, 6.143947302916786e-06, 6.143947302916786e-06], [6.143947302916786e-06, 6.143947302916786e-06, 6.143947302916786e-06, 6.143947302916786e-06, 6.143947302916786e-06, 0.9999568462371826, 6.143947302916786e-06, 6.143947302916786e-06], [6.1439482124114875e-06, 6.1439482124114875e-06, 6.1439482124114875e-06, 6.1439482124114875e-06, 6.1439482124114875e-06, 6.1439482124114875e-06, 0.9999569654464722, 6.1439482124114875e-06], [6.1439482124114875e-06, 6.1439482124114875e-06, 6.1439482124114875e-06, 6.1439482124114875e-06, 6.1439482124114875e-06, 6.1439482124114875e-06, 6.1439482124114875e-06, 0.9999569654464722]], "gate": 0.022832637652754784}
{"receiver_layer": 7, "sender_layers": [5], "layer_weights": [1.0], "head_mapping": [[0.9999566078186035, 6.143945938674733e-06, 6.143945938674733e-06, 6.143945938674733e-06, 6.143945938674733e-06, 6.143945938674733e-06, 6.143945938674733e-06, 6.143945938674733e-06], [6.143945938674733e-06, 0.9999566078186035, 6.143945938674733e-06, 6.143945938674733e-06, 6.143945938674733e-06, 6.143945938674733e-06, 6.143945938674733e-06, 6.143945938674733e-06], [6.143946393422084e-06, 6.143946393422084e-06, 0.9999567270278931, 6.143946393422084e-06, 6.143946393422084e-06, 6.143946393422084e-06, 6.143946393422084e-06, 6.143946393422084e-06], [6.143946393422084e-06, 6.143946393422084e-06, 6.143946393422084e-06, 0.9999567270278931, 6.143946393422084e-06, 6.143946393422084e-06, 6.143946393422084e-06, 6.143946393422084e-06], [6.143947302916786e-06, 6.143947302916786e-06, 6.143947302916786e-06, 6.143947302916786e-06, 0.9999568462371826, 6.143947302916786e-06, 6.143947302916786e-06, 6.143947302916786e-06], [6.143947302916786e-06, 6.143947302916786e-06, 6.143947302916786e-06, 6.143947302916786e-06, 6.143947302916786e-06, 0.9999568462371826, 6.143947302916786e-06, 6.143947302916786e-06], [6.1439482124114875e-06, 6.1439482124114875e-06, 6.1439482124114875e-06, 6.1439482124114875e-06, 6.1439482124114875e-06, 6.1439482124114875e-06, 0.9999569654464722, 6.1439482124114875e-06], [6.1439482124114875e-06, 6.1439482124114875e-06, 6.1439482124114875e-06, 6.1439482124114875e-06, 6.1439482124114875e-06, 6.1439482124114875e-06, 6.1439482124114875e-06, 0.9999569654464722]], "gate": 0.0229287538677454}
{"receiver_layer": 8, "sender_layers": [6], "layer_weights": [1.0], "head_mapping": [[0.9999566078186035, 6.143945938674733e-06, 6.143945938674733e-06, 6.143945938674733e-06, 6.143945938674733e-06, 6.143945938674733e-06, 6.143945938674733e-06, 6.143945938674733e-06], [6.143945938674733e-06, 0.9999566078186035, 6.143945938674733e-06, 6.143945938674733e-06, 6.143945938674733e-06, 6.143945938674733e-06, 6.143945938674733e-06, 6.143945938674733e-06], [6.143946393422084e-06, 6.143946393422084e-06, 0.9999567270278931, 6.143946393422084e-06, 6.143946393422084e-06, 6.143946393422084e-06, 6.143946393422084e-06, 6.143946393422084e-06], [6.143946393422084e-06, 6.143946393422084e-06, 6.143946393422084e-06, 0.9999567270278931, 6.143946393422084e-06, 6.143946393422084e-06, 6.143946393422084e-06, 6.143946393422084e-06], [6.143947302916786e-06, 6.143947302916786e-06, 6.143947302916786e-06, 6.143947302916786e-06, 0.9999568462371826, 6.143947302916786e-06, 6.143947302916786e-06, 6.143947302916786e-06], [6.143947302916786e-06, 6.143947302916786e-06, 6.143947302916786e-06, 6.143947302916786e-06, 6.143947302916786e-06, 0.9999568462371826, 6.143947302916786e-06, 6.143947302916786e-06], [6.1439482124114875e-06, 6.1439482124114875e-06, 6.1439482124114875e-06, 6.1439482124114875e-06, 6.1439482124114875e-06, 6.1439482124114875e-06, 0.9999569654464722, 6.1439482124114875e-06], [6.1439482124114875e-06, 6.1439482124114875e-06, 6.1439482124114875e-06, 6.1439482124114875e-06, 6.1439482124114875e-06, 6.1439482124114875e-06, 6.1439482124114875e-06, 0.9999569654464722]], "gate": 0.023505447432398796}
{"receiver_layer": 9, "sender_layers": [7], "layer_weights": [1.0], "head_mapping": [[0.9999566078186035, 6.143945938674733e-06, 6.143945938674733e-06, 6.143945938674733e-06, 6.143945938674733e-06, 6.143945938674733e-06, 6.143945938674733e-06, 6.143945938674733e-06], [6.143945938674733e-06, 0.9999566078186035, 6.143945938674733e-06, 6.143945938674733e-06, 6.143945938674733e-06, 6.143945938674733e-06, 6.143945938674733e-06, 6.143945938674733e-06], [6.143946393422084e-06, 6.143946393422084e-06, 0.9999567270278931, 6.143946393422084e-06, 6.143946393422084e-06, 6.143946393422084e-06, 6.143946393422084e-06, 6.143946393422084e-06], [6.143946393422084e-06, 6.143946393422084e-06, 6.143946393422084e-06, 0.9999567270278931, 6.143946393422084e-06, 6.143946393422084e-06, 6.143946393422084e-06, 6.143946393422084e-06], [6.143947302916786e-06, 6.143947302916786e-06, 6.143947302916786e-06, 6.143947302916786e-06, 0.9999568462371826, 6.143947302916786e-06, 6.143947302916786e-06, 6.143947302916786e-06], [6.143947302916786e-06, 6.143947302916786e-06, 6.143947302916786e-06, 6.143947302916786e-06, 6.143947302916786e-06, 0.9999568462371826, 6.143947302916786e-06, 6.143947302916786e-06], [6.1439482124114875e-06, 6.1439482124114875e-06, 6.1439482124114875e-06, 6.1439482124114875e-06, 6.1439482124114875e-06, 6.1439482124114875e-06, 0.9999569654464722, 6.1439482124114875e-06], [6.1439482124114875e-06, 6.1439482124114875e-06, 6.1439482124114875e-06, 6.1439482124114875e-06, 6.1439482124114875e-06, 6.1439482124114875e-06, 6.1439482124114875e-06, 0.9999569654464722]], "gate": 0.022726165130734444}
{"receiver_layer": 10, "sender_layers": [8], "layer_weights": [1.0], "head_mapping": [[0.9999566078186035, 6.143945938674733e-06, 6.143945938674733e-06, 6.143945938674733e-06, 6.143945938674733e-06, 6.143945938674733e-06, 6.143945938674733e-06, 6.143945938674733e-06], [6.143945938674733e-06, 0.9999566078186035, 6.143945938674733e-06, 6.143945938674733e-06, 6.143945938674733e-06, 6.143945938674733e-06, 6.143945938674733e-06, 6.143945938674733e-06], [6.143946393422084e-06, 6.143946393422084e-06, 0.9999567270278931, 6.143946393422084e-06, 6.143946393422084e-06, 6.143946393422084e-06, 6.143946393422084e-06, 6.143946393422084e-06], [6.143946393422084e-06, 6.143946393422084e-06, 6.143946393422084e-06, 0.9999567270278931, 6.143946393422084e-06, 6.143946393422084e-06, 6.143946393422084e-06, 6.143946393422084e-06], [6.143947302916786e-06, 6.143947302916786e-06, 6.143947302916786e-06, 6.143947302916786e-06, 0.9999568462371826, 6.143947302916786e-06, 6.143947302916786e-06, 6.143947302916786e-06], [6.143947302916786e-06, 6.143947302916786e-06, 6.143947302916786e-06, 6.143947302916786e-06, 6.143947302916786e-06, 0.9999568462371826, 6.143947302916786e-06, 6.143947302916786e-06], [6.1439482124114875e-06, 6.1439482124114875e-06, 6.1439482124114875e-06, 6.1439482124114875e-06, 6.1439482124114875e-06, 6.1439482124114875e-06, 0.9999569654464722, 6.1439482124114875e-06], [6.1439482124114875e-06, 6.1439482124114875e-06, 6.1439482124114875e-06, 6.1439482124114875e-06, 6.1439482124114875e-06, 6.1439482124114875e-06, 6.1439482124114875e-06, 0.9999569654464722]], "gate": 0.021778475493192673}
{"receiver_layer": 11, "sender_layers": [8], "layer_weights": [1.0], "head_mapping": [[0.9999566078186035, 6.143945938674733e-06, 6.143945938674733e-06, 6.143945938674733e-06, 6.143945938674733e-06, 6.143945938674733e-06, 6.143945938674733e-06, 6.143945938674733e-06], [6.143945938674733e-06, 0.9999566078186035, 6.143945938674733e-06, 6.143945938674733e-06, 6.143945938674733e-06, 6.143945938674733e-06, 6.143945938674733e-06, 6.143945938674733e-06], [6.143946393422084e-06, 6.143946393422084e-06, 0.9999567270278931, 6.143946393422084e-06, 6.143946393422084e-06, 6.143946393422084e-06, 6.143946393422084e-06, 6.143946393422084e-06], [6.143946393422084e-06, 6.143946393422084e-06, 6.143946393422084e-06, 0.9999567270278931, 6.143946393422084e-06, 6.143946393422084e-06, 6.143946393422084e-06, 6.143946393422084e-06], [6.143947302916786e-06, 6.143947302916786e-06, 6.143947302916786e-06, 6.143947302916786e-06, 0.9999568462371826, 6.143947302916786e-06, 6.143947302916786e-06, 6.143947302916786e-06], [6.143947302916786e-06, 6.143947302916786e-06, 6.143947302916786e-06, 6.143947302916786e-06, 6.143947302916786e-06, 0.9999568462371826, 6.143947302916786e-06, 6.143947302916786e-06], [6.1439482124114875e-06, 6.1439482124114875e-06, 6.1439482124114875e-06, 6.1439482124114875e-06, 6.1439482124114875e-06, 6.1439482124114875e-06, 0.9999569654464722, 6.1439482124114875e-06], [6.1439482124114875e-06, 6.1439482124114875e-06, 6.1439482124114875e-06, 6.1439482124114875e-06, 6.1439482124114875e-06, 6.1439482124114875e-06, 6.1439482124114875e-06, 0.9999569654464722]], "gate": 0.021303165704011917}
{"receiver_layer": 12, "sender_layers": [9], "layer_weights": [1.0], "head_mapping": [[0.9999566078186035, 6.143945938674733e-06, 6.143945938674733e-06, 6.143945938674733e-06, 6.143945938674733e-06, 6.143945938674733e-06, 6.143945938674733e-06, 6.143945938674733e-06], [6.143945938674733e-06, 0.9999566078186035, 6.143945938674733e-06, 6.143945938674733e-06, 6.143945938674733e-06, 6.143945938674733e-06, 6.143945938674733e-06, 6.143945938674733e-06], [6.143946393422084e-06, 6.143946393422084e-06, 0.9999567270278931, 6.143946393422084e-06, 6.143946393422084e-06, 6.143946393422084e-06, 6.143946393422084e-06, 6.143946393422084e-06], [6.143946393422084e-06, 6.143946393422084e-06, 6.143946393422084e-06, 0.9999567270278931, 6.143946393422084e-06, 6.143946393422084e-06, 6.143946393422084e-06, 6.143946393422084e-06], [6.143947302916786e-06, 6.143947302916786e-06, 6.143947302916786e-06, 6.143947302916786e-06, 0.9999568462371826, 6.143947302916786e-06, 6.143947302916786e-06, 6.143947302916786e-06], [6.143947302916786e-06, 6.143947302916786e-06, 6.143947302916786e-06, 6.143947302916786e-06, 6.143947302916786e-06, 0.9999568462371826, 6.143947302916786e-06, 6.143947302916786e-06], [6.1439482124114875e-06, 6.1439482124114875e-06, 6.1439482124114875e-06, 6.1439482124114875e-06, 6.1439482124114875e-06, 6.1439482124114875e-06, 0.9999569654464722, 6.1439482124114875e-06], [6.1439482124114875e-06, 6.1439482124114875e-06, 6.1439482124114875e-06, 6.1439482124114875e-06, 6.1439482124114875e-06, 6.1439482124114875e-06, 6.1439482124114875e-06, 0.9999569654464722]], "gate": 0.023230651393532753}
{"receiver_layer": 13, "sender_layers": [10], "layer_weights": [1.0], "head_mapping": [[0.9999566078186035, 6.143945938674733e-06, 6.143945938674733e-06, 6.143945938674733e-06, 6.143945938674733e-06, 6.143945938674733e-06, 6.143945938674733e-06, 6.143945938674733e-06], [6.143945938674733e-06, 0.9999566078186035, 6.143945938674733e-06, 6.143945938674733e-06, 6.143945938674733e-06, 6.143945938674733e-06, 6.143945938674733e-06, 6.143945938674733e-06], [6.143946393422084e-06, 6.143946393422084e-06, 0.9999567270278931, 6.143946393422084e-06, 6.143946393422084e-06, 6.143946393422084e-06, 6.143946393422084e-06, 6.143946393422084e-06], [6.143946393422084e-06, 6.143946393422084e-06, 6.143946393422084e-06, 0.9999567270278931, 6.143946393422084e-06, 6.143946393422084e-06, 6.143946393422084e-06, 6.143946393422084e-06], [6.143947302916786e-06, 6.143947302916786e-06, 6.143947302916786e-06, 6.143947302916786e-06, 0.9999568462371826, 6.143947302916786e-06, 6.143947302916786e-06, 6.143947302916786e-06], [6.143947302916786e-06, 6.143947302916786e-06, 6.143947302916786e-06, 6.143947302916786e-06, 6.143947302916786e-06, 0.9999568462371826, 6.143947302916786e-06, 6.143947302916786e-06], [6.1439482124114875e-06, 6.1439482124114875e-06, 6.1439482124114875e-06, 6.1439482124114875e-06, 6.1439482124114875e-06, 6.1439482124114875e-06, 0.9999569654464722, 6.1439482124114875e-06], [6.1439482124114875e-06, 6.1439482124114875e-06, 6.1439482124114875e-06, 6.1439482124114875e-06, 6.1439482124114875e-06, 6.1439482124114875e-06, 6.1439482124114875e-06, 0.9999569654464722]], "gate": 0.022032486274838448}
{"receiver_layer": 14, "sender_layers": [11], "layer_weights": [1.0], "head_mapping": [[0.9999566078186035, 6.143945938674733e-06, 6.143945938674733e-06, 6.143945938674733e-06, 6.143945938674733e-06, 6.143945938674733e-06, 6.143945938674733e-06, 6.143945938674733e-06], [6.143945938674733e-06, 0.9999566078186035, 6.143945938674733e-06, 6.143945938674733e-06, 6.143945938674733e-06, 6.143945938674733e-06, 6.143945938674733e-06, 6.143945938674733e-06], [6.143946393422084e-06, 6.143946393422084e-06, 0.9999567270278931, 6.143946393422084e-06, 6.143946393422084e-06, 6.143946393422084e-06, 6.143946393422084e-06, 6.143946393422084e-06], [6.143946393422084e-06, 6.143946393422084e-06, 6.143946393422084e-06, 0.9999567270278931, 6.143946393422084e-06, 6.143946393422084e-06, 6.143946393422084e-06, 6.143946393422084e-06], [6.143947302916786e-06, 6.143947302916786e-06, 6.143947302916786e-06, 6.143947302916786e-06, 0.9999568462371826, 6.143947302916786e-06, 6.143947302916786e-06, 6.143947302916786e-06], [6.143947302916786e-06, 6.143947302916786e-06, 6.143947302916786e-06, 6.143947302916786e-06, 6.143947302916786e-06, 0.9999568462371826, 6.143947302916786e-06, 6.143947302916786e-06], [6.1439482124114875e-06, 6.1439482124114875e-06, 6.1439482124114875e-06, 6.1439482124114875e-06, 6.1439482124114875e-06, 6.1439482124114875e-06, 0.9999569654464722, 6.1439482124114875e-06], [6.1439482124114875e-06, 6.1439482124114875e-06, 6.1439482124114875e-06, 6.1439482124114875e-06, 6.1439482124114875e-06, 6.1439482124114875e-06, 6.1439482124114875e-06, 0.9999569654464722]], "gate": 0.024907611310482025}
{"receiver_layer": 15, "sender_layers": [12], "layer_weights": [1.0], "head_mapping": [[0.9999566078186035, 6.143945938674733e-06, 6.143945938674733e-06, 6.143945938674733e-06, 6.143945938674733e-06, 6.143945938674733e-06, 6.143945938674733e-06, 6.143945938674733e-06], [6.143945938674733e-06, 0.9999566078186035, 6.143945938674733e-06, 6.143945938674733e-06, 6.143945938674733e-06, 6.143945938674733e-06, 6.143945938674733e-06, 6.143945938674733e-06], [6.143946393422084e-06, 6.143946393422084e-06, 0.9999567270278931, 6.143946393422084e-06, 6.143946393422084e-06, 6.143946393422084e-06, 6.143946393422084e-06, 6.143946393422084e-06], [6.143946393422084e-06, 6.143946393422084e-06, 6.143946393422084e-06, 0.9999567270278931, 6.143946393422084e-06, 6.143946393422084e-06, 6.143946393422084e-06, 6.143946393422084e-06], [6.143947302916786e-06, 6.143947302916786e-06, 6.143947302916786e-06, 6.143947302916786e-06, 0.9999568462371826, 6.143947302916786e-06, 6.143947302916786e-06, 6.143947302916786e-06], [6.143947302916786e-06, 6.143947302916786e-06, 6.143947302916786e-06, 6.143947302916786e-06, 6.143947302916786e-06, 0.9999568462371826, 6.143947302916786e-06, 6.143947302916786e-06], [6.1439482124114875e-06, 6.1439482124114875e-06, 6.1439482124114875e-06, 6.1439482124114875e-06, 6.1439482124114875e-06, 6.1439482124114875e-06, 0.9999569654464722, 6.1439482124114875e-06], [6.1439482124114875e-06, 6.1439482124114875e-06, 6.1439482124114875e-06, 6.1439482124114875e-06, 6.1439482124114875e-06, 6.1439482124114875e-06, 6.1439482124114875e-06, 0.9999569654464722]], "gate": 0.023383378982543945}
{"receiver_layer": 16, "sender_layers": [12], "layer_weights": [1.0], "head_mapping": [[0.9999566078186035, 6.143945938674733e-06, 6.143945938674733e-06, 6.143945938674733e-06, 6.143945938674733e-06, 6.143945938674733e-06, 6.143945938674733e-06, 6.143945938674733e-06], [6.143945938674733e-06, 0.9999566078186035, 6.143945938674733e-06, 6.143945938674733e-06, 6.143945938674733e-06, 6.143945938674733e-06, 6.143945938674733e-06, 6.143945938674733e-06], [6.143946393422084e-06, 6.143946393422084e-06, 0.9999567270278931, 6.143946393422084e-06, 6.143946393422084e-06, 6.143946393422084e-06, 6.143946393422084e-06, 6.143946393422084e-06], [6.143946393422084e-06, 6.143946393422084e-06, 6.143946393422084e-06, 0.9999567270278931, 6.143946393422084e-06, 6.143946393422084e-06, 6.143946393422084e-06, 6.143946393422084e-06], [6.143947302916786e-06, 6.143947302916786e-06, 6.143947302916786e-06, 6.143947302916786e-06, 0.9999568462371826, 6.143947302916786e-06, 6.143947302916786e-06, 6.143947302916786e-06], [6.143947302916786e-06, 6.143947302916786e-06, 6.143947302916786e-06, 6.143947302916786e-06, 6.143947302916786e-06, 0.9999568462371826, 6.143947302916786e-06, 6.143947302916786e-06], [6.1439482124114875e-06, 6.1439482124114875e-06, 6.1439482124114875e-06, 6.1439482124114875e-06, 6.1439482124114875e-06, 6.1439482124114875e-06, 0.9999569654464722, 6.1439482124114875e-06], [6.1439482124114875e-06, 6.1439482124114875e-06, 6.1439482124114875e-06, 6.1439482124114875e-06, 6.1439482124114875e-06, 6.1439482124114875e-06, 6.1439482124114875e-06, 0.9999569654464722]], "gate": 0.023509958758950233}
{"receiver_layer": 17, "sender_layers": [13], "layer_weights": [1.0], "head_mapping": [[0.9999566078186035, 6.143945938674733e-06, 6.143945938674733e-06, 6.143945938674733e-06, 6.143945938674733e-06, 6.143945938674733e-06, 6.143945938674733e-06, 6.143945938674733e-06], [6.143945938674733e-06, 0.9999566078186035, 6.143945938674733e-06, 6.143945938674733e-06, 6.143945938674733e-06, 6.143945938674733e-06, 6.143945938674733e-06, 6.143945938674733e-06], [6.143946393422084e-06, 6.143946393422084e-06, 0.9999567270278931, 6.143946393422084e-06, 6.143946393422084e-06, 6.143946393422084e-06, 6.143946393422084e-06, 6.143946393422084e-06], [6.143946393422084e-06, 6.143946393422084e-06, 6.143946393422084e-06, 0.9999567270278931, 6.143946393422084e-06, 6.143946393422084e-06, 6.143946393422084e-06, 6.143946393422084e-06], [6.143947302916786e-06, 6.143947302916786e-06, 6.143947302916786e-06, 6.143947302916786e-06, 0.9999568462371826, 6.143947302916786e-06, 6.143947302916786e-06, 6.143947302916786e-06], [6.143947302916786e-06, 6.143947302916786e-06, 6.143947302916786e-06, 6.143947302916786e-06, 6.143947302916786e-06, 0.9999568462371826, 6.143947302916786e-06, 6.143947302916786e-06], [6.1439482124114875e-06, 6.1439482124114875e-06, 6.1439482124114875e-06, 6.1439482124114875e-06, 6.1439482124114875e-06, 6.1439482124114875e-06, 0.9999569654464722, 6.1439482124114875e-06], [6.1439482124114875e-06, 6.1439482124114875e-06, 6.1439482124114875e-06, 6.1439482124114875e-06, 6.1439482124114875e-06, 6.1439482124114875e-06, 6.1439482124114875e-06, 0.9999569654464722]], "gate": 0.025002360343933105}
{"receiver_layer": 18, "sender_layers": [14], "layer_weights": [1.0], "head_mapping": [[0.9999566078186035, 6.143945938674733e-06, 6.143945938674733e-06, 6.143945938674733e-06, 6.143945938674733e-06, 6.143945938674733e-06, 6.143945938674733e-06, 6.143945938674733e-06], [6.143945938674733e-06, 0.9999566078186035, 6.143945938674733e-06, 6.143945938674733e-06, 6.143945938674733e-06, 6.143945938674733e-06, 6.143945938674733e-06, 6.143945938674733e-06], [6.143946393422084e-06, 6.143946393422084e-06, 0.9999567270278931, 6.143946393422084e-06, 6.143946393422084e-06, 6.143946393422084e-06, 6.143946393422084e-06, 6.143946393422084e-06], [6.143946393422084e-06, 6.143946393422084e-06, 6.143946393422084e-06, 0.9999567270278931, 6.143946393422084e-06, 6.143946393422084e-06, 6.143946393422084e-06, 6.143946393422084e-06], [6.143947302916786e-06, 6.143947302916786e-06, 6.143947302916786e-06, 6.143947302916786e-06, 0.9999568462371826, 6.143947302916786e-06, 6.143947302916786e-06, 6.143947302916786e-06], [6.143947302916786e-06, 6.143947302916786e-06, 6.143947302916786e-06, 6.143947302916786e-06, 6.143947302916786e-06, 0.9999568462371826, 6.143947302916786e-06, 6.143947302916786e-06], [6.1439482124114875e-06, 6.1439482124114875e-06, 6.1439482124114875e-06, 6.1439482124114875e-06, 6.1439482124114875e-06, 6.1439482124114875e-06, 0.9999569654464722, 6.1439482124114875e-06], [6.1439482124114875e-06, 6.1439482124114875e-06, 6.1439482124114875e-06, 6.1439482124114875e-06, 6.1439482124114875e-06, 6.1439482124114875e-06, 6.1439482124114875e-06, 0.9999569654464722]], "gate": 0.02494058758020401}
{"receiver_layer": 19, "sender_layers": [15], "layer_weights": [1.0], "head_mapping": [[0.9999566078186035, 6.143945938674733e-06, 6.143945938674733e-06, 6.143945938674733e-06, 6.143945938674733e-06, 6.143945938674733e-06, 6.143945938674733e-06, 6.143945938674733e-06], [6.143945938674733e-06, 0.9999566078186035, 6.143945938674733e-06, 6.143945938674733e-06, 6.143945938674733e-06, 6.143945938674733e-06, 6.143945938674733e-06, 6.143945938674733e-06], [6.143946393422084e-06, 6.143946393422084e-06, 0.9999567270278931, 6.143946393422084e-06, 6.143946393422084e-06, 6.143946393422084e-06, 6.143946393422084e-06, 6.143946393422084e-06], [6.143946393422084e-06, 6.143946393422084e-06, 6.143946393422084e-06, 0.9999567270278931, 6.143946393422084e-06, 6.143946393422084e-06, 6.143946393422084e-06, 6.143946393422084e-06], [6.143947302916786e-06, 6.143947302916786e-06, 6.143947302916786e-06, 6.143947302916786e-06, 0.9999568462371826, 6.143947302916786e-06, 6.143947302916786e-06, 6.143947302916786e-06], [6.143947302916786e-06, 6.143947302916786e-06, 6.143947302916786e-06, 6.143947302916786e-06, 6.143947302916786e-06, 0.9999568462371826, 6.143947302916786e-06, 6.143947302916786e-06], [6.1439482124114875e-06, 6.1439482124114875e-06, 6.1439482124114875e-06, 6.1439482124114875e-06, 6.1439482124114875e-06, 6.1439482124114875e-06, 0.9999569654464722, 6.1439482124114875e-06], [6.1439482124114875e-06, 6.1439482124114875e-06, 6.1439482124114875e-06, 6.1439482124114875e-06, 6.1439482124114875e-06, 6.1439482124114875e-06, 6.1439482124114875e-06, 0.9999569654464722]], "gate": 0.02410675399005413}
{"receiver_layer": 20, "sender_layers": [15], "layer_weights": [1.0], "head_mapping": [[0.9999566078186035, 6.143945938674733e-06, 6.143945938674733e-06, 6.143945938674733e-06, 6.143945938674733e-06, 6.143945938674733e-06, 6.143945938674733e-06, 6.143945938674733e-06], [6.143945938674733e-06, 0.9999566078186035, 6.143945938674733e-06, 6.143945938674733e-06, 6.143945938674733e-06, 6.143945938674733e-06, 6.143945938674733e-06, 6.143945938674733e-06], [6.143946393422084e-06, 6.143946393422084e-06, 0.9999567270278931, 6.143946393422084e-06, 6.143946393422084e-06, 6.143946393422084e-06, 6.143946393422084e-06, 6.143946393422084e-06], [6.143946393422084e-06, 6.143946393422084e-06, 6.143946393422084e-06, 0.9999567270278931, 6.143946393422084e-06, 6.143946393422084e-06, 6.143946393422084e-06, 6.143946393422084e-06], [6.143947302916786e-06, 6.143947302916786e-06, 6.143947302916786e-06, 6.143947302916786e-06, 0.9999568462371826, 6.143947302916786e-06, 6.143947302916786e-06, 6.143947302916786e-06], [6.143947302916786e-06, 6.143947302916786e-06, 6.143947302916786e-06, 6.143947302916786e-06, 6.143947302916786e-06, 0.9999568462371826, 6.143947302916786e-06, 6.143947302916786e-06], [6.1439482124114875e-06, 6.1439482124114875e-06, 6.1439482124114875e-06, 6.1439482124114875e-06, 6.1439482124114875e-06, 6.1439482124114875e-06, 0.9999569654464722, 6.1439482124114875e-06], [6.1439482124114875e-06, 6.1439482124114875e-06, 6.1439482124114875e-06, 6.1439482124114875e-06, 6.1439482124114875e-06, 6.1439482124114875e-06, 6.1439482124114875e-06, 0.9999569654464722]], "gate": 0.023922784253954887}
{"receiver_layer": 21, "sender_layers": [16], "layer_weights": [1.0], "head_mapping": [[0.9999566078186035, 6.143945938674733e-06, 6.143945938674733e-06, 6.143945938674733e-06, 6.143945938674733e-06, 6.143945938674733e-06, 6.143945938674733e-06, 6.143945938674733e-06], [6.143945938674733e-06, 0.9999566078186035, 6.143945938674733e-06, 6.143945938674733e-06, 6.143945938674733e-06, 6.143945938674733e-06, 6.143945938674733e-06, 6.143945938674733e-06], [6.143946393422084e-06, 6.143946393422084e-06, 0.9999567270278931, 6.143946393422084e-06, 6.143946393422084e-06, 6.143946393422084e-06, 6.143946393422084e-06, 6.143946393422084e-06], [6.143946393422084e-06, 6.143946393422084e-06, 6.143946393422084e-06, 0.9999567270278931, 6.143946393422084e-06, 6.143946393422084e-06, 6.143946393422084e-06, 6.143946393422084e-06], [6.143947302916786e-06, 6.143947302916786e-06, 6.143947302916786e-06, 6.143947302916786e-06, 0.9999568462371826, 6.143947302916786e-06, 6.143947302916786e-06, 6.143947302916786e-06], [6.143947302916786e-06, 6.143947302916786e-06, 6.143947302916786e-06, 6.143947302916786e-06, 6.143947302916786e-06, 0.9999568462371826, 6.143947302916786e-06, 6.143947302916786e-06], [6.1439482124114875e-06, 6.1439482124114875e-06, 6.1439482124114875e-06, 6.1439482124114875e-06, 6.1439482124114875e-06, 6.1439482124114875e-06, 0.9999569654464722, 6.1439482124114875e-06], [6.1439482124114875e-06, 6.1439482124114875e-06, 6.1439482124114875e-06, 6.1439482124114875e-06, 6.1439482124114875e-06, 6.1439482124114875e-06, 6.1439482124114875e-06, 0.9999569654464722]], "gate": 0.022423941642045975}
{"receiver_layer": 22, "sender_layers": [17], "layer_weights": [1.0], "head_mapping": [[0.9999566078186035, 6.143945938674733e-06, 6.143945938674733e-06, 6.143945938674733e-06, 6.143945938674733e-06, 6.143945938674733e-06, 6.143945938674733e-06, 6.143945938674733e-06], [6.143945938674733e-06, 0.9999566078186035, 6.143945938674733e-06, 6.143945938674733e-06, 6.143945938674733e-06, 6.143945938674733e-06, 6.143945938674733e-06, 6.143945938674733e-06], [6.143946393422084e-06, 6.143946393422084e-06, 0.9999567270278931, 6.143946393422084e-06, 6.143946393422084e-06, 6.143946393422084e-06, 6.143946393422084e-06, 6.143946393422084e-06], [6.143946393422084e-06, 6.143946393422084e-06, 6.143946393422084e-06, 0.9999567270278931, 6.143946393422084e-06, 6.143946393422084e-06, 6.143946393422084e-06, 6.143946393422084e-06], [6.143947302916786e-06, 6.143947302916786e-06, 6.143947302916786e-06, 6.143947302916786e-06, 0.9999568462371826, 6.143947302916786e-06, 6.143947302916786e-06, 6.143947302916786e-06], [6.143947302916786e-06, 6.143947302916786e-06, 6.143947302916786e-06, 6.143947302916786e-06, 6.143947302916786e-06, 0.9999568462371826, 6.143947302916786e-06, 6.143947302916786e-06], [6.1439482124114875e-06, 6.1439482124114875e-06, 6.1439482124114875e-06, 6.1439482124114875e-06, 6.1439482124114875e-06, 6.1439482124114875e-06, 0.9999569654464722, 6.1439482124114875e-06], [6.1439482124114875e-06, 6.1439482124114875e-06, 6.1439482124114875e-06, 6.1439482124114875e-06, 6.1439482124114875e-06, 6.1439482124114875e-06, 6.1439482124114875e-06, 0.9999569654464722]], "gate": 0.025947490707039833}
{"receiver_layer": 23, "sender_layers": [18], "layer_weights": [1.0], "head_mapping": [[0.9999566078186035, 6.143945938674733e-06, 6.143945938674733e-06, 6.143945938674733e-06, 6.143945938674733e-06, 6.143945938674733e-06, 6.143945938674733e-06, 6.143945938674733e-06], [6.143945938674733e-06, 0.9999566078186035, 6.143945938674733e-06, 6.143945938674733e-06, 6.143945938674733e-06, 6.143945938674733e-06, 6.143945938674733e-06, 6.143945938674733e-06], [6.143946393422084e-06, 6.143946393422084e-06, 0.9999567270278931, 6.143946393422084e-06, 6.143946393422084e-06, 6.143946393422084e-06, 6.143946393422084e-06, 6.143946393422084e-06], [6.143946393422084e-06, 6.143946393422084e-06, 6.143946393422084e-06, 0.9999567270278931, 6.143946393422084e-06, 6.143946393422084e-06, 6.143946393422084e-06, 6.143946393422084e-06], [6.143947302916786e-06, 6.143947302916786e-06, 6.143947302916786e-06, 6.143947302916786e-06, 0.9999568462371826, 6.143947302916786e-06, 6.143947302916786e-06, 6.143947302916786e-06], [6.143947302916786e-06, 6.143947302916786e-06, 6.143947302916786e-06, 6.143947302916786e-06, 6.143947302916786e-06, 0.9999568462371826, 6.143947302916786e-06, 6.143947302916786e-06], [6.1439482124114875e-06, 6.1439482124114875e-06, 6.1439482124114875e-06, 6.1439482124114875e-06, 6.1439482124114875e-06, 6.1439482124114875e-06, 0.9999569654464722, 6.1439482124114875e-06], [6.1439482124114875e-06, 6.1439482124114875e-06, 6.1439482124114875e-06, 6.1439482124114875e-06, 6.1439482124114875e-06, 6.1439482124114875e-06, 6.1439482124114875e-06, 0.9999569654464722]], "gate": 0.02529115602374077}
{"receiver_layer": 24, "sender_layers": [19], "layer_weights": [1.0], "head_mapping": [[0.9999566078186035, 6.143945938674733e-06, 6.143945938674733e-06, 6.143945938674733e-06, 6.143945938674733e-06, 6.143945938674733e-06, 6.143945938674733e-06, 6.143945938674733e-06], [6.143945938674733e-06, 0.9999566078186035, 6.143945938674733e-06, 6.143945938674733e-06, 6.143945938674733e-06, 6.143945938674733e-06, 6.143945938674733e-06, 6.143945938674733e-06], [6.143946393422084e-06, 6.143946393422084e-06, 0.9999567270278931, 6.143946393422084e-06, 6.143946393422084e-06, 6.143946393422084e-06, 6.143946393422084e-06, 6.143946393422084e-06], [6.143946393422084e-06, 6.143946393422084e-06, 6.143946393422084e-06, 0.9999567270278931, 6.143946393422084e-06, 6.143946393422084e-06, 6.143946393422084e-06, 6.143946393422084e-06], [6.143947302916786e-06, 6.143947302916786e-06, 6.143947302916786e-06, 6.143947302916786e-06, 0.9999568462371826, 6.143947302916786e-06, 6.143947302916786e-06, 6.143947302916786e-06], [6.143947302916786e-06, 6.143947302916786e-06, 6.143947302916786e-06, 6.143947302916786e-06, 6.143947302916786e-06, 0.9999568462371826, 6.143947302916786e-06, 6.143947302916786e-06], [6.1439482124114875e-06, 6.1439482124114875e-06, 6.1439482124114875e-06, 6.1439482124114875e-06, 6.1439482124114875e-06, 6.1439482124114875e-06, 0.9999569654464722, 6.1439482124114875e-06], [6.1439482124114875e-06, 6.1439482124114875e-06, 6.1439482124114875e-06, 6.1439482124114875e-06, 6.1439482124114875e-06, 6.1439482124114875e-06, 6.1439482124114875e-06, 0.9999569654464722]], "gate": 0.028534896671772003}
