{"kind": "key", "receiver_layer": 0, "sender_layers": [0, 1, 2, 3, 4, 5], "layer_weights": [0.21527697145938873, 0.19450780749320984, 0.17259562015533447, 0.15507371723651886, 0.13933639228343964, 0.12320943921804428], "head_mapping": [[0.9999566078186035, 6.207411843206501e-06, 6.17987416262622e-06, 6.187741746543907e-06, 6.178654530231142e-06, 6.1638584156753495e-06, 6.171381755848415e-06, 6.179485353641212e-06], [6.143232440081192e-06, 0.9999568462371826, 6.157873031042982e-06, 6.16017541688052e-06, 6.1491873566410504e-06, 6.188498900883133e-06, 6.188221050251741e-06, 6.154432412586175e-06], [6.0624315665336326e-06, 6.092976946092676e-06, 0.9999575614929199, 6.073832082620356e-06, 6.0550182752194814e-06, 6.042327640898293e-06, 6.108232355472865e-06, 6.024358299328014e-06], [6.161444616736844e-06, 6.175563157739816e-06, 6.176676834002137e-06, 0.9999568462371826, 6.074858902138658e-06, 6.16738270764472e-06, 6.0999145716778e-06, 6.163019406812964e-06], [6.205470526765566e-06, 6.168781965243397e-06, 6.141573976492509e-06, 6.1544378695543855e-06, 0.9999567270278931, 6.175797807372874e-06, 6.2188714764488395e-06, 6.172806934046093e-06], [6.311282959359232e-06, 6.334860700007994e-06, 6.315311111393385e-06, 6.250593287404627e-06, 6.296830179053359e-06, 0.9999557733535767, 6.296746050793445e-06, 6.357763140840689e-06], [6.110186404839624e-06, 6.154621132736793e-06, 6.1738678596157115e-06, 6.140521236375207e-06, 6.167147603264311e-06, 6.115607448009541e-06, 0.9999569654464722, 6.143995051388629e-06], [6.0619913710979745e-06, 6.077991201891564e-06, 6.1033983911329415e-06, 6.066068181098672e-06, 6.049136118235765e-06, 6.045871487003751e-06, 6.063327418814879e-06, 0.9999574422836304]], "mean_depth_distance": 0.08067825436592102}
{"kind": "key", "receiver_layer": 1, "sender_layers": [0, 1, 2, 3, 4, 5], "layer_weights": [0.1882302314043045, 0.19959747791290283, 0.18094854056835175, 0.1605128049850464, 0.14333227276802063, 0.1273786574602127], "head_mapping": [[0.9999569654464722, 6.124595529399812e-06, 6.136066531325923e-06, 6.148988632048713e-06, 6.140410278021591e-06, 6.1327614275796805e-06, 6.188097813719651e-06, 6.150267836346757e-06], [6.067612957849633e-06, 0.9999573230743408, 6.102204224589514e-06, 6.078622845961945e-06, 6.108580237196293e-06, 6.080918865336571e-06, 6.125264008005615e-06, 6.102890893089352e-06], [6.120767920947401e-06, 6.111562925070757e-06, 0.9999573230743408, 6.084555934648961e-06, 6.066235528123798e-06, 6.118515102571109e-06, 6.075301826058421e-06, 6.088305781304371e-06], [6.100557584431954e-06, 6.096509878261713e-06, 6.112566097726813e-06, 0.9999573230743408, 6.071491043257993e-06, 6.120779744378524e-06, 6.101709459471749e-06, 6.104201020207256e-06], [6.079544618842192e-06, 6.091273462516256e-06, 6.102884981373791e-06, 6.113428753451444e-06, 0.9999573230743408, 6.074843895476079e-06, 6.0812608353444375e-06, 6.138679054856766e-06], [6.1434793678927235e-06, 6.144721737655345e-06, 6.134462637419347e-06, 6.166394996398594e-06, 6.106958608143032e-06, 0.9999569654464722, 6.13363317825133e-06, 6.118156761658611e-06], [6.09221979175345e-06, 6.1390296650642995e-06, 6.103222403908148e-06, 6.163868420117069e-06, 6.120019861555193e-06, 6.120819762145402e-06, 0.9999572038650513, 6.134722298156703e-06], [6.101121471147053e-06, 6.095742264733417e-06, 6.083384050725726e-06, 6.099283837102121e-06, 6.1061741689627524e-06, 6.0911979744560085e-06, 6.103344730945537e-06, 0.9999573230743408]], "mean_depth_distance": 0.06563849002122879}
{"kind": "key", "receiver_layer": 2, "sender_layers": [0, 1, 2, 3, 4, 5], "layer_weights": [0.16566145420074463, 0.18750862777233124, 0.18959233164787292, 0.17091430723667145, 0.1527123749256134, 0.13361094892024994], "head_mapping": [[0.9999576807022095, 6.044409474270651e-06, 6.059322458895622e-06, 6.079812919779215e-06, 6.078294518374605e-06, 6.058692633814644e-06, 6.034893431206001e-06, 6.037576440576231e-06], [6.101925919210771e-06, 0.9999574422836304, 6.0278057389950845e-06, 6.08179561822908e-06, 6.088004283810733e-06, 6.104778094595531e-06, 6.101058716012631e-06, 6.0614424910454545e-06], [6.133247097750427e-06, 6.162121735542314e-06, 0.9999570846557617, 6.124246283434331e-06, 6.175164344313089e-06, 6.192514774738811e-06, 6.116588338045403e-06, 6.117597877164371e-06], [6.1548425946966745e-06, 6.191048214532202e-06, 6.176233910082374e-06, 0.9999567270278931, 6.1991772781766485e-06, 6.200253210408846e-06, 6.18708691035863e-06, 6.150383342173882e-06], [6.166129878693027e-06, 6.157791631267173e-06, 6.10897404840216e-06, 6.15883664067951e-06, 0.9999569654464722, 6.119108093116665e-06, 6.1566170188598335e-06, 6.1117134464439005e-06], [6.17736577623873e-06, 6.16971192357596e-06, 6.213204869709443e-06, 6.166018010844709e-06, 6.147487511043437e-06, 0.9999568462371826, 6.167758783703903e-06, 6.1272826314962e-06], [6.186398877616739e-06, 6.118997134763049e-06, 6.147077328932937e-06, 6.170565939100925e-06, 6.146678970253561e-06, 6.1416048993123695e-06, 0.9999569654464722, 6.1155546973168384e-06], [6.112833489169134e-06, 6.098282483435469e-06, 6.137905529612908e-06, 6.125000709289452e-06, 6.104863587097498e-06, 6.120988928159932e-06, 6.129891517048236e-06, 0.9999572038650513]], "mean_depth_distance": 0.056675851345062256}
{"kind": "key", "receiver_layer": 3, "sender_layers": [0, 1, 2, 3, 4, 5], "layer_weights": [0.15005144476890564, 0.16836827993392944, 0.18877577781677246, 0.18453118205070496, 0.16219329833984375, 0.14607995748519897], "head_mapping": [[0.9999574422836304, 6.065449269954115e-06, 6.07658876106143e-06, 6.0658080656139646e-06, 6.044701876817271e-06, 6.103887244535144e-06, 6.0926277001271956e-06, 6.067479716875823e-06], [6.08526352152694e-06, 0.9999573230743408, 6.083813332224963e-06, 6.124878382252064e-06, 6.122577360656578e-06, 6.037078946974361e-06, 6.039025265636155e-06, 6.110211870691273e-06], [6.121705609984929e-06, 6.106294677010737e-06, 0.9999569654464722, 6.120199032011442e-06, 6.125939307821682e-06, 6.149276487121824e-06, 6.154351012810366e-06, 6.14605778537225e-06], [6.1319251472014e-06, 6.112133178248769e-06, 6.132668204372749e-06, 0.9999570846557617, 6.129896519269096e-06, 6.128242603153922e-06, 6.123405455582542e-06, 6.121361366240308e-06], [6.1202167671581265e-06, 6.131854661362013e-06, 6.1409841691784095e-06, 6.177708200993948e-06, 0.9999569654464722, 6.162062618386699e-06, 6.135358034953242e-06, 6.149270120658912e-06], [6.115306405263254e-06, 6.070320978324162e-06, 6.117534667282598e-06, 6.0882939578732476e-06, 6.088619556976482e-06, 0.9999573230743408, 6.0896641116414685e-06, 6.102407951402711e-06], [6.051443506294163e-06, 6.115393716754625e-06, 6.082467280066339e-06, 6.09849848842714e-06, 6.110707090556389e-06, 6.066166406526463e-06, 0.9999573230743408, 6.099900474509923e-06], [6.129926077846903e-06, 6.1594605540449265e-06, 6.143280643300386e-06, 6.1383966567518655e-06, 6.123527782619931e-06, 6.121536443970399e-06, 6.118787950981641e-06, 0.9999570846557617]], "mean_depth_distance": 0.05259821563959122}
{"kind": "key", "receiver_layer": 4, "sender_layers": [1, 2, 3, 4, 5, 6], "layer_weights": [0.15455636382102966, 0.17457816004753113, 0.19479411840438843, 0.17721883952617645, 0.15742366015911102, 0.14142881333827972], "head_mapping": [[0.9999567270278931, 6.205612862686394e-06, 6.193681656441186e-06, 6.189938176248688e-06, 6.1942550928506535e-06, 6.165170361782657e-06, 6.150366061774548e-06, 6.13026304563391e-06], [6.127098458819091e-06, 0.9999573230743408, 6.072405540180625e-06, 6.084114829718601e-06, 6.098010089772288e-06, 6.118042620073538e-06, 6.110701178840827e-06, 6.072249561839271e-06], [6.106482032919303e-06, 6.135318017186364e-06, 0.9999570846557617, 6.130533620307688e-06, 6.137811396911275e-06, 6.1706077758572064e-06, 6.1141327023506165e-06, 6.1073792494426016e-06], [6.191914962982992e-06, 6.199933068273822e-06, 6.210567335074302e-06, 0.9999566078186035, 6.17060459262575e-06, 6.209057573869359e-06, 6.222513093234738e-06, 6.2176136452762876e-06], [6.1174928305263165e-06, 6.128266250016168e-06, 6.110979938966921e-06, 6.1180940065241884e-06, 0.9999572038650513, 6.0638340073637664e-06, 6.115702035458526e-06, 6.077120815461967e-06], [6.113357358117355e-06, 6.164878413983388e-06, 6.124503215687582e-06, 6.1126343098294456e-06, 6.095938715589e-06, 0.9999570846557617, 6.093892352510011e-06, 6.107017725298647e-06], [6.121676506154472e-06, 6.145050519990036e-06, 6.130100700829644e-06, 6.134815066616284e-06, 6.1651840042031836e-06, 6.15391172686941e-06, 0.9999570846557617, 6.137688615126535e-06], [6.084067535994109e-06, 6.121940714365337e-06, 6.111131369834766e-06, 6.102948646002915e-06, 6.113906238169875e-06, 6.114874395279912e-06, 6.086725989007391e-06, 0.9999572038650513]], "mean_depth_distance": 0.05200539529323578}
{"kind": "key", "receiver_layer": 5, "sender_layers": [1, 2, 3, 4, 5, 6], "layer_weights": [0.14114223420619965, 0.15901479125022888, 0.17795532941818237, 0.1918233186006546, 0.17369867861270905, 0.15636560320854187], "head_mapping": [[0.9999572038650513, 6.1302016547415406e-06, 6.148825832497096e-06, 6.115026280895108e-06, 6.123581442807335e-06, 6.125812888058135e-06, 6.171008408273337e-06, 6.123102593846852e-06], [6.144358394521987e-06, 0.9999569654464722, 6.137002401374048e-06, 6.1328255469561554e-06, 6.182576726132538e-06, 6.162685622257413e-06, 6.141546236904105e-06, 6.152191872388357e-06], [6.16554143562098e-06, 6.16053966950858e-06, 0.9999568462371826, 6.159822532936232e-06, 6.1550608734251e-06, 6.155207756819436e-06, 6.144779490568908e-06, 6.147569365566596e-06], [6.111491984484019e-06, 6.118945748312399e-06, 6.124952960817609e-06, 0.9999570846557617, 6.126758307800628e-06, 6.119470526755322e-06, 6.133364422566956e-06, 6.099823167460272e-06], [6.206760645000031e-06, 6.201269570738077e-06, 6.219250735739479e-06, 6.192322871356737e-06, 0.9999566078186035, 6.231617135199485e-06, 6.205565114214551e-06, 6.21434719505487e-06], [6.143538030300988e-06, 6.1548266785393935e-06, 6.141558060335228e-06, 6.118115834397031e-06, 6.115356882219203e-06, 0.9999569654464722, 6.123451385064982e-06, 6.142975507827941e-06], [6.105493412178475e-06, 6.0855545598315075e-06, 6.096603101468645e-06, 6.10943061474245e-06, 6.077689704397926e-06, 6.108719844633015e-06, 0.9999573230743408, 6.090715487516718e-06], [6.1104078667995054e-06, 6.146843588794582e-06, 6.138794560683891e-06, 6.117224074841943e-06, 6.11959285379271e-06, 6.133832357591018e-06, 6.131024747446645e-06, 0.9999570846557617]], "mean_depth_distance": 0.05229981988668442}
{"kind": "key", "receiver_layer": 6, "sender_layers": [2, 3, 4, 5, 6, 7], "layer_weights": [0.14513370394706726, 0.16428427398204803, 0.18153971433639526, 0.18991971015930176, 0.1689460277557373, 0.1501765251159668], "head_mapping": [[0.9999573230743408, 6.109232799644815e-06, 6.097882305766689e-06, 6.133061106083915e-06, 6.106110959080979e-06, 6.119017143646488e-06, 6.105795819166815e-06, 6.09932430961635e-06], [6.030280474078609e-06, 0.999957799911499, 6.03370290264138e-06, 6.007996489643119e-06, 6.033990757714491e-06, 6.036874765413813e-06, 6.003294402034953e-06, 6.052219760022126e-06], [6.123762887000339e-06, 6.083030257286737e-06, 0.9999573230743408, 6.087701876822393e-06, 6.094765467423713e-06, 6.080478215153562e-06, 6.106657565396745e-06, 6.109267815190833e-06], [6.148824468255043e-06, 6.140175628388533e-06, 6.16021134192124e-06, 0.9999569654464722, 6.148443389975e-06, 6.160258180898381e-06, 6.152110017865198e-06, 6.178951480251271e-06], [6.191372904140735e-06, 6.1665823523071595e-06, 6.165453214634908e-06, 6.1435953284672e-06, 0.9999568462371826, 6.160328211990418e-06, 6.157262305350741e-06, 6.156663403089624e-06], [6.178143848956097e-06, 6.1961932260601316e-06, 6.132841917860787e-06, 6.152073183329776e-06, 6.188645784277469e-06, 0.9999568462371826, 6.20339460510877e-06, 6.180512173159514e-06], [6.133475380920572e-06, 6.122260856500361e-06, 6.139251127024181e-06, 6.118058536230819e-06, 6.14617601968348e-06, 6.107005901867524e-06, 0.9999570846557617, 6.108264187787427e-06], [6.079080321796937e-06, 6.091900559113128e-06, 6.102606221247697e-06, 6.082188519940246e-06, 6.111481980042299e-06, 6.089774615247734e-06, 6.105918600951554e-06, 0.9999573230743408]], "mean_depth_distance": 0.05264909565448761}
{"kind": "key", "receiver_layer": 7, "sender_layers": [3, 4, 5, 6, 7, 8], "layer_weights": [0.1496359407901764, 0.16911590099334717, 0.18760396540164948, 0.18335290253162384, 0.16299112141132355, 0.14730015397071838], "head_mapping": [[0.9999572038650513, 6.07971787758288e-06, 6.117603788879933e-06, 6.146264695416903e-06, 6.110944923420902e-06, 6.108707566454541e-06, 6.130856036179466e-06, 6.11144650974893e-06], [6.137366654002108e-06, 0.9999570846557617, 6.145653969724663e-06, 6.1430109781213105e-06, 6.1048162933730055e-06, 6.127868800831493e-06, 6.121011665527476e-06, 6.162538738863077e-06], [6.054053756088251e-06, 6.036199465597747e-06, 0.9999575614929199, 6.058848157408647e-06, 6.051519903849112e-06, 6.040616426616907e-06, 6.048554496373981e-06, 6.0520337683556136e-06], [6.0839765865239315e-06, 6.068828952265903e-06, 6.095156095398124e-06, 0.9999574422836304, 6.0705306168529205e-06, 6.072036285331706e-06, 6.065819434297737e-06, 6.0700499489030335e-06], [6.019368811394088e-06, 6.038026185706258e-06, 6.035003934812266e-06, 6.039898380549857e-06, 0.999957799911499, 6.019885859132046e-06, 6.021706212777644e-06, 6.045793270459399e-06], [6.156289146019844e-06, 6.122284048615256e-06, 6.138349817774724e-06, 6.1658251979679335e-06, 6.128161203378113e-06, 0.9999570846557617, 6.158132691780338e-06, 6.109038622525986e-06], [6.116126314736903e-06, 6.1347318478510715e-06, 6.151247362140566e-06, 6.129001576482551e-06, 6.128136192273814e-06, 6.128464065113803e-06, 0.9999569654464722, 6.13171459917794e-06], [6.135790954431286e-06, 6.117083103163168e-06, 6.128814220573986e-06, 6.141065568954218e-06, 6.1028013078612275e-06, 6.1502323660533875e-06, 6.14437021795311e-06, 0.9999569654464722]], "mean_depth_distance": 0.052766963839530945}
{"kind": "key", "receiver_layer": 8, "sender_layers": [4, 5, 6, 7, 8, 9], "layer_weights": [0.15289315581321716, 0.1715473085641861, 0.19320306181907654, 0.18015344440937042, 0.16027969121932983, 0.14192326366901398], "head_mapping": [[0.9999572038650513, 6.117003067629412e-06, 6.118829332990572e-06, 6.148151896923082e-06, 6.117743851064006e-06, 6.1314235608733725e-06, 6.16266333963722e-06, 6.0971019593125675e-06], [6.077133548387792e-06, 0.9999574422836304, 6.0947027122892905e-06, 6.041313099558465e-06, 6.0796787693107035e-06, 6.110771664680215e-06, 6.093627234804444e-06, 6.084295819164254e-06], [6.1545861171907745e-06, 6.1287446442293e-06, 0.9999569654464722, 6.151563866296783e-06, 6.145928637124598e-06, 6.106346972956089e-06, 6.147892236185726e-06, 6.123294042481575e-06], [6.029313681210624e-06, 6.058640337869292e-06, 6.030791610101005e-06, 0.9999576807022095, 6.009835487930104e-06, 6.062276042939629e-06, 6.009250682836864e-06, 6.061657586542424e-06], [6.1180935517768376e-06, 6.143620339571498e-06, 6.115480118751293e-06, 6.109731657488737e-06, 0.9999570846557617, 6.1517462199844886e-06, 6.116594249760965e-06, 6.146257419459289e-06], [6.055438916519051e-06, 6.084150754759321e-06, 6.110480171628296e-06, 6.04105389356846e-06, 6.104934982431587e-06, 0.9999574422836304, 6.071989446354564e-06, 6.102257430029567e-06], [6.149241926323157e-06, 6.162256795505527e-06, 6.109463811299065e-06, 6.163255875435425e-06, 6.144633971416624e-06, 6.11307768849656e-06, 0.9999570846557617, 6.143274731584825e-06], [6.0621068769251e-06, 6.093598585721338e-06, 6.108126399340108e-06, 6.1022806221444625e-06, 6.132664566393942e-06, 6.051848686183803e-06, 6.0539723563124426e-06, 0.9999574422836304]], "mean_depth_distance": 0.052217237651348114}
{"kind": "key", "receiver_layer": 9, "sender_layers": [4, 5, 6, 7, 8, 9], "layer_weights": [0.14087018370628357, 0.15783391892910004, 0.1771140843629837, 0.19321082532405853, 0.17553666234016418, 0.15543431043624878], "head_mapping": [[0.9999575614929199, 6.059004590497352e-06, 6.0621073316724505e-06, 6.0319471231196076e-06, 6.064502031222219e-06, 6.060703071852913e-06, 6.063356522645336e-06, 6.071729330869857e-06], [6.181031039886875e-06, 0.9999568462371826, 6.169512289488921e-06, 6.156675226520747e-06, 6.1667824411415495e-06, 6.216233487066347e-06, 6.168535492179217e-06, 6.135509920568438e-06], [6.108684374339646e-06, 6.159549229778349e-06, 0.9999572038650513, 6.1104674387024716e-06, 6.07364427196444e-06, 6.103152372816112e-06, 6.127863343863282e-06, 6.125649179011816e-06], [6.114133611845318e-06, 6.125123491074191e-06, 6.095474418543745e-06, 0.9999572038650513, 6.102500719862292e-06, 6.145660790934926e-06, 6.1425785133906174e-06, 6.107076387706911e-06], [6.100512109696865e-06, 6.091431259847013e-06, 6.078872957004933e-06, 6.076299086998915e-06, 0.9999574422836304, 6.085183485993184e-06, 6.077249508962268e-06, 6.096603556215996e-06], [6.100972768763313e-06, 6.103970008553006e-06, 6.037253569957102e-06, 6.056214260752313e-06, 6.058548478904413e-06, 0.9999576807022095, 6.045856025593821e-06, 6.012558515067212e-06], [6.092348940001102e-06, 6.125439995230408e-06, 6.112129540269962e-06, 6.092017429182306e-06, 6.0500597101054154e-06, 6.0658485381281935e-06, 0.9999574422836304, 6.073171334719518e-06], [6.195636160555296e-06, 6.1941946114529856e-06, 6.168462732603075e-06, 6.182621291372925e-06, 6.1822911447961815e-06, 6.21152048552176e-06, 6.192558430484496e-06, 0.9999566078186035]], "mean_depth_distance": 0.05202079191803932}
{"kind": "key", "receiver_layer": 10, "sender_layers": [5, 6, 7, 8, 9, 10], "layer_weights": [0.1445629894733429, 0.16253603994846344, 0.17909841239452362, 0.19182312488555908, 0.1706743687391281, 0.15130507946014404], "head_mapping": [[0.9999572038650513, 6.119336831034161e-06, 6.122635113570141e-06, 6.10728602623567e-06, 6.098817721067462e-06, 6.126127573224949e-06, 6.116028544056462e-06, 6.1012551668682136e-06], [6.134990599093726e-06, 0.9999570846557617, 6.150667104520835e-06, 6.144780854810961e-06, 6.139415745565202e-06, 6.129353096184786e-06, 6.154451966722263e-06, 6.151869456516579e-06], [6.147095064079622e-06, 6.1503847064159345e-06, 0.9999569654464722, 6.145014140201965e-06, 6.1406794884533156e-06, 6.143250629975228e-06, 6.1542100411315914e-06, 6.158860287541756e-06], [6.159833901620004e-06, 6.175002909003524e-06, 6.1701466620434076e-06, 0.9999567270278931, 6.172412668092875e-06, 6.1656287471123505e-06, 6.18243393546436e-06, 6.158706128189806e-06], [6.169206699269125e-06, 6.155612936709076e-06, 6.143865903140977e-06, 6.150302851892775e-06, 0.9999569654464722, 6.150930403236998e-06, 6.152502919576364e-06, 6.155349183245562e-06], [6.147260137367994e-06, 6.129037501523271e-06, 6.1468322201108094e-06, 6.164349088066956e-06, 6.149634828034323e-06, 0.9999570846557617, 6.147512067400385e-06, 6.150409262772882e-06], [6.132720500318101e-06, 6.135820513009094e-06, 6.14917689745198e-06, 6.12878557149088e-06, 6.133106580819003e-06, 6.1319719861785416e-06, 0.9999569654464722, 6.147159638203448e-06], [6.120225407357793e-06, 6.10925599175971e-06, 6.128360837465152e-06, 6.1090700000931975e-06, 6.111808033892885e-06, 6.0991847021796275e-06, 6.102059160184581e-06, 0.9999573230743408]], "mean_depth_distance": 0.05255671218037605}
{"kind": "key", "receiver_layer": 11, "sender_layers": [6, 7, 8, 9, 10, 11], "layer_weights": [0.14830641448497772, 0.16658949851989746, 0.18709059059619904, 0.18540433049201965, 0.16465593874454498, 0.14795315265655518], "head_mapping": [[0.9999573230743408, 6.13811698713107e-06, 6.093812771723606e-06, 6.112752544140676e-06, 6.112775736255571e-06, 6.11554014540161e-06, 6.111848961154465e-06, 6.102151928644162e-06], [6.041285359970061e-06, 0.9999576807022095, 6.042899258318357e-06, 6.0349511841195635e-06, 6.061680778657319e-06, 6.062964075681521e-06, 6.021567969582975e-06, 6.031608336343197e-06], [6.104713520471705e-06, 6.09505650572828e-06, 0.9999573230743408, 6.093690444686217e-06, 6.101849066908471e-06, 6.084428605390713e-06, 6.108318302722182e-06, 6.122775630501565e-06], [6.092510830058018e-06, 6.114443294791272e-06, 6.088770533096977e-06, 0.9999573230743408, 6.1171085690148175e-06, 6.10594725003466e-06, 6.07547553954646e-06, 6.10521374255768e-06], [6.053902779967757e-06, 6.0510406001412775e-06, 6.0771917560487054e-06, 6.107369245000882e-06, 0.9999574422836304, 6.075870260247029e-06, 6.050250249245437e-06, 6.083547305024695e-06], [6.07412130193552e-06, 6.09988364885794e-06, 6.118025339674205e-06, 6.078965270717163e-06, 6.0711672631441616e-06, 0.9999574422836304, 6.079672402847791e-06, 6.103194664319744e-06], [6.17438536210102e-06, 6.14177952229511e-06, 6.149181444925489e-06, 6.141053290775744e-06, 6.168559139041463e-06, 6.160751127026742e-06, 0.9999568462371826, 6.1558121160487644e-06], [6.068887159926817e-06, 6.043347639206331e-06, 6.075216333556455e-06, 6.058073722670088e-06, 6.039654181222431e-06, 6.065230536478339e-06, 6.024008143867832e-06, 0.9999575614929199]], "mean_depth_distance": 0.05272992327809334}
{"kind": "key", "receiver_layer": 12, "sender_layers": [7, 8, 9, 10, 11, 12], "layer_weights": [0.15276801586151123, 0.16923709213733673, 0.19052474200725555, 0.18178056180477142, 0.16110841929912567, 0.144581139087677], "head_mapping": [[0.9999573230743408, 6.08251366429613e-06, 6.107298759161495e-06, 6.1094424381735735e-06, 6.109011337684933e-06, 6.088253485359019e-06, 6.101011422288138e-06, 6.112192750151735e-06], [6.125426807557233e-06, 0.9999572038650513, 6.134745490271598e-06, 6.14916643826291e-06, 6.1030941651551984e-06, 6.1186424318293575e-06, 6.111387847340666e-06, 6.1165478655311745e-06], [6.140147434052778e-06, 6.155918981676223e-06, 0.9999570846557617, 6.124217179603875e-06, 6.098589892644668e-06, 6.103046871430706e-06, 6.111958100518677e-06, 6.137096988823032e-06], [6.1330133576120716e-06, 6.119738827692345e-06, 6.155449682410108e-06, 0.9999570846557617, 6.110326467023697e-06, 6.129469966253964e-06, 6.101266080804635e-06, 6.10969709669007e-06], [6.0899324125784915e-06, 6.054543973732507e-06, 6.100046448409557e-06, 6.094801847211784e-06, 0.9999574422836304, 6.082636446080869e-06, 6.103922260081163e-06, 6.093348474678351e-06], [6.144242433947511e-06, 6.091365776228486e-06, 6.083655534894206e-06, 6.1031701079627965e-06, 6.116005351941567e-06, 0.9999572038650513, 6.113142717367737e-06, 6.123108050815063e-06], [6.089455382607412e-06, 6.105679403844988e-06, 6.0866918829560746e-06, 6.095789103710558e-06, 6.107036824687384e-06, 6.108137313276529e-06, 0.9999573230743408, 6.098143785493448e-06], [6.1018722590233665e-06, 6.1217424445203505e-06, 6.108463367127115e-06, 6.114385541877709e-06, 6.085728273319546e-06, 6.103671239543473e-06, 6.07824586040806e-06, 0.9999573230743408]], "mean_depth_distance": 0.052553996443748474}
{"kind": "key", "receiver_layer": 13, "sender_layers": [8, 9, 10, 11, 12, 13], "layer_weights": [0.1560770571231842, 0.17405138909816742, 0.1960621178150177, 0.17647530138492584, 0.15709251165390015, 0.1402416080236435], "head_mapping": [[0.9999574422836304, 6.078745172999334e-06, 6.059841325622983e-06, 6.113132258178666e-06, 6.063772161724046e-06, 6.080484581616474e-06, 6.110992671892745e-06, 6.088573172746692e-06], [6.1248829297255725e-06, 0.9999570846557617, 6.133990154921776e-06, 6.144089184090262e-06, 6.114500138210133e-06, 6.1384725995594636e-06, 6.1755290516885e-06, 6.120048055890948e-06], [6.1449495660781395e-06, 6.1196155911602546e-06, 0.9999569654464722, 6.133305305411341e-06, 6.13862994214287e-06, 6.15007957094349e-06, 6.153846697998233e-06, 6.135375770099927e-06], [6.067776666895952e-06, 6.0283186940068845e-06, 6.0423053582780994e-06, 0.9999576807022095, 6.059761744836578e-06, 6.0414122344809584e-06, 6.033478257450042e-06, 6.064357876311988e-06], [6.025756192684639e-06, 6.01468127570115e-06, 6.012765425111866e-06, 6.020890850777505e-06, 0.999957799911499, 6.039281743142055e-06, 6.031315479049226e-06, 6.020621185598429e-06], [6.1313635342230555e-06, 6.148953616502695e-06, 6.129919711383991e-06, 6.1271139202290215e-06, 6.1977834775461815e-06, 0.9999569654464722, 6.153230515337782e-06, 6.150273293314967e-06], [6.136888259788975e-06, 6.093859155953396e-06, 6.094376203691354e-06, 6.10732195127639e-06, 6.0807965382991824e-06, 6.13524935033638e-06, 0.9999573230743408, 6.105097327235853e-06], [6.045387635822408e-06, 6.054636287444737e-06, 6.077979833207792e-06, 6.077063972043106e-06, 6.104684871388599e-06, 6.090211172704585e-06, 6.071978077670792e-06, 0.9999574422836304]], "mean_depth_distance": 0.051818039268255234}
{"kind": "key", "receiver_layer": 14, "sender_layers": [8, 9, 10, 11, 12, 13], "layer_weights": [0.1426454484462738, 0.16009481251239777, 0.1802266240119934, 0.1903328150510788, 0.17266812920570374, 0.1540321707725525], "head_mapping": [[0.9999573230743408, 6.122437298472505e-06, 6.118737019278342e-06, 6.0754814512620214e-06, 6.1192154134914745e-06, 6.081910214561503e-06, 6.088607733545359e-06, 6.112985829531681e-06], [6.099278834881261e-06, 0.9999574422836304, 6.0837965065729804e-06, 6.101477538322797e-06, 6.066942205507075e-06, 6.060199666535482e-06, 6.07765559834661e-06, 6.097336154198274e-06], [6.079608738218667e-06, 6.0742718233086634e-06, 0.9999574422836304, 6.048744126019301e-06, 6.122975719335955e-06, 6.071057214285247e-06, 6.058222879801178e-06, 6.102385668782517e-06], [6.093081083236029e-06, 6.1059017752995715e-06, 6.055335234123049e-06, 0.9999574422836304, 6.0876095631101634e-06, 6.086436769692227e-06, 6.081731953599956e-06, 6.081493665988091e-06], [6.058882718207315e-06, 6.095557637308957e-06, 6.058368853700813e-06, 6.1155064940976445e-06, 0.9999575614929199, 6.068024958949536e-06, 6.0257953009568155e-06, 6.0248298723308835e-06], [6.136096544651082e-06, 6.147887688712217e-06, 6.097851837694179e-06, 6.149699402158149e-06, 6.151887191663263e-06, 0.9999570846557617, 6.10870711170719e-06, 6.127441793069011e-06], [6.0081920310040005e-06, 5.987799795548199e-06, 6.008965556247858e-06, 6.0164829847053625e-06, 6.02143700234592e-06, 6.0093611864431296e-06, 0.9999579191207886, 6.06126559432596e-06], [6.061981366656255e-06, 6.0153574850119185e-06, 6.058455710444832e-06, 6.038773790351115e-06, 6.052784556231927e-06, 6.051492164260708e-06, 6.0740876506315544e-06, 0.9999576807022095]], "mean_depth_distance": 0.05244067311286926}
{"kind": "key", "receiver_layer": 15, "sender_layers": [9, 10, 11, 12, 13, 14], "layer_weights": [0.14586476981639862, 0.16330982744693756, 0.18343093991279602, 0.18937069177627563, 0.16711850464344025, 0.15090525150299072], "head_mapping": [[0.999957799911499, 6.005418981658295e-06, 6.017114174028393e-06, 6.0180668697285e-06, 6.020569344400428e-06, 6.015140115778195e-06, 5.9812641666212585e-06, 6.019880402163835e-06], [6.074503289710265e-06, 0.9999574422836304, 6.075198143662419e-06, 6.111808943387587e-06, 6.1301620917220134e-06, 6.091256636864273e-06, 6.09207609159057e-06, 6.068614766263636e-06], [6.106401087890845e-06, 6.122109880379867e-06, 0.9999572038650513, 6.117154953244608e-06, 6.123709681560285e-06, 6.119185400166316e-06, 6.096026481827721e-06, 6.1049563555570785e-06], [6.048508566891542e-06, 6.061726253392408e-06, 6.0299685173959006e-06, 0.9999575614929199, 6.081586889195023e-06, 6.042431323294295e-06, 6.045803729648469e-06, 6.08201617069426e-06], [6.074069460737519e-06, 6.047856913937721e-06, 6.052974185877247e-06, 6.077099897083826e-06, 0.9999575614929199, 6.054262030374957e-06, 6.077378202462569e-06, 6.056346592231421e-06], [6.038169885869138e-06, 6.0389129430404864e-06, 5.995215815346455e-06, 6.033674253558274e-06, 6.027360086591216e-06, 0.999957799911499, 6.046612270438345e-06, 6.0302572819637135e-06], [6.035315436747624e-06, 6.058665348973591e-06, 6.017929536028532e-06, 6.017814484948758e-06, 6.0462666624516714e-06, 6.03298440182698e-06, 0.9999579191207886, 6.026934897818137e-06], [6.110869435360655e-06, 6.140036475699162e-06, 6.1071873460605275e-06, 6.085669156163931e-06, 6.098881840443937e-06, 6.093074262025766e-06, 6.118700639490271e-06, 0.9999572038650513]], "mean_depth_distance": 0.05270044505596161}
{"kind": "key", "receiver_layer": 16, "sender_layers": [10, 11, 12, 13, 14, 15], "layer_weights": [0.14996223151683807, 0.1683468073606491, 0.19022931158542633, 0.18339087069034576, 0.16166597604751587, 0.14640481770038605], "head_mapping": [[0.9999576807022095, 6.062016382202273e-06, 5.99733675699099e-06, 6.092704552429495e-06, 6.0528313952090684e-06, 6.057496648281813e-06, 6.071596999390749e-06, 6.042380391590996e-06], [6.068644779588794e-06, 0.9999576807022095, 6.057964583305875e-06, 6.051105629012454e-06, 6.032212695572525e-06, 6.018639851390617e-06, 6.082057552703191e-06, 6.069964456401067e-06], [6.058096914784983e-06, 6.034605121385539e-06, 0.9999575614929199, 6.0643747019639704e-06, 6.048173872841289e-06, 6.05954710408696e-06, 6.055023732187692e-06, 6.049148396414239e-06], [6.026435130479513e-06, 6.021707122272346e-06, 5.983284609101247e-06, 0.9999579191207886, 6.065799880161649e-06, 6.042566383257508e-06, 6.004984243190847e-06, 6.008226591802668e-06], [6.086366738600191e-06, 6.1165314946265426e-06, 6.109925834607566e-06, 6.102268343965989e-06, 0.9999573230743408, 6.146610758150928e-06, 6.0631004998867866e-06, 6.098213816585485e-06], [6.07702486377093e-06, 6.0660809140244965e-06, 6.0208444665477145e-06, 6.0273014241829515e-06, 6.0647512327705044e-06, 0.9999576807022095, 6.013819984218571e-06, 6.056301117496332e-06], [6.0211327763681766e-06, 5.969668109173654e-06, 6.021190074534388e-06, 5.970380243525142e-06, 5.978823992336402e-06, 6.014050541125471e-06, 0.9999579191207886, 5.979462912364397e-06], [6.071757979952963e-06, 6.0829670474049635e-06, 6.078142178012058e-06, 6.060731266188668e-06, 6.0666411627607886e-06, 6.0758816289308015e-06, 6.1032583289488684e-06, 0.9999574422836304]], "mean_depth_distance": 0.05259494110941887}
{"kind": "key", "receiver_layer": 17, "sender_layers": [11, 12, 13, 14, 15, 16], "layer_weights": [0.15505942702293396, 0.1721528321504593, 0.19360151886940002, 0.17865949869155884, 0.15896321833133698, 0.14156360924243927], "head_mapping": [[0.9999572038650513, 6.116647455201019e-06, 6.119885711086681e-06, 6.115667474659858e-06, 6.1114928939787205e-06, 6.113813014962943e-06, 6.1150494730100036e-06, 6.123119874246186e-06], [6.116168606240535e-06, 0.9999572038650513, 6.122845661593601e-06, 6.11234418101958e-06, 6.106959972385084e-06, 6.123487764853053e-06, 6.121339083620114e-06, 6.120510079199448e-06], [6.113778454164276e-06, 6.103618943598121e-06, 0.9999573230743408, 6.115772976045264e-06, 6.098382073105313e-06, 6.117027169239009e-06, 6.10706547377049e-06, 6.1103282860131e-06], [6.121187198004918e-06, 6.118765213614097e-06, 6.1048399402352516e-06, 0.9999572038650513, 6.106668934080517e-06, 6.11588893661974e-06, 6.1234527493070345e-06, 6.120743819337804e-06], [6.137413492979249e-06, 6.107146418798948e-06, 6.120743819337804e-06, 6.12726717008627e-06, 0.9999572038650513, 6.1094065131328534e-06, 6.125637810328044e-06, 6.128208042355254e-06], [6.065345587558113e-06, 6.055635367374634e-06, 6.070009476388805e-06, 6.06809362579952e-06, 6.076600129745202e-06, 0.9999574422836304, 6.067289177735802e-06, 6.051456239219988e-06], [6.145002316770842e-06, 6.14412374488893e-06, 6.15212138654897e-06, 6.144322924228618e-06, 6.138407115940936e-06, 6.1418973018589895e-06, 0.9999569654464722, 6.148988632048713e-06], [6.117598331911722e-06, 6.120078069216106e-06, 6.1162913880252745e-06, 6.1212340369820595e-06, 6.119109457358718e-06, 6.109190962888533e-06, 6.108911293267738e-06, 0.9999572038650513]], "mean_depth_distance": 0.05215947702527046}
{"kind": "key", "receiver_layer": 18, "sender_layers": [11, 12, 13, 14, 15, 16], "layer_weights": [0.14024309813976288, 0.15954482555389404, 0.17753268778324127, 0.19578352570533752, 0.17314738035202026, 0.1537485271692276], "head_mapping": [[0.9999581575393677, 5.954823336651316e-06, 5.972373855911428e-06, 5.9933599914074875e-06, 5.970859547232976e-06, 5.96952759224223e-06, 5.955958840786479e-06, 5.987373242533067e-06], [6.100628070271341e-06, 0.9999574422836304, 6.0461543398560025e-06, 6.065750312700402e-06, 6.073159511288395e-06, 6.025794391462114e-06, 6.064535682526184e-06, 6.074780685594305e-06], [6.077938905946212e-06, 6.081724677642342e-06, 0.9999573230743408, 6.103385658207117e-06, 6.093824140407378e-06, 6.098266112530837e-06, 6.081249466660665e-06, 6.113009021646576e-06], [6.063813088985626e-06, 6.075383680581581e-06, 6.081923402234679e-06, 0.9999574422836304, 6.033890713297296e-06, 6.090734132158104e-06, 6.108207799115917e-06, 6.049147941666888e-06], [5.979588422633242e-06, 5.978196895739529e-06, 6.029774795024423e-06, 6.014349310135003e-06, 0.9999579191207886, 6.010593551764032e-06, 6.061647582100704e-06, 6.064920853532385e-06], [6.0337656577758025e-06, 6.041447250026977e-06, 6.045942427590489e-06, 6.071539246477187e-06, 5.996318577672355e-06, 0.9999576807022095, 6.044731435395079e-06, 6.030463737261016e-06], [5.988239990983857e-06, 5.964257070445456e-06, 6.0106231103418395e-06, 6.024005415383726e-06, 6.0286147345323116e-06, 6.001801921229344e-06, 0.9999580383300781, 5.99393069933285e-06], [6.11495534030837e-06, 6.094287527957931e-06, 6.1345926951617e-06, 6.126150310592493e-06, 6.1499281400756445e-06, 6.141874564491445e-06, 6.123603725427529e-06, 0.9999570846557617]], "mean_depth_distance": 0.051969628781080246}
{"kind": "key", "receiver_layer": 19, "sender_layers": [12, 13, 14, 15, 16, 17], "layer_weights": [0.145528182387352, 0.16380822658538818, 0.18224966526031494, 0.18805932998657227, 0.16889981925487518, 0.15145479142665863], "head_mapping": [[0.9999576807022095, 6.040208063495811e-06, 6.059114639356267e-06, 6.0817733356088866e-06, 6.084018423280213e-06, 6.05550985710579e-06, 5.996719210088486e-06, 6.045872851245804e-06], [6.071665211493382e-06, 0.9999574422836304, 6.0817374105681665e-06, 6.084023425501073e-06, 6.112776645750273e-06, 6.078264050302096e-06, 6.100098744354909e-06, 6.117897100921255e-06], [6.135066541901324e-06, 6.152009973448003e-06, 0.9999570846557617, 6.129183475422906e-06, 6.108764864620753e-06, 6.0977467910561245e-06, 6.092317562433891e-06, 6.146421583252959e-06], [6.160240900499048e-06, 6.157304142107023e-06, 6.140193363535218e-06, 0.9999569654464722, 6.140620826045051e-06, 6.156018116598716e-06, 6.114161351433722e-06, 6.148936336103361e-06], [6.069672963349149e-06, 6.1169685068307444e-06, 6.11928498983616e-06, 6.075719284126535e-06, 0.9999573230743408, 6.1330379139690194e-06, 6.086250778025715e-06, 6.062054126232397e-06], [6.106391083449125e-06, 6.054215191397816e-06, 6.050290267012315e-06, 6.0983593357377686e-06, 6.033050794940209e-06, 0.9999574422836304, 6.086030680307886e-06, 6.103968644310953e-06], [6.1207974795252085e-06, 6.081133506086189e-06, 6.093150204833364e-06, 6.1193554756755475e-06, 6.112903975008521e-06, 6.086140274419449e-06, 0.9999573230743408, 6.078582373447716e-06], [6.113313247624319e-06, 6.0540128288266715e-06, 6.094696800573729e-06, 6.084974756959127e-06, 6.073866188671673e-06, 6.082270829210756e-06, 6.083721018512733e-06, 0.9999574422836304]], "mean_depth_distance": 0.052741844207048416}
{"kind": "key", "receiver_layer": 20, "sender_layers": [13, 14, 15, 16, 17, 18], "layer_weights": [0.14891138672828674, 0.16707201302051544, 0.18842612206935883, 0.18291211128234863, 0.16542473435401917, 0.1472535878419876], "head_mapping": [[0.9999574422836304, 6.093627234804444e-06, 6.086912890168605e-06, 6.080125331209274e-06, 6.109891728556249e-06, 6.079696049710037e-06, 6.070681138226064e-06, 6.103409759816714e-06], [6.030899385223165e-06, 0.9999574422836304, 6.074677003198303e-06, 6.053845481801545e-06, 6.115190444688778e-06, 6.059205588826444e-06, 6.083152584324125e-06, 6.052910521248123e-06], [6.0873367146996316e-06, 6.119029421824962e-06, 0.9999574422836304, 6.056490292394301e-06, 6.060453870304627e-06, 6.0970860431552865e-06, 6.064483386580832e-06, 6.026989467500243e-06], [6.118724741099868e-06, 6.086001121730078e-06, 6.090884198783897e-06, 0.9999573230743408, 6.1103633015591186e-06, 6.127881988504669e-06, 6.110672529757721e-06, 6.107892659201752e-06], [5.988050816085888e-06, 6.0202596614544746e-06, 5.996297204546863e-06, 6.004617716826033e-06, 0.9999579191207886, 6.028119059919845e-06, 5.994507318973774e-06, 5.997732841933612e-06], [6.061818112357287e-06, 6.044557267159689e-06, 6.104911790316692e-06, 6.0729339566023555e-06, 6.090489932830678e-06, 0.9999574422836304, 6.0479997046059e-06, 6.050382580724545e-06], [5.928481641603867e-06, 5.934823548159329e-06, 5.951168532192241e-06, 5.925819550611777e-06, 5.931417035753839e-06, 5.985558345855679e-06, 0.9999583959579468, 5.94504263062845e-06], [6.009618573443731e-06, 6.013327492837561e-06, 6.0269285313552245e-06, 6.035821115801809e-06, 6.015788585500559e-06, 6.018456133460859e-06, 6.013769507262623e-06, 0.999957799911499]], "mean_depth_distance": 0.052748020738363266}
{"kind": "key", "receiver_layer": 21, "sender_layers": [14, 15, 16, 17, 18, 19], "layer_weights": [0.1532157063484192, 0.17225848138332367, 0.1912650167942047, 0.17872238159179688, 0.16021765768527985, 0.14432084560394287], "head_mapping": [[0.9999567270278931, 6.173478141136002e-06, 6.162895260786172e-06, 6.175173894007457e-06, 6.164576461742399e-06, 6.161491000966635e-06, 6.174914688017452e-06, 6.163576927065151e-06], [6.1609857766598e-06, 0.9999568462371826, 6.14894088357687e-06, 6.151369234430604e-06, 6.148202828626381e-06, 6.151228262751829e-06, 6.165194463392254e-06, 6.163836587802507e-06], [6.127412689238554e-06, 6.128400400484679e-06, 0.9999570846557617, 6.1287041717150714e-06, 6.129435405455297e-06, 6.125729669292923e-06, 6.120007583376719e-06, 6.1313876358326524e-06], [6.152754849608755e-06, 6.1558303059428e-06, 6.151710749691119e-06, 0.9999569654464722, 6.157215921120951e-06, 6.150666195026133e-06, 6.153107278805692e-06, 6.1495757108787075e-06], [6.070901235943893e-06, 6.076003501220839e-06, 6.073918484617025e-06, 6.074028533475939e-06, 0.9999574422836304, 6.0790871430072e-06, 6.074497832742054e-06, 6.076739282434573e-06], [6.1275063671928365e-06, 6.1255195760168135e-06, 6.124520496086916e-06, 6.12234225627617e-06, 6.128330369392643e-06, 0.9999570846557617, 6.124421361164423e-06, 6.119925728853559e-06], [6.114005827839719e-06, 6.101721282902872e-06, 6.103420673753135e-06, 6.10314100413234e-06, 6.104328804212855e-06, 6.104783096816391e-06, 0.9999573230743408, 6.113895324233454e-06], [6.107642548158765e-06, 6.113049948908156e-06, 6.108067282184493e-06, 6.1024024944345e-06, 6.098905487306183e-06, 6.1044279391353484e-06, 6.100116024754243e-06, 0.9999573230743408]], "mean_depth_distance": 0.05250021442770958}
