{"kind": "key", "receiver_layer": 0, "sender_layers": [0, 1, 2, 3, 4, 5], "layer_weights": [0.21609942615032196, 0.19387133419513702, 0.17267906665802002, 0.1551385372877121, 0.13907311856746674, 0.12313847988843918], "head_mapping": [[0.9999570846557617, 6.176554052217398e-06, 6.147606200102018e-06, 6.138057415228104e-06, 6.129546363808913e-06, 6.137612217571586e-06, 6.1229734455992e-06, 6.130299880169332e-06], [6.131989266577875e-06, 0.9999569654464722, 6.162691079225624e-06, 6.158378710097168e-06, 6.136944193713134e-06, 6.163208581710933e-06, 6.141312042018399e-06, 6.151663455966627e-06], [6.1078003454895224e-06, 6.090327588026412e-06, 0.9999574422836304, 6.094644504628377e-06, 6.091686373110861e-06, 6.08059508522274e-06, 6.117640623415355e-06, 6.079012109694304e-06], [6.086140274419449e-06, 6.12881649431074e-06, 6.090384431445273e-06, 0.9999573230743408, 6.073031272535445e-06, 6.109517926233821e-06, 6.0754932746931445e-06, 6.090047918405617e-06], [6.149370165076107e-06, 6.14823829891975e-06, 6.1313871810853016e-06, 6.130363999545807e-06, 0.9999569654464722, 6.149516593723092e-06, 6.169112566567492e-06, 6.1398945945256855e-06], [6.200997631822247e-06, 6.236212811927544e-06, 6.200057214300614e-06, 6.190905423864024e-06, 6.221896001079585e-06, 0.9999566078186035, 6.18401918472955e-06, 6.237783054530155e-06], [6.117043540143641e-06, 6.1221271607792005e-06, 6.128085715317866e-06, 6.106849014031468e-06, 6.126606876932783e-06, 6.118631063145585e-06, 0.9999572038650513, 6.103379746491555e-06], [6.070906692912104e-06, 6.085949280532077e-06, 6.094330728956265e-06, 6.061135991330957e-06, 6.0809602473455016e-06, 6.07507035965682e-06, 6.081923402234679e-06, 0.9999574422836304]], "mean_depth_distance": 0.08061593025922775}
{"kind": "key", "receiver_layer": 1, "sender_layers": [0, 1, 2, 3, 4, 5], "layer_weights": [0.18724654614925385, 0.19997689127922058, 0.1804550737142563, 0.16097067296504974, 0.14362464845180511, 0.12772613763809204], "head_mapping": [[0.9999569654464722, 6.133620900072856e-06, 6.146561645437032e-06, 6.141393896541558e-06, 6.155126357043628e-06, 6.129130269982852e-06, 6.174621830723481e-06, 6.160669727250934e-06], [6.081099400034873e-06, 0.9999574422836304, 6.088016107241856e-06, 6.0794063756475225e-06, 6.0879697230120655e-06, 6.102688075770857e-06, 6.095696789998328e-06, 6.088434020057321e-06], [6.123201728769345e-06, 6.114408279245254e-06, 0.9999572038650513, 6.108544312155573e-06, 6.096473953220993e-06, 6.112938535807189e-06, 6.08676646152162e-06, 6.10647066423553e-06], [6.0990682868578006e-06, 6.104346084612189e-06, 6.11212863077526e-06, 0.9999573230743408, 6.088172540330561e-06, 6.1111204558983445e-06, 6.104387011873769e-06, 6.101418421167182e-06], [6.059800853108754e-06, 6.081748779251939e-06, 6.082311756472336e-06, 6.092616331443423e-06, 0.9999574422836304, 6.07515767114819e-06, 6.074179054849083e-06, 6.087806923460448e-06], [6.095637672842713e-06, 6.099033726059133e-06, 6.107060016802279e-06, 6.110013146098936e-06, 6.088305781304371e-06, 0.9999573230743408, 6.093010597396642e-06, 6.093219326430699e-06], [6.097229743318167e-06, 6.133224815130234e-06, 6.1100708990124986e-06, 6.1431992435245775e-06, 6.1100708990124986e-06, 6.114104962762212e-06, 0.9999572038650513, 6.132405815151287e-06], [6.079348167986609e-06, 6.073032182030147e-06, 6.081058927520644e-06, 6.0756733546440955e-06, 6.089770067774225e-06, 6.067584308766527e-06, 6.0729621509381104e-06, 0.9999574422836304]], "mean_depth_distance": 0.06571831554174423}
{"kind": "key", "receiver_layer": 2, "sender_layers": [0, 1, 2, 3, 4, 5], "layer_weights": [0.16661716997623444, 0.18659937381744385, 0.18983642756938934, 0.17008733749389648, 0.1525355726480484, 0.1343240737915039], "head_mapping": [[0.9999576807022095, 6.04277238380746e-06, 6.054759069229476e-06, 6.090409897296922e-06, 6.058432518329937e-06, 6.049241619621171e-06, 6.032373676134739e-06, 6.0337538343446795e-06], [6.120900252426509e-06, 0.9999570846557617, 6.096996457927162e-06, 6.13163274465478e-06, 6.095740900491364e-06, 6.151723027869593e-06, 6.144323378975969e-06, 6.133697297627805e-06], [6.106360160629265e-06, 6.112192295404384e-06, 0.9999572038650513, 6.085031145630637e-06, 6.131382633611793e-06, 6.124036644905573e-06, 6.091789600759512e-06, 6.096799552324228e-06], [6.126635526015889e-06, 6.139632205304224e-06, 6.151335583126638e-06, 0.9999570846557617, 6.133978331490653e-06, 6.118379587860545e-06, 6.109475634730188e-06, 6.124246283434331e-06], [6.105550710344687e-06, 6.1280152294784784e-06, 6.1098030528228264e-06, 6.09090102443588e-06, 0.9999572038650513, 6.091447176004294e-06, 6.129248049546732e-06, 6.09963763054111e-06], [6.15692806604784e-06, 6.14260034126346e-06, 6.155008577479748e-06, 6.131234840722755e-06, 6.149675300548552e-06, 0.9999569654464722, 6.146373834781116e-06, 6.115070846135495e-06], [6.137482614576584e-06, 6.131047484814189e-06, 6.1450255088857375e-06, 6.135375770099927e-06, 6.135767762316391e-06, 6.135890998848481e-06, 0.9999569654464722, 6.122955255705165e-06], [6.107764875196153e-06, 6.096498509577941e-06, 6.076779754948802e-06, 6.084475899115205e-06, 6.094929631217383e-06, 6.098627181927441e-06, 6.090652732382296e-06, 0.9999574422836304]], "mean_depth_distance": 0.05674690753221512}
{"kind": "key", "receiver_layer": 3, "sender_layers": [0, 1, 2, 3, 4, 5], "layer_weights": [0.15078102052211761, 0.16823811829090118, 0.18911488354206085, 0.18314623832702637, 0.163077712059021, 0.14564207196235657], "head_mapping": [[0.9999574422836304, 6.0800553001172375e-06, 6.072360065445537e-06, 6.078130354580935e-06, 6.054688128642738e-06, 6.100989139667945e-06, 6.075777037040098e-06, 6.072070846130373e-06], [6.055532139725983e-06, 0.9999575614929199, 6.048006525816163e-06, 6.057311566110002e-06, 6.062350621505175e-06, 6.053875495126704e-06, 6.027570634614676e-06, 6.061853582650656e-06], [6.087771453167079e-06, 6.096695869928226e-06, 0.9999573230743408, 6.106693035690114e-06, 6.112577921157936e-06, 6.126093467173632e-06, 6.135009698482463e-06, 6.104421572672436e-06], [6.1182281569927e-06, 6.109989044489339e-06, 6.110496087785577e-06, 0.9999572038650513, 6.115224095992744e-06, 6.120323632785585e-06, 6.1069831644999795e-06, 6.115014457463985e-06], [6.11920813753386e-06, 6.125765139586292e-06, 6.128663244453492e-06, 6.1433274822775275e-06, 0.9999570846557617, 6.131305326562142e-06, 6.130837846285431e-06, 6.1344758250925224e-06], [6.074352768337121e-06, 6.058835879230173e-06, 6.088765076128766e-06, 6.063552973500919e-06, 6.070785275369417e-06, 0.9999574422836304, 6.080310868128436e-06, 6.070565177651588e-06], [6.070976269256789e-06, 6.0965448938077316e-06, 6.077446414565202e-06, 6.088027475925628e-06, 6.062477041268721e-06, 6.068579295970267e-06, 0.9999574422836304, 6.105145075707696e-06], [6.113614745117957e-06, 6.131750978966011e-06, 6.1249484133441e-06, 6.1118776102375705e-06, 6.101557573856553e-06, 6.102814950281754e-06, 6.0997772379778326e-06, 0.9999572038650513]], "mean_depth_distance": 0.05263485014438629}
{"kind": "key", "receiver_layer": 4, "sender_layers": [1, 2, 3, 4, 5, 6], "layer_weights": [0.15437674522399902, 0.1747332662343979, 0.19443175196647644, 0.17672497034072876, 0.1581692099571228, 0.1415640264749527], "head_mapping": [[0.9999570846557617, 6.179406227602158e-06, 6.120964371802984e-06, 6.121583737694891e-06, 6.137817308626836e-06, 6.102243787609041e-06, 6.115059932199074e-06, 6.0985198615526315e-06], [6.098086032579886e-06, 0.9999573230743408, 6.078756541683106e-06, 6.078048954805126e-06, 6.094870059314417e-06, 6.109576588642085e-06, 6.1068267314112745e-06, 6.094474883866496e-06], [6.094295258662896e-06, 6.1232603911776096e-06, 0.9999573230743408, 6.123424100223929e-06, 6.106436558184214e-06, 6.126654625404626e-06, 6.1081605053914245e-06, 6.117686552897794e-06], [6.143502105260268e-06, 6.137435775599442e-06, 6.16794704910717e-06, 0.9999568462371826, 6.139273409644375e-06, 6.1600694607477635e-06, 6.180777745612431e-06, 6.142997790448135e-06], [6.115646101534367e-06, 6.090356237109518e-06, 6.079580089135561e-06, 6.092337116569979e-06, 0.9999574422836304, 6.073373697290663e-06, 6.082015715946909e-06, 6.06746289122384e-06], [6.088968348194612e-06, 6.0927441154490225e-06, 6.094580385251902e-06, 6.075771580071887e-06, 6.0679431044263765e-06, 0.9999574422836304, 6.085409495426575e-06, 6.068747552490095e-06], [6.129307166702347e-06, 6.117545581219019e-06, 6.107449280534638e-06, 6.121777005319018e-06, 6.157945335871773e-06, 6.122308150224853e-06, 0.9999572038650513, 6.131095688033383e-06], [6.101221060816897e-06, 6.097707682783948e-06, 6.091674094932387e-06, 6.094765467423713e-06, 6.117254997661803e-06, 6.088648206059588e-06, 6.0965212469454855e-06, 0.9999573230743408]], "mean_depth_distance": 0.05204733461141586}
{"kind": "key", "receiver_layer": 5, "sender_layers": [1, 2, 3, 4, 5, 6], "layer_weights": [0.14179299771785736, 0.15988236665725708, 0.17720240354537964, 0.19241413474082947, 0.17345841228961945, 0.155249685049057], "head_mapping": [[0.9999572038650513, 6.116081294749165e-06, 6.123207185737556e-06, 6.101185135776177e-06, 6.110875347076217e-06, 6.099643542256672e-06, 6.132663202151889e-06, 6.109989044489339e-06], [6.125636900833342e-06, 0.9999570846557617, 6.106062301114434e-06, 6.126407697593095e-06, 6.143070095276926e-06, 6.115713404142298e-06, 6.127810138423229e-06, 6.114523785072379e-06], [6.13783458902617e-06, 6.136799129308201e-06, 0.9999570846557617, 6.136020147096133e-06, 6.129686425992986e-06, 6.140293862699764e-06, 6.123183084127959e-06, 6.120719717728207e-06], [6.1227638070704415e-06, 6.119249519542791e-06, 6.1245741562743206e-06, 0.9999572038650513, 6.120737907622242e-06, 6.106179625930963e-06, 6.117907560110325e-06, 6.105480679252651e-06], [6.1456180446839426e-06, 6.142788151919376e-06, 6.142676738818409e-06, 6.140193363535218e-06, 0.9999569654464722, 6.155724349810043e-06, 6.138945991551736e-06, 6.142459824332036e-06], [6.114938514656387e-06, 6.1077403188392054e-06, 6.117924840509659e-06, 6.109732566983439e-06, 6.091888280934654e-06, 0.9999572038650513, 6.102506176830502e-06, 6.113416930020321e-06], [6.111318725743331e-06, 6.10275128565263e-06, 6.107548870204482e-06, 6.108638899604557e-06, 6.103088708186988e-06, 6.111732545832638e-06, 0.9999573230743408, 6.10314100413234e-06], [6.115026735642459e-06, 6.107601620897185e-06, 6.093463525758125e-06, 6.100185601098929e-06, 6.091302566346712e-06, 6.102785846451297e-06, 6.093859155953396e-06, 0.9999573230743408]], "mean_depth_distance": 0.05230884999036789}
{"kind": "key", "receiver_layer": 6, "sender_layers": [2, 3, 4, 5, 6, 7], "layer_weights": [0.1463148593902588, 0.16322697699069977, 0.18238426744937897, 0.1888686567544937, 0.16900624334812164, 0.15019898116588593], "head_mapping": [[0.9999574422836304, 6.097347522882046e-06, 6.087179826863576e-06, 6.1008377088001e-06, 6.097463938203873e-06, 6.091465820645681e-06, 6.090147508075461e-06, 6.072522410249803e-06], [6.0565721469174605e-06, 0.9999575614929199, 6.073484200896928e-06, 6.070583367545623e-06, 6.061321528250119e-06, 6.073124950489728e-06, 6.049379408068489e-06, 6.094458967709215e-06], [6.09627750236541e-06, 6.077759735489963e-06, 0.9999574422836304, 6.083953394409036e-06, 6.076699264667695e-06, 6.088016107241856e-06, 6.08312939220923e-06, 6.0882020989083685e-06], [6.125544132373761e-06, 6.099975507822819e-06, 6.115323230915237e-06, 0.9999572038650513, 6.108369689172832e-06, 6.122786999185337e-06, 6.1158307289588265e-06, 6.111422862886684e-06], [6.11716131970752e-06, 6.11996210864163e-06, 6.092789590184111e-06, 6.084933374950197e-06, 0.9999573230743408, 6.111715265433304e-06, 6.095312073739478e-06, 6.096126071497565e-06], [6.138314802228706e-06, 6.137284344731597e-06, 6.11640189163154e-06, 6.117002612882061e-06, 6.131071586423786e-06, 0.9999570846557617, 6.1319251472014e-06, 6.141089670563815e-06], [6.11759196544881e-06, 6.107088211138034e-06, 6.132815542514436e-06, 6.124224000814138e-06, 6.113545168773271e-06, 6.107600711402483e-06, 0.9999572038650513, 6.10439792581019e-06], [6.119914814917138e-06, 6.114477855589939e-06, 6.1160872064647265e-06, 6.104130079620518e-06, 6.129587745817844e-06, 6.104688509367406e-06, 6.127985670900671e-06, 0.9999572038650513]], "mean_depth_distance": 0.05271054804325104}
{"kind": "key", "receiver_layer": 7, "sender_layers": [3, 4, 5, 6, 7, 8], "layer_weights": [0.14985640347003937, 0.1676955670118332, 0.18652698397636414, 0.1840571165084839, 0.16429945826530457, 0.14756441116333008], "head_mapping": [[0.9999574422836304, 6.055519861547509e-06, 6.08250866207527e-06, 6.0865877458127216e-06, 6.062147804186679e-06, 6.066184141673148e-06, 6.073472377465805e-06, 6.052321623428725e-06], [6.089525413699448e-06, 0.9999573230743408, 6.121812475612387e-06, 6.1069549701642245e-06, 6.085014319978654e-06, 6.090082479204284e-06, 6.091087470849743e-06, 6.105667580413865e-06], [6.076293630030705e-06, 6.06041930950596e-06, 0.9999574422836304, 6.082688742026221e-06, 6.09225025982596e-06, 6.08666914558853e-06, 6.071317784517305e-06, 6.082480012992164e-06], [6.063149612600682e-06, 6.037726052454673e-06, 6.059345651010517e-06, 0.9999576807022095, 6.064919489290332e-06, 6.049252988304943e-06, 6.064994522603229e-06, 6.05537661613198e-06], [6.057634891476482e-06, 6.052691787772346e-06, 6.054602636140771e-06, 6.050256160960998e-06, 0.9999575614929199, 6.053649485693313e-06, 6.0511447372846305e-06, 6.04408569415682e-06], [6.088945156079717e-06, 6.077110356272897e-06, 6.08286245551426e-06, 6.084220331104007e-06, 6.099778602219885e-06, 0.9999574422836304, 6.094592208683025e-06, 6.085264431021642e-06], [6.087492693040986e-06, 6.115772976045264e-06, 6.114385541877709e-06, 6.1017558437015396e-06, 6.110852609708672e-06, 6.1116334109101444e-06, 0.9999573230743408, 6.108463367127115e-06], [6.143508926470531e-06, 6.117778866610024e-06, 6.127248980192235e-06, 6.134276645752834e-06, 6.1265127442311496e-06, 6.143040536699118e-06, 6.15529688730021e-06, 0.9999570846557617]], "mean_depth_distance": 0.05281558260321617}
{"kind": "key", "receiver_layer": 8, "sender_layers": [4, 5, 6, 7, 8, 9], "layer_weights": [0.1533307433128357, 0.17127811908721924, 0.19283336400985718, 0.18030519783496857, 0.16025908291339874, 0.14199353754520416], "head_mapping": [[0.9999572038650513, 6.102896804804914e-06, 6.092353487474611e-06, 6.104747171775671e-06, 6.084299911890412e-06, 6.123990260675782e-06, 6.128324912424432e-06, 6.098090580053395e-06], [6.079556897020666e-06, 0.9999574422836304, 6.074827524571447e-06, 6.066201422072481e-06, 6.083802418288542e-06, 6.114106327004265e-06, 6.072464657336241e-06, 6.07439324085135e-06], [6.108324214437744e-06, 6.082827894715592e-06, 0.9999574422836304, 6.111406946729403e-06, 6.093674073781585e-06, 6.093795946071623e-06, 6.1072873904777225e-06, 6.087574547564145e-06], [6.089374892326305e-06, 6.075575129216304e-06, 6.083338575990638e-06, 0.9999574422836304, 6.066085916245356e-06, 6.081227184040472e-06, 6.054780897102319e-06, 6.084974756959127e-06], [6.1319724409258924e-06, 6.1355290199571755e-06, 6.11025643593166e-06, 6.1205732890812214e-06, 0.9999570846557617, 6.141593530628597e-06, 6.149036835267907e-06, 6.133685474196682e-06], [6.074149951018626e-06, 6.065460638637887e-06, 6.087551810196601e-06, 6.073680651752511e-06, 6.107438821345568e-06, 0.9999574422836304, 6.092348940001102e-06, 6.098498943174491e-06], [6.1255313994479366e-06, 6.137096988823032e-06, 6.105026386649115e-06, 6.1459295466193e-06, 6.129902885732008e-06, 6.119225872680545e-06, 0.9999570846557617, 6.150737590360222e-06], [6.077898888179334e-06, 6.0619913710979745e-06, 6.072221367503516e-06, 6.077307261875831e-06, 6.098905942053534e-06, 6.050371212040773e-06, 6.0585584833461326e-06, 0.9999574422836304]], "mean_depth_distance": 0.05224902555346489}
{"kind": "key", "receiver_layer": 9, "sender_layers": [4, 5, 6, 7, 8, 9], "layer_weights": [0.14098624885082245, 0.15738807618618011, 0.1763780564069748, 0.19493752717971802, 0.17436064779758453, 0.1559494584798813], "head_mapping": [[0.9999575614929199, 6.038715582690202e-06, 6.042390850780066e-06, 6.032378678355599e-06, 6.047671831765911e-06, 6.048762315913336e-06, 6.0594957176363096e-06, 6.045538157195551e-06], [6.155959454190452e-06, 0.9999569654464722, 6.139297511253972e-06, 6.142606707726372e-06, 6.168835625430802e-06, 6.178137937240535e-06, 6.142852271295851e-06, 6.1583550632349215e-06], [6.081423180148704e-06, 6.1106316024961416e-06, 0.9999573230743408, 6.092382591305068e-06, 6.077851594454842e-06, 6.091685463616159e-06, 6.0726374613295775e-06, 6.0924758145119995e-06], [6.093493993830634e-06, 6.0994530031166505e-06, 6.095801381889032e-06, 0.9999574422836304, 6.095731350796996e-06, 6.106158252805471e-06, 6.090519036661135e-06, 6.1001860558462795e-06], [6.072059477446601e-06, 6.072436008253135e-06, 6.055382073100191e-06, 6.054175628378289e-06, 0.9999575614929199, 6.057680820958922e-06, 6.064565241103992e-06, 6.064605713618221e-06], [6.073681106499862e-06, 6.094627224229043e-06, 6.04975957685383e-06, 6.073229087633081e-06, 6.053903689462459e-06, 0.9999575614929199, 6.062154170649592e-06, 6.038450464984635e-06], [6.094480795582058e-06, 6.124691481090849e-06, 6.105010015744483e-06, 6.110345566412434e-06, 6.07646052230848e-06, 6.100708560552448e-06, 0.9999573230743408, 6.093207957746927e-06], [6.1206610553199425e-06, 6.13004249316873e-06, 6.117504199210089e-06, 6.135318017186364e-06, 6.140369805507362e-06, 6.1318201005633455e-06, 6.1424020714184735e-06, 0.9999570846557617]], "mean_depth_distance": 0.051972515881061554}
{"kind": "key", "receiver_layer": 10, "sender_layers": [5, 6, 7, 8, 9, 10], "layer_weights": [0.14494480192661285, 0.16139526665210724, 0.1806759536266327, 0.19058434665203094, 0.17069697380065918, 0.15170270204544067], "head_mapping": [[0.9999572038650513, 6.126162588770967e-06, 6.124784704297781e-06, 6.112355549703352e-06, 6.104241037974134e-06, 6.1210939747979864e-06, 6.120486887084553e-06, 6.117451903264737e-06], [6.093277988838963e-06, 0.9999573230743408, 6.106925866333768e-06, 6.103408850322012e-06, 6.097289315221133e-06, 6.092162038839888e-06, 6.094067884987453e-06, 6.100981863710331e-06], [6.132177077233791e-06, 6.127050710347248e-06, 0.9999570846557617, 6.131457666924689e-06, 6.125338586571161e-06, 6.123019829828991e-06, 6.128967015683884e-06, 6.126646894699661e-06], [6.133545412012609e-06, 6.149247838038718e-06, 6.135961939435219e-06, 0.9999570846557617, 6.14847931501572e-06, 6.146128725958988e-06, 6.144763119664276e-06, 6.131118425400928e-06], [6.129727353254566e-06, 6.128943823568989e-06, 6.116996701166499e-06, 6.1302180256461725e-06, 0.9999570846557617, 6.127716460468946e-06, 6.124211267888313e-06, 6.13321253695176e-06], [6.114798907219665e-06, 6.0858551478304435e-06, 6.113906238169875e-06, 6.122214927017922e-06, 6.107920853537507e-06, 0.9999572038650513, 6.089750968385488e-06, 6.107262834120775e-06], [6.110723461461021e-06, 6.114920779509703e-06, 6.113346444180934e-06, 6.108043180574896e-06, 6.112961727922084e-06, 6.1155506045906805e-06, 0.9999572038650513, 6.119348654465284e-06], [6.100471182435285e-06, 6.091745035519125e-06, 6.093615866120672e-06, 6.096289325796533e-06, 6.093906449677888e-06, 6.0877255236846395e-06, 6.087446763558546e-06, 0.9999574422836304]], "mean_depth_distance": 0.05258603021502495}
{"kind": "key", "receiver_layer": 11, "sender_layers": [6, 7, 8, 9, 10, 11], "layer_weights": [0.14776280522346497, 0.16754665970802307, 0.18615667521953583, 0.18590208888053894, 0.16466356813907623, 0.14796817302703857], "head_mapping": [[0.9999574422836304, 6.103689429437509e-06, 6.075812507333467e-06, 6.078026672184933e-06, 6.081824267312186e-06, 6.091384420869872e-06, 6.086959729145747e-06, 6.077041234675562e-06], [6.047556780686136e-06, 0.9999575614929199, 6.065057277737651e-06, 6.059380211809184e-06, 6.067307367629837e-06, 6.059760835341876e-06, 6.0488259805424605e-06, 6.050060164852766e-06], [6.08476602792507e-06, 6.0736751947843e-06, 0.9999574422836304, 6.064003628125647e-06, 6.081638730393024e-06, 6.07680931352661e-06, 6.082665549911326e-06, 6.090838269301457e-06], [6.0591073633986525e-06, 6.089096132200211e-06, 6.0795105127908755e-06, 0.9999574422836304, 6.072417818359099e-06, 6.083233984099934e-06, 6.073437816667138e-06, 6.063431101210881e-06], [6.0659122027573176e-06, 6.049828698451165e-06, 6.077585567254573e-06, 6.083657353883609e-06, 0.9999574422836304, 6.070912604627665e-06, 6.052506250853185e-06, 6.0560282690858e-06], [6.086715529818321e-06, 6.079986178519903e-06, 6.099814072513254e-06, 6.080264483898645e-06, 6.06433331995504e-06, 0.9999574422836304, 6.076206773286685e-06, 6.076704721635906e-06], [6.147752628749004e-06, 6.13542351857177e-06, 6.12352232565172e-06, 6.117895281931851e-06, 6.147688054625178e-06, 6.144463895907393e-06, 0.9999570846557617, 6.11179530096706e-06], [6.083761945774313e-06, 6.07344918535091e-06, 6.098242920415942e-06, 6.06637513556052e-06, 6.072840733395424e-06, 6.091117029427551e-06, 6.07676838626503e-06, 0.9999574422836304]], "mean_depth_distance": 0.052727051079273224}
{"kind": "key", "receiver_layer": 12, "sender_layers": [7, 8, 9, 10, 11, 12], "layer_weights": [0.1521047055721283, 0.17014677822589874, 0.19021794199943542, 0.18090088665485382, 0.16206888854503632, 0.14456087350845337], "head_mapping": [[0.9999573230743408, 6.103804935264634e-06, 6.10637289355509e-06, 6.106867658672854e-06, 6.108964953455143e-06, 6.101360668253619e-06, 6.109022706368705e-06, 6.103769919718616e-06], [6.096282959333621e-06, 0.9999573230743408, 6.1037585510348435e-06, 6.107834451540839e-06, 6.086111625336343e-06, 6.102466159063624e-06, 6.095498065405991e-06, 6.097137429605937e-06], [6.126975222287001e-06, 6.119821136962855e-06, 0.9999572038650513, 6.118596047599567e-06, 6.101994586060755e-06, 6.100725840951782e-06, 6.107321041781688e-06, 6.119097633927595e-06], [6.11020004726015e-06, 6.112332812335808e-06, 6.111062248237431e-06, 0.9999573230743408, 6.114769803389208e-06, 6.104945896368008e-06, 6.094108812249033e-06, 6.0902566474396735e-06], [6.0887709878443275e-06, 6.078165824874304e-06, 6.087853307690239e-06, 6.0960283008171245e-06, 0.9999574422836304, 6.091407612984767e-06, 6.100256086938316e-06, 6.094011041568592e-06], [6.109861715231091e-06, 6.083169409976108e-06, 6.0843008213851135e-06, 6.078964815969812e-06, 6.09015205554897e-06, 0.9999573230743408, 6.1008831835351884e-06, 6.106063665356487e-06], [6.096748165873578e-06, 6.108463367127115e-06, 6.0922316151845735e-06, 6.102070528868353e-06, 6.108137313276529e-06, 6.099225629441207e-06, 0.9999573230743408, 6.10852748650359e-06], [6.092465355322929e-06, 6.1079804254404735e-06, 6.090240276535042e-06, 6.095086064306088e-06, 6.090606348152505e-06, 6.0853344621136785e-06, 6.085067525418708e-06, 0.9999574422836304]], "mean_depth_distance": 0.05257371813058853}
{"kind": "key", "receiver_layer": 13, "sender_layers": [8, 9, 10, 11, 12, 13], "layer_weights": [0.15590670704841614, 0.17432130873203278, 0.1957850158214569, 0.17666102945804596, 0.15676799416542053, 0.1405579000711441], "head_mapping": [[0.9999574422836304, 6.060066425561672e-06, 6.0491020121844485e-06, 6.061853127903305e-06, 6.056790425645886e-06, 6.070252766221529e-06, 6.0770234995288774e-06, 6.0680590650008526e-06], [6.0944862525502685e-06, 0.9999573230743408, 6.087098427087767e-06, 6.099860001995694e-06, 6.080089406168554e-06, 6.092464445828227e-06, 6.1249311329447664e-06, 6.0790457609982695e-06], [6.12309122516308e-06, 6.100254722696263e-06, 0.9999572038650513, 6.105573902459582e-06, 6.112868959462503e-06, 6.1384084801829886e-06, 6.133458555268589e-06, 6.128120276116533e-06], [6.09749804425519e-06, 6.08547907177126e-06, 6.118281362432754e-06, 0.9999573230743408, 6.089769158279523e-06, 6.092661806178512e-06, 6.0922434386156965e-06, 6.098254289099714e-06], [6.064593435439747e-06, 6.068122729629977e-06, 6.080739694880322e-06, 6.072702035453403e-06, 0.9999574422836304, 6.072255928302184e-06, 6.092238436394837e-06, 6.0637898968707304e-06], [6.082212166802492e-06, 6.090274382586358e-06, 6.1112368712201715e-06, 6.09400467510568e-06, 6.124084393377416e-06, 0.9999573230743408, 6.112647497502621e-06, 6.097835466789547e-06], [6.064455192245077e-06, 6.0412676248233765e-06, 6.0405586737033445e-06, 6.0583743106690235e-06, 6.058513008611044e-06, 6.071636562410276e-06, 0.9999575614929199, 6.06609819442383e-06], [6.061437034077244e-06, 6.081192168494454e-06, 6.095347998780198e-06, 6.0916986512893345e-06, 6.094191121519543e-06, 6.088277586968616e-06, 6.072887117625214e-06, 0.9999574422836304]], "mean_depth_distance": 0.051833029836416245}
{"kind": "key", "receiver_layer": 14, "sender_layers": [8, 9, 10, 11, 12, 13], "layer_weights": [0.14266541600227356, 0.16011843085289001, 0.17970311641693115, 0.19122381508350372, 0.17222492396831512, 0.15406426787376404], "head_mapping": [[0.9999574422836304, 6.084382675908273e-06, 6.10044799032039e-06, 6.057091013644822e-06, 6.0728816606570035e-06, 6.063275577616878e-06, 6.066860805731267e-06, 6.084034794184845e-06], [6.06260482527432e-06, 0.9999575614929199, 6.064131412131246e-06, 6.033414138073567e-06, 6.05142167842132e-06, 6.0357683651091065e-06, 6.051935542927822e-06, 6.071422376408009e-06], [6.0595357354031876e-06, 6.061044132366078e-06, 0.9999575614929199, 6.049275270925136e-06, 6.104021395003656e-06, 6.056854999769712e-06, 6.043059329385869e-06, 6.076856152503751e-06], [6.069310074963141e-06, 6.054192454030272e-06, 6.049540843378054e-06, 0.9999575614929199, 6.060442501620855e-06, 6.0620154727075715e-06, 6.0519755606947e-06, 6.068679340387462e-06], [6.082259460526984e-06, 6.088225291023264e-06, 6.084266715333797e-06, 6.1085047491360456e-06, 0.9999574422836304, 6.0981151364103425e-06, 6.0892875808349345e-06, 6.074514658394037e-06], [6.086390840209788e-06, 6.080710591049865e-06, 6.069916707929224e-06, 6.088817372074118e-06, 6.0785132518503815e-06, 0.9999574422836304, 6.064801709726453e-06, 6.08834670856595e-06], [6.069413757359143e-06, 6.039141680957982e-06, 6.064432454877533e-06, 6.067457889002981e-06, 6.065242359909462e-06, 6.061437488824595e-06, 0.9999575614929199, 6.0866641433676705e-06], [6.0448928707046434e-06, 6.026669325365219e-06, 6.048087470844621e-06, 6.049483545211842e-06, 6.060698069632053e-06, 6.059611223463435e-06, 6.071382813388482e-06, 0.9999576807022095]], "mean_depth_distance": 0.05241832509636879}
{"kind": "key", "receiver_layer": 15, "sender_layers": [9, 10, 11, 12, 13, 14], "layer_weights": [0.14678053557872772, 0.16412045061588287, 0.18355655670166016, 0.1880432814359665, 0.16783791780471802, 0.14966125786304474], "head_mapping": [[0.9999576807022095, 6.045031113899313e-06, 6.0466227296274155e-06, 6.054620826034807e-06, 6.047355327609694e-06, 6.043751909601269e-06, 6.039752861397574e-06, 6.056214260752313e-06], [6.102954557718476e-06, 0.9999572038650513, 6.095346179790795e-06, 6.125520485511515e-06, 6.120521902630571e-06, 6.104573003540281e-06, 6.1166997511463705e-06, 6.097433470131364e-06], [6.088399004511302e-06, 6.111388302088017e-06, 0.9999573230743408, 6.12279882261646e-06, 6.118526926002232e-06, 6.102867700974457e-06, 6.088027021178277e-06, 6.097201548982412e-06], [6.042057975719217e-06, 6.045642749086255e-06, 6.04024853601004e-06, 0.9999576807022095, 6.065693924028892e-06, 6.033777026459575e-06, 6.050343472452369e-06, 6.052207481843652e-06], [6.085757831897354e-06, 6.068921265978133e-06, 6.072018550185021e-06, 6.072626547393156e-06, 0.9999574422836304, 6.067786671337672e-06, 6.079400463931961e-06, 6.080826551624341e-06], [6.054186997062061e-06, 6.04864089837065e-06, 6.046022917871596e-06, 6.066283276595641e-06, 6.059090992494021e-06, 0.9999575614929199, 6.0662368923658505e-06, 6.0524148466356564e-06], [6.0402821873140056e-06, 6.058646249584854e-06, 6.036205832060659e-06, 6.040950665919809e-06, 6.064212357159704e-06, 6.0487218433991075e-06, 0.9999575614929199, 6.060113264538813e-06], [6.083327207306866e-06, 6.100151040300261e-06, 6.090013357606949e-06, 6.079348167986609e-06, 6.074711563996971e-06, 6.078264050302096e-06, 6.080780622141901e-06, 0.9999574422836304]], "mean_depth_distance": 0.052742596715688705}
{"kind": "key", "receiver_layer": 16, "sender_layers": [10, 11, 12, 13, 14, 15], "layer_weights": [0.1508287936449051, 0.16857294738292694, 0.18991048634052277, 0.18245111405849457, 0.16210733354091644, 0.14612935483455658], "head_mapping": [[0.9999576807022095, 6.057416158000706e-06, 6.038117589923786e-06, 6.058501639927272e-06, 6.030222721165046e-06, 6.045550435374025e-06, 6.046553608030081e-06, 6.042853328835918e-06], [6.053626748325769e-06, 0.9999575614929199, 6.046114776836475e-06, 6.045122972864192e-06, 6.041601409378927e-06, 6.063021373847732e-06, 6.049205694580451e-06, 6.072916676203022e-06], [6.036696504452266e-06, 6.020109594828682e-06, 0.999957799911499, 6.0384522839740384e-06, 6.025876700732624e-06, 6.0344227676978335e-06, 6.028705229255138e-06, 6.011389359628083e-06], [6.060650775907561e-06, 6.055497578927316e-06, 6.0321599448798224e-06, 0.9999575614929199, 6.049142939446028e-06, 6.065496563678607e-06, 6.0476081671367865e-06, 6.029749783920124e-06], [6.1018081396468915e-06, 6.10723463978502e-06, 6.110013146098936e-06, 6.112484243203653e-06, 0.9999573230743408, 6.134863269835478e-06, 6.105516604293371e-06, 6.126093467173632e-06], [6.095679509598995e-06, 6.1142168306105305e-06, 6.062372904125368e-06, 6.072093583497917e-06, 6.101349754317198e-06, 0.9999574422836304, 6.085681889089756e-06, 6.087011570343748e-06], [6.044911060598679e-06, 6.0295042203506455e-06, 6.026474238751689e-06, 6.004914666846162e-06, 6.023658897902351e-06, 6.026997652952559e-06, 0.999957799911499, 6.0355964706104714e-06], [6.122938884800533e-06, 6.109604328230489e-06, 6.130195288278628e-06, 6.105311513238121e-06, 6.105474767537089e-06, 6.1254795582499355e-06, 6.133048827905441e-06, 0.9999572038650513]], "mean_depth_distance": 0.0526544414460659}
{"kind": "key", "receiver_layer": 17, "sender_layers": [11, 12, 13, 14, 15, 16], "layer_weights": [0.1547258347272873, 0.17182224988937378, 0.19520778954029083, 0.17792734503746033, 0.15825386345386505, 0.1420629620552063], "head_mapping": [[0.9999573230743408, 6.104922704253113e-06, 6.099394795455737e-06, 6.10322831562371e-06, 6.099766778788762e-06, 6.100778136897134e-06, 6.1046198425174225e-06, 6.107426997914445e-06], [6.101313829276478e-06, 0.9999573230743408, 6.107426997914445e-06, 6.099871370679466e-06, 6.089525413699448e-06, 6.103280611569062e-06, 6.099179245211417e-06, 6.109809419285739e-06], [6.10491088082199e-06, 6.100924110796768e-06, 0.9999573230743408, 6.110817594162654e-06, 6.093952379160328e-06, 6.107601620897185e-06, 6.098963694967097e-06, 6.100993687141454e-06], [6.100627160776639e-06, 6.101162398408633e-06, 6.092080639064079e-06, 0.9999573230743408, 6.091081559134182e-06, 6.105447027948685e-06, 6.106972705310909e-06, 6.10322831562371e-06], [6.122641025285702e-06, 6.094660420785658e-06, 6.108823981776368e-06, 6.115684755059192e-06, 0.9999572038650513, 6.109202786319656e-06, 6.110216418164782e-06, 6.108544312155573e-06], [6.09098833592725e-06, 6.0988363657088485e-06, 6.105225565988803e-06, 6.09072185397963e-06, 6.103222858655499e-06, 0.9999573230743408, 6.108149136707652e-06, 6.092841886129463e-06], [6.122565537225455e-06, 6.11290352026117e-06, 6.113218205427984e-06, 6.112297342042439e-06, 6.108439265517518e-06, 6.1092900978110265e-06, 0.9999572038650513, 6.1155506045906805e-06], [6.092999683460221e-06, 6.093011506891344e-06, 6.0941738411202095e-06, 6.097894129197812e-06, 6.09871403867146e-06, 6.092040621297201e-06, 6.089607268222608e-06, 0.9999574422836304]], "mean_depth_distance": 0.05210632085800171}
{"kind": "key", "receiver_layer": 18, "sender_layers": [11, 12, 13, 14, 15, 16], "layer_weights": [0.14117112755775452, 0.15886077284812927, 0.17855876684188843, 0.19443954527378082, 0.1729622632265091, 0.15400750935077667], "head_mapping": [[0.9999574422836304, 6.044741439836798e-06, 6.065310572012095e-06, 6.082468189561041e-06, 6.0505440160341095e-06, 6.077493253542343e-06, 6.072539690649137e-06, 6.066166861273814e-06], [6.1126947912271135e-06, 0.9999574422836304, 6.053014658391476e-06, 6.070912604627665e-06, 6.0948709688091185e-06, 6.074155862734187e-06, 6.112776645750273e-06, 6.108201887400355e-06], [6.063703040126711e-06, 6.071132702345494e-06, 0.9999574422836304, 6.076583304093219e-06, 6.078090336814057e-06, 6.076977115299087e-06, 6.058540748199448e-06, 6.097865025367355e-06], [6.036239938111976e-06, 6.052403023204533e-06, 6.030658823874546e-06, 0.9999575614929199, 6.024760750733549e-06, 6.064327862986829e-06, 6.079268132452853e-06, 6.03550324740354e-06], [6.033126283000456e-06, 6.028703410265734e-06, 6.077412763261236e-06, 6.060407940822188e-06, 0.9999575614929199, 6.055716767150443e-06, 6.055636276869336e-06, 6.068308721296489e-06], [5.9982185121043585e-06, 6.0201446103747e-06, 6.023543846822577e-06, 6.029613359714858e-06, 5.999282166158082e-06, 0.999957799911499, 6.0184852372913156e-06, 6.0133388615213335e-06], [6.054331151972292e-06, 6.050227057130542e-06, 6.067955837352201e-06, 6.0618071984208655e-06, 6.051964192010928e-06, 6.076659246900817e-06, 0.9999575614929199, 6.059357019694289e-06], [6.074340944905998e-06, 6.084185770305339e-06, 6.080409093556227e-06, 6.080356797610875e-06, 6.0871566347486805e-06, 6.103643045207718e-06, 6.077620582800591e-06, 0.9999574422836304]], "mean_depth_distance": 0.052061647176742554}
{"kind": "key", "receiver_layer": 19, "sender_layers": [12, 13, 14, 15, 16, 17], "layer_weights": [0.14586320519447327, 0.16257813572883606, 0.1830635964870453, 0.18850816786289215, 0.16863873600959778, 0.15134814381599426], "head_mapping": [[0.9999573230743408, 6.100708560552448e-06, 6.114186817285372e-06, 6.123400453361683e-06, 6.129892426542938e-06, 6.125907020759769e-06, 6.062811735318974e-06, 6.111843049438903e-06], [6.081644642108586e-06, 0.9999574422836304, 6.04674823989626e-06, 6.066820787964389e-06, 6.0920351643289905e-06, 6.0503480199258775e-06, 6.068481070542475e-06, 6.0837965065729804e-06], [6.075279998185579e-06, 6.05885998083977e-06, 0.9999575614929199, 6.034904345142422e-06, 6.035710157448193e-06, 6.044673682481516e-06, 6.043047960702097e-06, 6.04590150032891e-06], [6.146088253444759e-06, 6.116833901614882e-06, 6.113008566899225e-06, 0.9999572038650513, 6.1233126871229615e-06, 6.113644303695764e-06, 6.103397026890889e-06, 6.133856459200615e-06], [6.043729172233725e-06, 6.049495823390316e-06, 6.031545126461424e-06, 6.041487267793855e-06, 0.9999576807022095, 6.046473117748974e-06, 6.048283921700204e-06, 6.035302249074448e-06], [6.102758106862893e-06, 6.075308192521334e-06, 6.09540029472555e-06, 6.101337930886075e-06, 6.070929885026999e-06, 0.9999574422836304, 6.085600944061298e-06, 6.1042073866701685e-06], [6.078756996430457e-06, 6.075812507333467e-06, 6.070356903364882e-06, 6.0868724176543765e-06, 6.0525990193127654e-06, 6.071706138754962e-06, 0.9999574422836304, 6.055185167497257e-06], [6.097708137531299e-06, 6.074746124795638e-06, 6.066097284929128e-06, 6.084823780838633e-06, 6.067515187169192e-06, 6.080582807044266e-06, 6.073565145925386e-06, 0.9999574422836304]], "mean_depth_distance": 0.052702583372592926}
{"kind": "key", "receiver_layer": 20, "sender_layers": [13, 14, 15, 16, 17, 18], "layer_weights": [0.14894771575927734, 0.1667979508638382, 0.1881663203239441, 0.1831856071949005, 0.1652304232120514, 0.14767204225063324], "head_mapping": [[0.9999574422836304, 6.0815173128503375e-06, 6.08966502113617e-06, 6.0852298702229746e-06, 6.0908496379852295e-06, 6.072261840017745e-06, 6.062904958525905e-06, 6.083152584324125e-06], [6.0724814829882234e-06, 0.9999574422836304, 6.088759619160555e-06, 6.08042091698735e-06, 6.10403867540299e-06, 6.073379609006224e-06, 6.079863851482514e-06, 6.083118023525458e-06], [6.089723228797084e-06, 6.12452276982367e-06, 0.9999574422836304, 6.0567444961634465e-06, 6.069824394216994e-06, 6.081157152948435e-06, 6.072261840017745e-06, 6.076519184716744e-06], [6.130849669716554e-06, 6.130808742454974e-06, 6.126688276708592e-06, 0.9999570846557617, 6.148427019070368e-06, 6.145683073555119e-06, 6.1400828599289525e-06, 6.125473191787023e-06], [6.027754352544434e-06, 6.055416633898858e-06, 6.057334303477546e-06, 6.037264483893523e-06, 0.9999575614929199, 6.046708676876733e-06, 6.042610039003193e-06, 6.02044701736304e-06], [6.071144071029266e-06, 6.061517524358351e-06, 6.101442522776779e-06, 6.0907573242729995e-06, 6.083228072384372e-06, 0.9999574422836304, 6.058500275685219e-06, 6.0859028963022865e-06], [6.011194727761904e-06, 6.017997748131165e-06, 6.031482371327002e-06, 6.008626769471448e-06, 6.0298889366094954e-06, 6.047506303730188e-06, 0.999957799911499, 6.01268538957811e-06], [6.008764103171416e-06, 6.023475179972593e-06, 6.022820343787316e-06, 6.025101356499363e-06, 6.022085472068284e-06, 6.011607638356509e-06, 6.0221195781196e-06, 0.999957799911499]], "mean_depth_distance": 0.05276700109243393}
{"kind": "key", "receiver_layer": 21, "sender_layers": [14, 15, 16, 17, 18, 19], "layer_weights": [0.15287292003631592, 0.17072610557079315, 0.19242994487285614, 0.17938601970672607, 0.16104620695114136, 0.14353874325752258], "head_mapping": [[0.9999570846557617, 6.1369628383545205e-06, 6.127056167315459e-06, 6.132007456471911e-06, 6.128417680884013e-06, 6.129780103947269e-06, 6.136026058811694e-06, 6.130100700829644e-06], [6.1252753766893875e-06, 0.9999572038650513, 6.121817477833247e-06, 6.121765636635246e-06, 6.121333626651904e-06, 6.126735115685733e-06, 6.126501830294728e-06, 6.127828328317264e-06], [6.1192672546894755e-06, 6.118771125329658e-06, 0.9999572038650513, 6.119313638919266e-06, 6.117639259173302e-06, 6.1143609855207615e-06, 6.114541974966414e-06, 6.120241778262425e-06], [6.1371310948743485e-06, 6.139098331914283e-06, 6.137793207017239e-06, 0.9999569654464722, 6.143268365121912e-06, 6.141827270766953e-06, 6.139016477391124e-06, 6.144065537228016e-06], [6.077028956497088e-06, 6.077238140278496e-06, 6.080565981392283e-06, 6.07886113357381e-06, 0.9999574422836304, 6.084034794184845e-06, 6.078965270717163e-06, 6.0806237343058456e-06], [6.111260063335067e-06, 6.112082246545469e-06, 6.107834451540839e-06, 6.106523869675584e-06, 6.110375124990242e-06, 0.9999573230743408, 6.112367827881826e-06, 6.105912689235993e-06], [6.118723831605166e-06, 6.1073556025803555e-06, 6.1155506045906805e-06, 6.112006303737871e-06, 6.11631458014017e-06, 6.1131950133130886e-06, 0.9999572038650513, 6.108549769123783e-06], [6.1089695009286515e-06, 6.11239056524937e-06, 6.108305569796357e-06, 6.107385161158163e-06, 6.1069422372384e-06, 6.109791229391703e-06, 6.110350568633294e-06, 0.9999572038650513]], "mean_depth_distance": 0.05240659788250923}
