{"kind": "key", "receiver_layer": 0, "sender_layers": [0, 1, 2, 3, 4, 5], "layer_weights": [0.2156364470720291, 0.19433124363422394, 0.172145277261734, 0.1554850935935974, 0.13947656750679016, 0.12292535603046417], "head_mapping": [[0.9999568462371826, 6.197812581376638e-06, 6.167794253997272e-06, 6.177265731821535e-06, 6.144591679912992e-06, 6.149820819700835e-06, 6.1588480093632825e-06, 6.1497798924392555e-06], [6.14926921116421e-06, 0.9999568462371826, 6.14873079030076e-06, 6.147716248960933e-06, 6.141311132523697e-06, 6.1924124565848615e-06, 6.1836608438170515e-06, 6.148437478259439e-06], [6.087574547564145e-06, 6.0929883147764485e-06, 0.9999574422836304, 6.091280283726519e-06, 6.078385467844782e-06, 6.053995548427338e-06, 6.1161590565461665e-06, 6.0454335653048474e-06], [6.109138666943181e-06, 6.138631306384923e-06, 6.118187684478471e-06, 0.9999572038650513, 6.0776601458201185e-06, 6.151078196126036e-06, 6.080042567191413e-06, 6.117370503488928e-06], [6.185832262417534e-06, 6.138021490187384e-06, 6.142003257991746e-06, 6.117100838309852e-06, 0.9999569654464722, 6.1456821640604176e-06, 6.180518994369777e-06, 6.16053466728772e-06], [6.254697836993728e-06, 6.303681857389165e-06, 6.271236543398118e-06, 6.238648438738892e-06, 6.285307335929247e-06, 0.9999561309814453, 6.256642336666118e-06, 6.333618784992723e-06], [6.143725386209553e-06, 6.163179023133125e-06, 6.161474630062003e-06, 6.138747266959399e-06, 6.1677474150201306e-06, 6.139883225841913e-06, 0.9999569654464722, 6.139841843832983e-06], [6.06633420829894e-06, 6.089142516430002e-06, 6.099482106947107e-06, 6.073460554034682e-06, 6.058581675461028e-06, 6.059893166820984e-06, 6.0567444961634465e-06, 0.9999574422836304]], "mean_depth_distance": 0.08065222203731537}
{"kind": "key", "receiver_layer": 1, "sender_layers": [0, 1, 2, 3, 4, 5], "layer_weights": [0.1872900426387787, 0.19950847327709198, 0.1809375286102295, 0.16064026951789856, 0.1436677873134613, 0.12795594334602356], "head_mapping": [[0.9999569654464722, 6.1371310948743485e-06, 6.151780780783156e-06, 6.144322924228618e-06, 6.140157893241849e-06, 6.143233349575894e-06, 6.178043804538902e-06, 6.157250936666969e-06], [6.0831875998701435e-06, 0.9999574422836304, 6.090240276535042e-06, 6.082642357796431e-06, 6.094696800573729e-06, 6.089363068895182e-06, 6.107759418227943e-06, 6.09491780778626e-06], [6.132663202151889e-06, 6.114559710113099e-06, 0.9999572038650513, 6.094915988796856e-06, 6.103711257310351e-06, 6.124165338405874e-06, 6.093812316976255e-06, 6.118292276369175e-06], [6.082282652641879e-06, 6.085751920181792e-06, 6.0959523580095265e-06, 0.9999574422836304, 6.0658080656139646e-06, 6.1136161093600094e-06, 6.09216294833459e-06, 6.091372597438749e-06], [6.06429239269346e-06, 6.079243576095905e-06, 6.1032701523799915e-06, 6.103304713178659e-06, 0.9999574422836304, 6.0791858231823426e-06, 6.0702463997586165e-06, 6.100616246840218e-06], [6.130007477622712e-06, 6.128897439339198e-06, 6.134235718491254e-06, 6.140434379631188e-06, 6.108823072281666e-06, 0.9999570846557617, 6.134101113275392e-06, 6.108071829658002e-06], [6.114022198744351e-06, 6.1552027545985766e-06, 6.121688784332946e-06, 6.1658251979679335e-06, 6.1280147747311275e-06, 6.128406312200241e-06, 0.9999570846557617, 6.151247816887917e-06], [6.100452537793899e-06, 6.0906054386578035e-06, 6.0968936850258615e-06, 6.099434813222615e-06, 6.10508550380473e-06, 6.0836277953058016e-06, 6.09571316090296e-06, 0.9999573230743408]], "mean_depth_distance": 0.06575142592191696}
{"kind": "key", "receiver_layer": 2, "sender_layers": [0, 1, 2, 3, 4, 5], "layer_weights": [0.1660553365945816, 0.18717239797115326, 0.18983681499958038, 0.17035475373268127, 0.15239779651165009, 0.1341828852891922], "head_mapping": [[0.9999576807022095, 6.044143901817733e-06, 6.059611223463435e-06, 6.083885182306403e-06, 6.074319117033156e-06, 6.062542070139898e-06, 6.03427224632469e-06, 6.04193110120832e-06], [6.109664354880806e-06, 0.9999574422836304, 6.057864993636031e-06, 6.095859134802595e-06, 6.090141141612548e-06, 6.121246769907884e-06, 6.11923360338551e-06, 6.083344032958848e-06], [6.107897661422612e-06, 6.1246150835359e-06, 0.9999572038650513, 6.09471271673101e-06, 6.1523164731625e-06, 6.162104909890331e-06, 6.091627255955245e-06, 6.1039672800689004e-06], [6.148565262265038e-06, 6.17299519944936e-06, 6.173655037855497e-06, 0.9999567270278931, 6.179279807838611e-06, 6.177918749017408e-06, 6.1701939557679e-06, 6.140842288004933e-06], [6.110350568633294e-06, 6.110921731306007e-06, 6.1058417486492544e-06, 6.118199053162243e-06, 0.9999572038650513, 6.0923475757590495e-06, 6.121257229096955e-06, 6.094416221458232e-06], [6.1774126152158715e-06, 6.149909040686907e-06, 6.188528004713589e-06, 6.148355168988928e-06, 6.151968136691721e-06, 0.9999568462371826, 6.154679340397706e-06, 6.124449555500178e-06], [6.179616775625618e-06, 6.137084255897207e-06, 6.1724781517114025e-06, 6.164400929264957e-06, 6.159564236440929e-06, 6.140233381302096e-06, 0.9999568462371826, 6.133900569693651e-06], [6.124924766481854e-06, 6.116705662861932e-06, 6.125719210103853e-06, 6.115655651228735e-06, 6.108218258304987e-06, 6.1237856243678834e-06, 6.124072115198942e-06, 0.9999572038650513]], "mean_depth_distance": 0.056710146367549896}
{"kind": "key", "receiver_layer": 3, "sender_layers": [0, 1, 2, 3, 4, 5], "layer_weights": [0.1505441665649414, 0.16852475702762604, 0.18869255483150482, 0.18344660103321075, 0.16286197304725647, 0.14592988789081573], "head_mapping": [[0.9999574422836304, 6.076397312426707e-06, 6.079892955312971e-06, 6.076078989281086e-06, 6.048680461390177e-06, 6.102734460000647e-06, 6.084185770305339e-06, 6.075174951547524e-06], [6.080461389501579e-06, 0.9999574422836304, 6.075615146983182e-06, 6.094255240896018e-06, 6.098173344071256e-06, 6.064547051209956e-06, 6.03621629124973e-06, 6.106449291110039e-06], [6.134089289844269e-06, 6.133199804025935e-06, 0.9999569654464722, 6.127055257820757e-06, 6.128247605374781e-06, 6.154832590254955e-06, 6.157868028822122e-06, 6.139496235846309e-06], [6.1306504903768655e-06, 6.119214049249422e-06, 6.127032975200564e-06, 0.9999570846557617, 6.1271380218386184e-06, 6.130381279945141e-06, 6.122937975305831e-06, 6.119307727203704e-06], [6.136172032711329e-06, 6.144832696008962e-06, 6.154045877337921e-06, 6.182393917697482e-06, 0.9999569654464722, 6.182706329127541e-06, 6.151135949039599e-06, 6.1564765019284096e-06], [6.073796612326987e-06, 6.0483171182568185e-06, 6.0811166804342065e-06, 6.0729976212314796e-06, 6.059009137970861e-06, 0.9999574422836304, 6.072070846130373e-06, 6.082572326704394e-06], [6.088428108341759e-06, 6.134278009994887e-06, 6.089687303756364e-06, 6.099051461205818e-06, 6.0830475376860704e-06, 6.086087978474097e-06, 0.9999573230743408, 6.118830242485274e-06], [6.112541996117216e-06, 6.13953261563438e-06, 6.123371349531226e-06, 6.123231287347153e-06, 6.10707047599135e-06, 6.100522114138585e-06, 6.106005002948223e-06, 0.9999572038650513]], "mean_depth_distance": 0.052646368741989136}
{"kind": "key", "receiver_layer": 4, "sender_layers": [1, 2, 3, 4, 5, 6], "layer_weights": [0.15470869839191437, 0.17489904165267944, 0.19389280676841736, 0.17698004841804504, 0.15779732167720795, 0.14172208309173584], "head_mapping": [[0.9999569654464722, 6.195278274390148e-06, 6.148027296148939e-06, 6.161033979878994e-06, 6.18494777882006e-06, 6.117299108154839e-06, 6.139531251392327e-06, 6.129907887952868e-06], [6.129494067863561e-06, 0.9999572038650513, 6.0969855439907406e-06, 6.099381607782561e-06, 6.124270385043928e-06, 6.152809419290861e-06, 6.140845016489038e-06, 6.0978868532401975e-06], [6.1017199186608195e-06, 6.140375717222923e-06, 0.9999570846557617, 6.126022071839543e-06, 6.1241821640578564e-06, 6.15603039477719e-06, 6.116623353591422e-06, 6.109790319897002e-06], [6.184096946526552e-06, 6.1496675698435865e-06, 6.180434866109863e-06, 0.9999567270278931, 6.1548425946966745e-06, 6.1914433899801224e-06, 6.196357389853802e-06, 6.192665750859305e-06], [6.112753453635378e-06, 6.112520168244373e-06, 6.100512109696865e-06, 6.106809905759292e-06, 0.9999574422836304, 6.071537882235134e-06, 6.116030363045866e-06, 6.073240456316853e-06], [6.105958163971081e-06, 6.139275683381129e-06, 6.120142643339932e-06, 6.104607564338949e-06, 6.109284640842816e-06, 0.9999572038650513, 6.106587079557357e-06, 6.100103291828418e-06], [6.127540473244153e-06, 6.151094567030668e-06, 6.139671768323751e-06, 6.135984222055413e-06, 6.171942914079409e-06, 6.168606432765955e-06, 0.9999569654464722, 6.158360974950483e-06], [6.0771394601033535e-06, 6.10248434895766e-06, 6.087963811296504e-06, 6.0919887800992e-06, 6.097830464568688e-06, 6.08838763582753e-06, 6.080705134081654e-06, 0.9999574422836304]], "mean_depth_distance": 0.052077263593673706}
{"kind": "key", "receiver_layer": 5, "sender_layers": [1, 2, 3, 4, 5, 6], "layer_weights": [0.1415122002363205, 0.15972964465618134, 0.17774651944637299, 0.19191409647464752, 0.17340683937072754, 0.1556907594203949], "head_mapping": [[0.9999572038650513, 6.116757958807284e-06, 6.120054877101211e-06, 6.090354872867465e-06, 6.110991307650693e-06, 6.102779934735736e-06, 6.1346636357484385e-06, 6.1057371567585506e-06], [6.136481715657283e-06, 0.9999569654464722, 6.134416253189556e-06, 6.148824468255043e-06, 6.181526714499341e-06, 6.152074092824478e-06, 6.1368505157588515e-06, 6.148027296148939e-06], [6.163867055875016e-06, 6.164572369016241e-06, 0.9999569654464722, 6.1532655308838e-06, 6.151405614218675e-06, 6.155560186016373e-06, 6.135984222055413e-06, 6.1468076637538616e-06], [6.126162134023616e-06, 6.121163096395321e-06, 6.137741365819238e-06, 0.9999570846557617, 6.131422651378671e-06, 6.124520496086916e-06, 6.122400918684434e-06, 6.102552106312942e-06], [6.1895248109067325e-06, 6.178861895023147e-06, 6.191484771989053e-06, 6.167640094645321e-06, 0.9999567270278931, 6.205742920428747e-06, 6.185960501170484e-06, 6.181484422995709e-06], [6.13438214713824e-06, 6.136359843367245e-06, 6.139772722235648e-06, 6.132018825155683e-06, 6.1125060710764956e-06, 0.9999570846557617, 6.117895281931851e-06, 6.133352599135833e-06], [6.120691978139803e-06, 6.103484338382259e-06, 6.105982720328029e-06, 6.111096809036098e-06, 6.091290742915589e-06, 6.112950359238312e-06, 0.9999573230743408, 6.097416644479381e-06], [6.112763912824448e-06, 6.115877113188617e-06, 6.103815849201055e-06, 6.1066102716722526e-06, 6.091859631851548e-06, 6.11746372669586e-06, 6.1022328736726195e-06, 0.9999572038650513]], "mean_depth_distance": 0.052316080778837204}
{"kind": "key", "receiver_layer": 6, "sender_layers": [2, 3, 4, 5, 6, 7], "layer_weights": [0.14585265517234802, 0.16383282840251923, 0.1817409247159958, 0.1895371526479721, 0.16901883482933044, 0.15001757442951202], "head_mapping": [[0.9999573230743408, 6.10084816798917e-06, 6.0895717979292385e-06, 6.1058658502588514e-06, 6.104835392761743e-06, 6.093696356401779e-06, 6.093986939958995e-06, 6.07699394095107e-06], [6.044431302143494e-06, 0.9999575614929199, 6.041964297764935e-06, 6.03446733293822e-06, 6.0438433138187975e-06, 6.055382073100191e-06, 6.023967671353603e-06, 6.0710635807481594e-06], [6.11851555731846e-06, 6.085589575377526e-06, 0.9999574422836304, 6.094081072660629e-06, 6.095074695622316e-06, 6.086494977353141e-06, 6.100512109696865e-06, 6.104882686486235e-06], [6.1262085182534065e-06, 6.106970431574155e-06, 6.1392856878228486e-06, 0.9999569654464722, 6.124975243437802e-06, 6.13418205830385e-06, 6.130679594207322e-06, 6.142699930933304e-06], [6.144920462247683e-06, 6.1452897170966025e-06, 6.133223450888181e-06, 6.097321602283046e-06, 0.9999569654464722, 6.131737791292835e-06, 6.121775641076965e-06, 6.125460004113847e-06], [6.1834484768041875e-06, 6.195064543135231e-06, 6.154749371489743e-06, 6.143864993646275e-06, 6.189466148498468e-06, 0.9999568462371826, 6.1936702877574135e-06, 6.1884629758424126e-06], [6.13412566963234e-06, 6.1231608015077654e-06, 6.136980573501205e-06, 6.128921086201444e-06, 6.132423095550621e-06, 6.112413757364266e-06, 0.9999572038650513, 6.118723831605166e-06], [6.097980985941831e-06, 6.093056981626432e-06, 6.1001737776678056e-06, 6.0862794271088205e-06, 6.117190423537977e-06, 6.090349870646605e-06, 6.117872999311658e-06, 0.9999573230743408]], "mean_depth_distance": 0.05268102139234543}
{"kind": "key", "receiver_layer": 7, "sender_layers": [3, 4, 5, 6, 7, 8], "layer_weights": [0.14963164925575256, 0.1684119701385498, 0.18681785464286804, 0.18363690376281738, 0.16391496360301971, 0.1475866287946701], "head_mapping": [[0.9999573230743408, 6.07864058110863e-06, 6.095823664509226e-06, 6.129325356596382e-06, 6.079880677134497e-06, 6.0961087910982314e-06, 6.0949632825213484e-06, 6.084428605390713e-06], [6.119272711657686e-06, 0.9999572038650513, 6.139709057606524e-06, 6.117183602327714e-06, 6.089814633014612e-06, 6.114431471360149e-06, 6.117603788879933e-06, 6.134745490271598e-06], [6.078345904825255e-06, 6.042587301635649e-06, 0.9999575614929199, 6.068829861760605e-06, 6.076751560613047e-06, 6.0556189964700025e-06, 6.047026090527652e-06, 6.060407940822188e-06], [6.083594144001836e-06, 6.044107976777013e-06, 6.0742718233086634e-06, 0.9999574422836304, 6.070982180972351e-06, 6.0571605899895076e-06, 6.074190423532855e-06, 6.062962711439468e-06], [6.0372826737875585e-06, 6.048272553016432e-06, 6.04928754910361e-06, 6.041971573722549e-06, 0.9999576807022095, 6.03029138801503e-06, 6.040041171218036e-06, 6.045515874575358e-06], [6.12035728408955e-06, 6.090127499192022e-06, 6.132299859018531e-06, 6.134803243185161e-06, 6.136576303106267e-06, 0.9999570846557617, 6.147189651528606e-06, 6.114290499681374e-06], [6.0877773648826405e-06, 6.113913059380138e-06, 6.1178616306278855e-06, 6.102780389483087e-06, 6.112915798439644e-06, 6.103909981902689e-06, 0.9999573230743408, 6.113102244853508e-06], [6.116005351941567e-06, 6.096799552324228e-06, 6.1085329434718005e-06, 6.1356290643743705e-06, 6.108346042310586e-06, 6.142502570583019e-06, 6.141734957054723e-06, 0.9999572038650513]], "mean_depth_distance": 0.05280707776546478}
{"kind": "key", "receiver_layer": 8, "sender_layers": [4, 5, 6, 7, 8, 9], "layer_weights": [0.15323036909103394, 0.1708599179983139, 0.19305889308452606, 0.1801748275756836, 0.1604151725769043, 0.1422608196735382], "head_mapping": [[0.9999570846557617, 6.125005711510312e-06, 6.126402240624884e-06, 6.128061158960918e-06, 6.1175451264716685e-06, 6.131521786301164e-06, 6.137331638456089e-06, 6.1173818721727e-06], [6.055260200810153e-06, 0.9999574422836304, 6.069221853977069e-06, 6.054572622815613e-06, 6.087150723033119e-06, 6.097452569520101e-06, 6.094255240896018e-06, 6.091930572438287e-06], [6.145155566628091e-06, 6.121361366240308e-06, 0.9999570846557617, 6.1411483329720795e-06, 6.134908744570566e-06, 6.1102796280465554e-06, 6.151558864075923e-06, 6.11593532084953e-06], [6.039792424417101e-06, 6.057727659936063e-06, 6.050054253137205e-06, 0.9999575614929199, 6.034225407347549e-06, 6.068204584153136e-06, 6.0154252423672006e-06, 6.066827154427301e-06], [6.145916813693475e-06, 6.153177309897728e-06, 6.128820587036898e-06, 6.126447715359973e-06, 0.9999569654464722, 6.168594609334832e-06, 6.158584255899768e-06, 6.157051757327281e-06], [6.041457254468696e-06, 6.044568635843461e-06, 6.075568762753392e-06, 6.041342203388922e-06, 6.095935077610193e-06, 0.9999574422836304, 6.068614766263636e-06, 6.0787278926e-06], [6.137120635685278e-06, 6.132147518655984e-06, 6.100311566115124e-06, 6.153313279355643e-06, 6.116355052654399e-06, 6.099223810451804e-06, 0.9999570846557617, 6.14090231465525e-06], [6.086064786359202e-06, 6.092557669035159e-06, 6.0984639276284724e-06, 6.099999609432416e-06, 6.139136075944407e-06, 6.057494829292409e-06, 6.060360647097696e-06, 0.9999573230743408]], "mean_depth_distance": 0.05225881561636925}
{"kind": "key", "receiver_layer": 9, "sender_layers": [4, 5, 6, 7, 8, 9], "layer_weights": [0.14131605625152588, 0.15707215666770935, 0.17712022364139557, 0.19462953507900238, 0.17413726449012756, 0.15572471916675568], "head_mapping": [[0.9999576807022095, 6.052715889381943e-06, 6.0393731473595835e-06, 6.017618034093175e-06, 6.060720806999598e-06, 6.044224846846191e-06, 6.05219611315988e-06, 6.061952717573149e-06], [6.185748588904971e-06, 0.9999568462371826, 6.1654768614971545e-06, 6.151815796329174e-06, 6.189254236232955e-06, 6.200313691806514e-06, 6.163254511193372e-06, 6.1585074035974685e-06], [6.085118911869358e-06, 6.134184332040604e-06, 0.9999573230743408, 6.112134542490821e-06, 6.091284831200028e-06, 6.1085570450813975e-06, 6.096882316342089e-06, 6.105994089011801e-06], [6.079637842049124e-06, 6.0939178183616605e-06, 6.085421318857698e-06, 0.9999574422836304, 6.06538014835678e-06, 6.118177225289401e-06, 6.102548468334135e-06, 6.090466740715783e-06], [6.078814749344019e-06, 6.074526936572511e-06, 6.047901933925459e-06, 6.0626680351560935e-06, 0.9999574422836304, 6.068758921173867e-06, 6.07344918535091e-06, 6.0800553001172375e-06], [6.092529019952053e-06, 6.109856713010231e-06, 6.06872981734341e-06, 6.09128574069473e-06, 6.069812570785871e-06, 0.9999574422836304, 6.0849861256428994e-06, 6.051398031559074e-06], [6.076745194150135e-06, 6.114666120993206e-06, 6.097219738876447e-06, 6.087620931793936e-06, 6.05216018811916e-06, 6.063529781386023e-06, 0.9999574422836304, 6.057217888155719e-06], [6.1450496104953345e-06, 6.152309197204886e-06, 6.144932285678806e-06, 6.16585430179839e-06, 6.146291980257956e-06, 6.166453658806859e-06, 6.170913366077002e-06, 0.9999569654464722]], "mean_depth_distance": 0.05198511853814125}
{"kind": "key", "receiver_layer": 10, "sender_layers": [5, 6, 7, 8, 9, 10], "layer_weights": [0.14477688074111938, 0.16167636215686798, 0.18025556206703186, 0.19154949486255646, 0.17049545049667358, 0.15124617516994476], "head_mapping": [[0.9999572038650513, 6.1298333093873225e-06, 6.123399998614332e-06, 6.11247241977253e-06, 6.105486590968212e-06, 6.1233245105540846e-06, 6.121280875959201e-06, 6.1158830249041785e-06], [6.104258318373468e-06, 0.9999572038650513, 6.122156719357008e-06, 6.117254088167101e-06, 6.1186542552604806e-06, 6.10102233622456e-06, 6.122786999185337e-06, 6.121596015873365e-06], [6.151106390461791e-06, 6.147400199552067e-06, 0.9999569654464722, 6.144686267361976e-06, 6.138466233096551e-06, 6.144698090793099e-06, 6.14925875197514e-06, 6.1482501223508734e-06], [6.132861017249525e-06, 6.152215519250603e-06, 6.141171525086975e-06, 0.9999570846557617, 6.1460227698262315e-06, 6.1436676332959905e-06, 6.14280043009785e-06, 6.131948794063646e-06], [6.147863132355269e-06, 6.145154657133389e-06, 6.12916528552887e-06, 6.140480309113627e-06, 0.9999569654464722, 6.141475751064718e-06, 6.141991434560623e-06, 6.1484261095756665e-06], [6.139146080386126e-06, 6.116623353591422e-06, 6.142278834886383e-06, 6.1476530390791595e-06, 6.132182534202002e-06, 0.9999570846557617, 6.117743396316655e-06, 6.133247097750427e-06], [6.127961114543723e-06, 6.128990207798779e-06, 6.14024565948057e-06, 6.124899300630204e-06, 6.133106580819003e-06, 6.130743713583797e-06, 0.9999569654464722, 6.135504463600228e-06], [6.10749657425913e-06, 6.0953234424232505e-06, 6.116963049862534e-06, 6.100353857618757e-06, 6.103152827563463e-06, 6.096201559557812e-06, 6.09545122642885e-06, 0.9999573230743408]], "mean_depth_distance": 0.05253784731030464}
{"kind": "key", "receiver_layer": 11, "sender_layers": [6, 7, 8, 9, 10, 11], "layer_weights": [0.14791901409626007, 0.1674131602048874, 0.186506986618042, 0.1854523867368698, 0.16437898576259613, 0.14832958579063416], "head_mapping": [[0.9999574422836304, 6.104586191213457e-06, 6.077209036448039e-06, 6.085937457100954e-06, 6.084034794184845e-06, 6.0876732277392875e-06, 6.088806003390346e-06, 6.088213467592141e-06], [6.0446159295679536e-06, 0.9999576807022095, 6.055902758816956e-06, 6.037587809260003e-06, 6.058663984731538e-06, 6.058045528334333e-06, 6.021522040100535e-06, 6.0331449276418425e-06], [6.101238795963582e-06, 6.087424026191002e-06, 0.9999574422836304, 6.076507816032972e-06, 6.091204795666272e-06, 6.0876732277392875e-06, 6.096731340221595e-06, 6.105168267822592e-06], [6.09124481343315e-06, 6.0989764278929215e-06, 6.082543222873937e-06, 0.9999574422836304, 6.094237505749334e-06, 6.096370725572342e-06, 6.078606020309962e-06, 6.094766376918415e-06], [6.048934665159322e-06, 6.041734195605386e-06, 6.065485194994835e-06, 6.090514034440275e-06, 0.9999575614929199, 6.059402949176729e-06, 6.042425866326084e-06, 6.0549259615072515e-06], [6.083859261707403e-06, 6.114490133768413e-06, 6.128413588157855e-06, 6.0873130678373855e-06, 6.074276370782172e-06, 0.9999573230743408, 6.099266556702787e-06, 6.099015990912449e-06], [6.177943305374356e-06, 6.13896827417193e-06, 6.148437478259439e-06, 6.138266144262161e-06, 6.170782853587298e-06, 6.156463769002585e-06, 0.9999568462371826, 6.149457476567477e-06], [6.083663265599171e-06, 6.061841304472182e-06, 6.089502676331904e-06, 6.067092272132868e-06, 6.062321062927367e-06, 6.0797310652560554e-06, 6.0568486333067995e-06, 0.9999574422836304]], "mean_depth_distance": 0.05274951830506325}
{"kind": "key", "receiver_layer": 12, "sender_layers": [7, 8, 9, 10, 11, 12], "layer_weights": [0.15253297984600067, 0.16987140476703644, 0.19031502306461334, 0.18114615976810455, 0.16159547865390778, 0.144539013504982], "head_mapping": [[0.9999572038650513, 6.0959046095376834e-06, 6.104816748120356e-06, 6.119296358519932e-06, 6.112652954470832e-06, 6.101825420046225e-06, 6.116501481301384e-06, 6.115527412475785e-06], [6.127623692009365e-06, 0.9999572038650513, 6.132803719083313e-06, 6.146763098513475e-06, 6.1087653193681035e-06, 6.120118996477686e-06, 6.118012152001029e-06, 6.115241376392078e-06], [6.126571406639414e-06, 6.133090209914371e-06, 0.9999572038650513, 6.1182222452771384e-06, 6.100777682149783e-06, 6.101947747083614e-06, 6.104886779212393e-06, 6.123698312876513e-06], [6.093290267017437e-06, 6.093290267017437e-06, 6.098871381254867e-06, 0.9999574422836304, 6.086785106163006e-06, 6.07997435508878e-06, 6.075383680581581e-06, 6.063824457669398e-06], [6.098022367950762e-06, 6.0816096265625674e-06, 6.099382972024614e-06, 6.096085598983336e-06, 0.9999574422836304, 6.0947550082346424e-06, 6.088480859034462e-06, 6.1002383517916314e-06], [6.13657766734832e-06, 6.0988240875303745e-06, 6.091255727369571e-06, 6.097358891565818e-06, 6.104771273385268e-06, 0.9999573230743408, 6.112053142715013e-06, 6.115014912211336e-06], [6.07592210144503e-06, 6.093998308642767e-06, 6.086285793571733e-06, 6.090779606893193e-06, 6.0887068684678525e-06, 6.0947309066250455e-06, 0.9999573230743408, 6.100615337345516e-06], [6.082827894715592e-06, 6.0966090131842066e-06, 6.082027084630681e-06, 6.090042461437406e-06, 6.078165824874304e-06, 6.075806595617905e-06, 6.055837729945779e-06, 0.9999574422836304]], "mean_depth_distance": 0.05257159471511841}
{"kind": "key", "receiver_layer": 13, "sender_layers": [8, 9, 10, 11, 12, 13], "layer_weights": [0.15640780329704285, 0.1747746467590332, 0.19618533551692963, 0.17597714066505432, 0.15687257051467896, 0.13978250324726105], "head_mapping": [[0.9999575614929199, 6.049517651263159e-06, 6.055336143617751e-06, 6.080722869228339e-06, 6.0536963246704545e-06, 6.049829153198516e-06, 6.079893864807673e-06, 6.068285529181594e-06], [6.091639079386368e-06, 0.9999573230743408, 6.0987081269558985e-06, 6.101628514443291e-06, 6.085368568164995e-06, 6.1043638197588734e-06, 6.135694093245547e-06, 6.093806860008044e-06], [6.1220630414027255e-06, 6.095264780014986e-06, 0.9999572038650513, 6.103676241764333e-06, 6.108590696385363e-06, 6.127576853032224e-06, 6.117563316365704e-06, 6.113573817856377e-06], [6.071954885555897e-06, 6.055924131942447e-06, 6.074509201425826e-06, 0.9999574422836304, 6.077887519495562e-06, 6.062859029043466e-06, 6.055185167497257e-06, 6.062754891900113e-06], [6.051110176485963e-06, 6.039948402758455e-06, 6.058964117983123e-06, 6.0619113355642185e-06, 0.9999575614929199, 6.06650337431347e-06, 6.068950824555941e-06, 6.042471795808524e-06], [6.135387138783699e-06, 6.156264134915546e-06, 6.153423328214558e-06, 6.135837793408427e-06, 6.198196842888137e-06, 0.9999568462371826, 6.169723747007083e-06, 6.138892331364332e-06], [6.102822226239368e-06, 6.064743502065539e-06, 6.067208232707344e-06, 6.069291430321755e-06, 6.062534794182284e-06, 6.0963648138567805e-06, 0.9999574422836304, 6.079916147427866e-06], [6.03370790486224e-06, 6.0479605963337235e-06, 6.071978532418143e-06, 6.065115030651214e-06, 6.087918336561415e-06, 6.077186753827846e-06, 6.061587555450387e-06, 0.9999575614929199]], "mean_depth_distance": 0.051786068826913834}
{"kind": "key", "receiver_layer": 14, "sender_layers": [8, 9, 10, 11, 12, 13], "layer_weights": [0.1424829363822937, 0.15973833203315735, 0.18082694709300995, 0.19058774411678314, 0.17237240076065063, 0.15399169921875], "head_mapping": [[0.9999573230743408, 6.110783033363987e-06, 6.116869826655602e-06, 6.070101335353684e-06, 6.10271035839105e-06, 6.089566340961028e-06, 6.074154953239486e-06, 6.109547484811628e-06], [6.061251951905433e-06, 0.9999575614929199, 6.0515776567626745e-06, 6.040696916898014e-06, 6.047891019989038e-06, 6.047487204341451e-06, 6.052501248632325e-06, 6.075071269151522e-06], [6.061679869162617e-06, 6.047233455319656e-06, 0.9999575614929199, 6.016171482770005e-06, 6.10395181865897e-06, 6.056918664398836e-06, 6.039325853635091e-06, 6.085067980166059e-06], [6.070641575206537e-06, 6.035998467268655e-06, 6.032028522895416e-06, 0.9999576807022095, 6.05247305429657e-06, 6.032201326888753e-06, 6.024876256560674e-06, 6.059646239009453e-06], [6.058500275685219e-06, 6.0797947298851795e-06, 6.051802301954012e-06, 6.101826784288278e-06, 0.9999574422836304, 6.063830369384959e-06, 6.049240255379118e-06, 6.040800144546665e-06], [6.126314474386163e-06, 6.120883881521877e-06, 6.087945166655118e-06, 6.1302657741180155e-06, 6.1204691519378684e-06, 0.9999572038650513, 6.0964971453358885e-06, 6.100655809859745e-06], [6.012537141941721e-06, 5.990301815472776e-06, 6.015163762640441e-06, 6.024544290994527e-06, 6.005350314808311e-06, 6.0040906646463554e-06, 0.9999579191207886, 6.051654963812325e-06], [6.0389711507014e-06, 6.005121122143464e-06, 6.027750714565627e-06, 6.013625807099743e-06, 6.033714726072503e-06, 6.031292286934331e-06, 6.051486252545146e-06, 0.999957799911499]], "mean_depth_distance": 0.052403293550014496}
{"kind": "key", "receiver_layer": 15, "sender_layers": [9, 10, 11, 12, 13, 14], "layer_weights": [0.1463220715522766, 0.16394634544849396, 0.18310970067977905, 0.1885812133550644, 0.16757053136825562, 0.15047013759613037], "head_mapping": [[0.999957799911499, 6.006209787301486e-06, 6.01550709689036e-06, 6.0199436120456085e-06, 6.024095455359202e-06, 6.017354735377012e-06, 5.9842882365046535e-06, 6.028946245351108e-06], [6.094231139286421e-06, 0.9999573230743408, 6.08358095632866e-06, 6.122449121903628e-06, 6.125001164036803e-06, 6.091918294259813e-06, 6.10248980592587e-06, 6.088311693019932e-06], [6.094206582929473e-06, 6.12313760939287e-06, 0.9999572038650513, 6.127945198386442e-06, 6.13154043094255e-06, 6.101069175201701e-06, 6.0958805079280864e-06, 6.116565600677859e-06], [6.038664650986902e-06, 6.048191607987974e-06, 6.026450591889443e-06, 0.9999576807022095, 6.072790256439475e-06, 6.031838893250097e-06, 6.0413435676309746e-06, 6.049956937204115e-06], [6.082409981900128e-06, 6.057975042494945e-06, 6.06732419328182e-06, 6.079232207412133e-06, 0.9999574422836304, 6.057772679923801e-06, 6.072638370824279e-06, 6.065576599212363e-06], [6.062038210075116e-06, 6.048767772881547e-06, 6.017525265633594e-06, 6.059587576601189e-06, 6.053193828847725e-06, 0.9999575614929199, 6.060015039111022e-06, 6.056589427316794e-06], [6.04822025707108e-06, 6.071734787838068e-06, 6.046011094440473e-06, 6.047233455319656e-06, 6.057334303477546e-06, 6.041549568180926e-06, 0.9999575614929199, 6.0602810663112905e-06], [6.0964048316236585e-06, 6.110549747972982e-06, 6.100394784880336e-06, 6.088956070016138e-06, 6.0848697103210725e-06, 6.096219294704497e-06, 6.1027335505059455e-06, 0.9999573230743408]], "mean_depth_distance": 0.0527464896440506}
{"kind": "key", "receiver_layer": 16, "sender_layers": [10, 11, 12, 13, 14, 15], "layer_weights": [0.1506432592868805, 0.1683846414089203, 0.18938139081001282, 0.18305151164531708, 0.16209818422794342, 0.14644105732440948], "head_mapping": [[0.999957799911499, 6.0122611102997325e-06, 5.971369773760671e-06, 6.051480795576936e-06, 6.033145382389193e-06, 6.00942303208285e-06, 6.024032245477429e-06, 6.006415787851438e-06], [6.026785285939695e-06, 0.999957799911499, 6.013241545588244e-06, 6.016700808686437e-06, 6.010128345224075e-06, 6.02264799454133e-06, 6.019208285579225e-06, 6.0545175983861554e-06], [6.056046458979836e-06, 6.013830898154993e-06, 0.9999575614929199, 6.0601769291679375e-06, 6.045445843483321e-06, 6.048294835636625e-06, 6.058940925868228e-06, 6.03285616307403e-06], [6.021695753588574e-06, 6.028527423040941e-06, 5.9980584410368465e-06, 0.9999579191207886, 6.046970156603493e-06, 6.046347607480129e-06, 6.022648904036032e-06, 6.00089697400108e-06], [6.0765305534005165e-06, 6.088932877901243e-06, 6.093510364735266e-06, 6.1028617892588954e-06, 0.9999573230743408, 6.1383807405945845e-06, 6.058557573851431e-06, 6.095805929362541e-06], [6.081030278437538e-06, 6.0925358411623165e-06, 6.035871592757758e-06, 6.043877874617465e-06, 6.084871074563125e-06, 0.9999575614929199, 6.0424372350098565e-06, 6.069634309824323e-06], [6.015874987497227e-06, 5.987691110931337e-06, 6.024406502547208e-06, 5.96642939854064e-06, 5.984397375868866e-06, 6.001337624184089e-06, 0.9999579191207886, 5.999815584800672e-06], [6.094493528507883e-06, 6.076826593925944e-06, 6.100860900914995e-06, 6.071897132642334e-06, 6.073472377465805e-06, 6.088851932872785e-06, 6.10710139881121e-06, 0.9999574422836304]], "mean_depth_distance": 0.052666984498500824}
{"kind": "key", "receiver_layer": 17, "sender_layers": [11, 12, 13, 14, 15, 16], "layer_weights": [0.1553281843662262, 0.17226608097553253, 0.1942426860332489, 0.1776696741580963, 0.1584790050983429, 0.14201441407203674], "head_mapping": [[0.9999572038650513, 6.111137281550327e-06, 6.107996796345105e-06, 6.108066372689791e-06, 6.105334705353016e-06, 6.107472472649533e-06, 6.115655651228735e-06, 6.117848897702061e-06], [6.103886335040443e-06, 0.9999573230743408, 6.104771273385268e-06, 6.099045094742905e-06, 6.0941379160794895e-06, 6.106052296672715e-06, 6.104840849729953e-06, 6.1018081396468915e-06], [6.107939498178894e-06, 6.1018722590233665e-06, 0.9999573230743408, 6.114069947216194e-06, 6.098754511185689e-06, 6.114105417509563e-06, 6.106104592618067e-06, 6.105260126787471e-06], [6.114547886681976e-06, 6.111854418122675e-06, 6.1011273828626145e-06, 0.9999572038650513, 6.099963684391696e-06, 6.1143850871303584e-06, 6.118596047599567e-06, 6.117055818322115e-06], [6.1177215684438124e-06, 6.087254860176472e-06, 6.099708571127849e-06, 6.109396053943783e-06, 0.9999573230743408, 6.096393462939886e-06, 6.107566605351167e-06, 6.108982233854476e-06], [6.0894676607858855e-06, 6.086709163355408e-06, 6.0958122958254535e-06, 6.087528163334355e-06, 6.096503511798801e-06, 0.9999573230743408, 6.0979632507951465e-06, 6.0843126448162366e-06], [6.134651357569965e-06, 6.12844178249361e-06, 6.133054284873651e-06, 6.125285835878458e-06, 6.124947503849398e-06, 6.118111286923522e-06, 0.9999570846557617, 6.130837846285431e-06], [6.108149136707652e-06, 6.107240551500581e-06, 6.110194135544589e-06, 6.115184078225866e-06, 6.114093139331089e-06, 6.105976808612468e-06, 6.104148269514553e-06, 0.9999573230743408]], "mean_depth_distance": 0.0521698035299778}
{"kind": "key", "receiver_layer": 18, "sender_layers": [11, 12, 13, 14, 15, 16], "layer_weights": [0.14082539081573486, 0.15924076735973358, 0.1785988062620163, 0.19534018635749817, 0.17185409367084503, 0.15414081513881683], "head_mapping": [[0.9999579191207886, 5.999695076752687e-06, 6.014475275151199e-06, 6.035315436747624e-06, 6.0153015510877594e-06, 6.031730208633235e-06, 5.998093456582865e-06, 6.031132215866819e-06], [6.110340564191574e-06, 0.9999574422836304, 6.041295364411781e-06, 6.060291980247712e-06, 6.072788892197423e-06, 6.049586318113143e-06, 6.07102811045479e-06, 6.091930572438287e-06], [6.071235929994145e-06, 6.0856586969748605e-06, 0.9999573230743408, 6.104561634856509e-06, 6.084335382183781e-06, 6.096695869928226e-06, 6.0766988099203445e-06, 6.1181181081337854e-06], [6.032332294125808e-06, 6.052726348571014e-06, 6.052622211427661e-06, 0.9999575614929199, 6.011571713315789e-06, 6.059033239580458e-06, 6.090333954489324e-06, 6.0250822571106255e-06], [5.994947514409432e-06, 6.007618594594533e-06, 6.049467629054561e-06, 6.029285486874869e-06, 0.999957799911499, 6.02895261181402e-06, 6.061276963009732e-06, 6.069536993891234e-06], [5.986550149827963e-06, 5.991415946482448e-06, 6.01345527684316e-06, 6.013403435645159e-06, 5.957424036751036e-06, 0.9999580383300781, 5.984415111015551e-06, 6.006090188748203e-06], [6.049217972758925e-06, 6.0225547713343985e-06, 6.062234660930699e-06, 6.0472916629805695e-06, 6.0548736655618995e-06, 6.052472144801868e-06, 0.9999575614929199, 6.050614047126146e-06], [6.09932976658456e-06, 6.093202046031365e-06, 6.111458333180053e-06, 6.0910579122719355e-06, 6.1213622757350095e-06, 6.139743618405191e-06, 6.105462944105966e-06, 0.9999572038650513]], "mean_depth_distance": 0.05202107131481171}
{"kind": "key", "receiver_layer": 19, "sender_layers": [12, 13, 14, 15, 16, 17], "layer_weights": [0.14589227735996246, 0.16327030956745148, 0.18184687197208405, 0.18834474682807922, 0.16941793262958527, 0.1512279063463211], "head_mapping": [[0.9999575614929199, 6.074561952118529e-06, 6.069084065529751e-06, 6.088847385399276e-06, 6.091873274272075e-06, 6.077911621105159e-06, 6.02472027821932e-06, 6.079349077481311e-06], [6.065021352696931e-06, 0.9999574422836304, 6.060824034648249e-06, 6.06328694630065e-06, 6.116450549598085e-06, 6.060332452761941e-06, 6.097143796068849e-06, 6.100168775446946e-06], [6.116414624557365e-06, 6.1228402046253905e-06, 0.9999573230743408, 6.1057494349370245e-06, 6.085356744733872e-06, 6.092353942221962e-06, 6.082530944695463e-06, 6.10732195127639e-06], [6.160375960462261e-06, 6.1468786043406e-06, 6.130135716375662e-06, 0.9999569654464722, 6.133246643003076e-06, 6.14272357779555e-06, 6.11466293776175e-06, 6.152578862383962e-06], [6.071595635148697e-06, 6.090687293180963e-06, 6.101809049141593e-06, 6.074005341361044e-06, 0.9999574422836304, 6.103293344494887e-06, 6.075314104236895e-06, 6.060170562705025e-06], [6.129600023996318e-06, 6.065130946808495e-06, 6.078686510591069e-06, 6.106232831371017e-06, 6.058153303456493e-06, 0.9999573230743408, 6.10015058555291e-06, 6.115225005487446e-06], [6.078223577787867e-06, 6.0640381889243145e-06, 6.063813088985626e-06, 6.095220214774599e-06, 6.073506938264472e-06, 6.076460977055831e-06, 0.9999574422836304, 6.05612058279803e-06], [6.09181415711646e-06, 6.065553407097468e-06, 6.084173946874216e-06, 6.074520570109598e-06, 6.049966941645835e-06, 6.071225470805075e-06, 6.079052127461182e-06, 0.9999574422836304]], "mean_depth_distance": 0.052744559943675995}
{"kind": "key", "receiver_layer": 20, "sender_layers": [13, 14, 15, 16, 17, 18], "layer_weights": [0.14908887445926666, 0.16728688776493073, 0.18789838254451752, 0.18287113308906555, 0.16507180035114288, 0.14778293669223785], "head_mapping": [[0.9999574422836304, 6.084254891902674e-06, 6.082758318370907e-06, 6.081830179027747e-06, 6.103893156250706e-06, 6.0716884036082774e-06, 6.06415369475144e-06, 6.09797552897362e-06], [6.043092980689835e-06, 0.9999574422836304, 6.06347157372511e-06, 6.047204351489199e-06, 6.096870947658317e-06, 6.048732302588178e-06, 6.078350907046115e-06, 6.06519506618497e-06], [6.075817964301677e-06, 6.128081167844357e-06, 0.9999574422836304, 6.041480446583591e-06, 6.064321496523917e-06, 6.0534639487741515e-06, 6.058460257918341e-06, 6.046172075002687e-06], [6.1206092141219415e-06, 6.1135274336265866e-06, 6.11042059972533e-06, 0.9999572038650513, 6.129599114501616e-06, 6.136758202046622e-06, 6.12865233051707e-06, 6.116863005445339e-06], [6.002036570862401e-06, 6.009636763337767e-06, 6.010702691128245e-06, 6.0026086430298164e-06, 0.9999580383300781, 6.012658104737056e-06, 5.993530976411421e-06, 5.9916219470323995e-06], [6.060199666535482e-06, 6.044401743565686e-06, 6.082224899728317e-06, 6.063043656467926e-06, 6.065802153898403e-06, 0.9999574422836304, 6.04999013376073e-06, 6.057021892047487e-06], [5.956698259979021e-06, 5.9592666730168276e-06, 5.955732831353089e-06, 5.944531949353404e-06, 5.966557182546239e-06, 5.9950184549961705e-06, 0.9999582767486572, 5.95409164816374e-06], [5.9960239013889804e-06, 5.995909305056557e-06, 6.010072411299916e-06, 6.0100264818174765e-06, 5.999329459882574e-06, 5.995914762024768e-06, 5.9946455621684436e-06, 0.9999580383300781]], "mean_depth_distance": 0.05279598385095596}
{"kind": "key", "receiver_layer": 21, "sender_layers": [14, 15, 16, 17, 18, 19], "layer_weights": [0.15327681601047516, 0.17131143808364868, 0.19205717742443085, 0.17891989648342133, 0.16040842235088348, 0.1440262645483017], "head_mapping": [[0.9999569654464722, 6.155595201562392e-06, 6.146245141280815e-06, 6.155020400910871e-06, 6.147804469947005e-06, 6.14774580753874e-06, 6.156922609079629e-06, 6.148719421616988e-06], [6.141517587820999e-06, 0.9999570846557617, 6.1364180510281585e-06, 6.135786406957777e-06, 6.132831913419068e-06, 6.1358095990726724e-06, 6.144235612737248e-06, 6.144271083030617e-06], [6.120778834883822e-06, 6.122238119132817e-06, 0.9999572038650513, 6.122711056377739e-06, 6.12047506365343e-06, 6.1183100115158595e-06, 6.115287760621868e-06, 6.12486610407359e-06], [6.1441764955816325e-06, 6.146362466097344e-06, 6.141136054793606e-06, 0.9999569654464722, 6.1473765526898205e-06, 6.142366601125104e-06, 6.144193775980966e-06, 6.145740826468682e-06], [6.059218321752269e-06, 6.063460659788689e-06, 6.0643747019639704e-06, 6.0615066104219295e-06, 0.9999575614929199, 6.068991751817521e-06, 6.0632291933870874e-06, 6.063819455448538e-06], [6.115219093771884e-06, 6.112758001108887e-06, 6.11152836427209e-06, 6.109529749664944e-06, 6.1149858083808795e-06, 0.9999573230743408, 6.114023562986404e-06, 6.10719371252344e-06], [6.11396535532549e-06, 6.104794465500163e-06, 6.1090058807167225e-06, 6.104975000198465e-06, 6.104317435529083e-06, 6.10602910455782e-06, 0.9999573230743408, 6.103845862526214e-06], [6.097882305766689e-06, 6.101505732658552e-06, 6.096393462939886e-06, 6.099940947024152e-06, 6.093463525758125e-06, 6.1010750869172625e-06, 6.095201570133213e-06, 0.9999573230743408]], "mean_depth_distance": 0.05245698615908623}
