{"epoch": 1, "train_loss": 0.011182352018579422, "correct_answer_mean_nll": 0.011182352018579422, "shuffled_answer_mean_nll": 5.781976968050003, "gates": [0.23258107900619507, 0.15385502576828003, 0.23855789005756378, 0.21817171573638916, 0.22397905588150024, 0.1966942697763443, 0.22509165108203888, 0.09971319884061813, 0.2530040740966797, 0.259555846452713, 0.34934961795806885, 0.3711009919643402, 0.345022976398468, 0.3257296681404114, 0.41573143005371094, 0.30457285046577454], "selected_top2": [[[0, 1], [0, 1], [1, 0], [1, 0], [3, 2], [3, 2], [2, 3], [2, 3], [5, 4], [4, 5], [4, 5], [5, 4], [7, 6], [6, 7], [7, 6], [6, 7], [9, 8], [9, 8], [8, 9], [8, 9], [10, 11], [10, 11], [11, 10], [11, 10], [12, 13], [12, 13], [12, 13], [12, 13], [14, 15], [14, 15], [15, 14], [15, 14]], [[1, 0], [1, 0], [0, 1], [0, 1], [2, 3], [3, 2], [2, 3], [2, 3], [4, 5], [5, 4], [4, 5], [5, 4], [6, 7], [6, 7], [6, 7], [7, 6], [9, 8], [8, 9], [8, 9], [8, 9], [11, 10], [10, 11], [10, 11], [11, 10], [13, 12], [13, 12], [12, 13], [13, 12], [15, 14], [14, 15], [14, 15], [14, 15]], [[0, 1], [0, 1], [0, 1], [0, 1], [3, 2], [2, 3], [3, 2], [2, 3], [5, 4], [5, 4], [5, 4], [5, 4], [7, 6], [7, 6], [6, 7], [7, 6], [9, 8], [9, 8], [9, 8], [9, 8], [10, 11], [10, 11], [11, 10], [11, 10], [13, 12], [13, 12], [12, 13], [12, 13], [15, 14], [15, 14], [14, 15], [15, 14]], [[0, 1], [1, 0], [1, 0], [0, 1], [2, 3], [2, 3], [3, 2], [2, 3], [4, 5], [4, 5], [5, 4], [4, 5], [6, 7], [7, 6], [7, 6], [6, 7], [9, 8], [9, 8], [9, 8], [8, 9], [10, 11], [10, 11], [10, 11], [11, 10], [12, 13], [12, 13], [13, 12], [12, 13], [15, 14], [15, 14], [15, 14], [14, 15]], [[0, 1], [1, 0], [0, 1], [0, 1], [2, 3], [2, 3], [2, 3], [2, 3], [4, 5], [4, 5], [5, 4], [5, 4], [7, 6], [6, 7], [6, 7], [6, 7], [9, 8], [9, 8], [9, 8], [8, 9], [11, 10], [10, 11], [11, 10], [10, 11], [12, 13], [13, 12], [12, 13], [13, 12], [14, 15], [14, 15], [14, 15], [14, 15]], [[0, 1], [1, 0], [1, 0], [1, 0], [3, 2], [3, 2], [3, 2], [2, 3], [4, 5], [4, 5], [4, 5], [4, 5], [7, 6], [7, 6], [7, 6], [7, 6], [8, 9], [8, 9], [9, 8], [9, 8], [10, 11], [11, 10], [11, 10], [11, 10], [12, 13], [12, 13], [13, 12], [13, 12], [15, 14], [15, 14], [15, 14], [15, 14]], [[0, 1], [0, 1], [1, 0], [1, 0], [2, 3], [2, 3], [3, 2], [2, 3], [4, 5], [5, 4], [4, 5], [5, 4], [6, 7], [6, 7], [6, 7], [6, 7], [8, 9], [9, 8], [8, 9], [9, 8], [10, 11], [11, 10], [10, 11], [10, 11], [13, 12], [12, 13], [12, 13], [13, 12], [15, 14], [14, 15], [14, 15], [14, 15]], [[0, 1], [1, 0], [1, 0], [1, 0], [3, 2], [2, 3], [3, 2], [2, 3], [4, 5], [5, 4], [5, 4], [4, 5], [6, 7], [7, 6], [7, 6], [6, 7], [9, 8], [8, 9], [8, 9], [8, 9], [11, 10], [11, 10], [10, 11], [10, 11], [13, 12], [12, 13], [12, 13], [13, 12], [14, 15], [15, 14], [15, 14], [14, 15]], [[0, 1], [0, 1], [1, 0], [1, 0], [3, 2], [2, 3], [2, 3], [3, 2], [5, 4], [5, 4], [4, 5], [5, 4], [6, 7], [7, 6], [6, 7], [6, 7], [8, 9], [8, 9], [8, 9], [8, 9], [10, 11], [10, 11], [11, 10], [11, 10], [12, 13], [12, 13], [13, 12], [13, 12], [15, 14], [14, 15], [14, 15], [15, 14]], [[1, 0], [1, 0], [1, 0], [1, 0], [3, 2], [2, 3], [3, 2], [3, 2], [5, 4], [4, 5], [4, 5], [5, 4], [6, 7], [6, 7], [6, 7], [7, 6], [8, 9], [9, 8], [8, 9], [8, 9], [10, 11], [11, 10], [10, 11], [11, 10], [13, 12], [12, 13], [12, 13], [12, 13], [14, 15], [14, 15], [15, 14], [14, 15]], [[1, 0], [0, 1], [0, 1], [0, 1], [3, 2], [2, 3], [3, 2], [2, 3], [4, 5], [5, 4], [5, 4], [4, 5], [6, 7], [6, 7], [6, 7], [7, 6], [8, 9], [8, 9], [9, 8], [8, 9], [10, 11], [11, 10], [10, 11], [11, 10], [12, 13], [12, 13], [12, 13], [13, 12], [15, 14], [15, 14], [15, 14], [14, 15]], [[1, 0], [1, 0], [1, 0], [1, 0], [2, 3], [2, 3], [2, 3], [3, 2], [4, 5], [4, 5], [4, 5], [5, 4], [7, 6], [6, 7], [6, 7], [7, 6], [8, 9], [8, 9], [8, 9], [8, 9], [10, 11], [10, 11], [11, 10], [11, 10], [13, 12], [13, 12], [13, 12], [13, 12], [14, 15], [15, 14], [15, 14], [14, 15]], [[1, 0], [1, 0], [0, 1], [1, 0], [2, 3], [2, 3], [3, 2], [2, 3], [4, 5], [4, 5], [4, 5], [4, 5], [7, 6], [6, 7], [7, 6], [6, 7], [9, 8], [8, 9], [8, 9], [9, 8], [10, 11], [10, 11], [11, 10], [11, 10], [12, 13], [13, 12], [12, 13], [13, 12], [15, 14], [14, 15], [15, 14], [15, 14]], [[0, 1], [1, 0], [0, 1], [1, 0], [2, 3], [3, 2], [2, 3], [3, 2], [5, 4], [5, 4], [4, 5], [4, 5], [7, 6], [6, 7], [6, 7], [7, 6], [9, 8], [8, 9], [8, 9], [8, 9], [10, 11], [11, 10], [10, 11], [11, 10], [12, 13], [12, 13], [13, 12], [13, 12], [15, 14], [15, 14], [14, 15], [14, 15]], [[0, 1], [0, 1], [0, 1], [0, 1], [3, 2], [2, 3], [2, 3], [3, 2], [4, 5], [5, 4], [5, 4], [5, 4], [6, 7], [7, 6], [6, 7], [7, 6], [8, 9], [9, 8], [9, 8], [9, 8], [11, 10], [10, 11], [10, 11], [10, 11], [12, 13], [13, 12], [12, 13], [12, 13], [15, 14], [14, 15], [14, 15], [15, 14]], [[1, 0], [1, 0], [1, 0], [0, 1], [3, 2], [3, 2], [2, 3], [2, 3], [4, 5], [4, 5], [5, 4], [5, 4], [7, 6], [7, 6], [7, 6], [6, 7], [9, 8], [9, 8], [9, 8], [9, 8], [10, 11], [11, 10], [10, 11], [10, 11], [12, 13], [12, 13], [13, 12], [13, 12], [15, 14], [15, 14], [14, 15], [15, 14]]], "canonical_head_usage": [[0.06249937415122986, 0.06250062584877014, 0.06249989569187164, 0.06250010430812836, 0.062483739107847214, 0.06251626461744308, 0.062494855374097824, 0.06250514090061188, 0.06249202787876129, 0.06250797212123871, 0.062492914497852325, 0.06250707805156708, 0.06250309944152832, 0.06249690055847168, 0.062496934086084366, 0.06250306218862534], [0.06250306218862534, 0.06249694153666496, 0.06250931322574615, 0.062490690499544144, 0.06250067800283432, 0.06249931454658508, 0.06250648945569992, 0.06249351054430008, 0.062497273087501526, 0.06250272691249847, 0.06250868737697601, 0.062491320073604584, 0.06249462813138962, 0.06250536441802979, 0.0625012218952179, 0.062498774379491806], [0.06250608712434769, 0.06249391287565231, 0.06249094009399414, 0.06250905990600586, 0.062493275851011276, 0.06250672042369843, 0.06249982491135597, 0.06250017881393433, 0.0624932125210762, 0.0625067800283432, 0.06248891353607178, 0.06251107901334763, 0.06250245124101639, 0.06249755620956421, 0.06250347197055817, 0.062496528029441833], [0.06249523162841797, 0.06250476837158203, 0.06250830739736557, 0.06249169260263443, 0.06250786781311035, 0.06249213591217995, 0.0625038594007492, 0.06249614059925079, 0.06250154972076416, 0.06249845027923584, 0.06250808387994766, 0.06249191612005234, 0.06250359117984772, 0.062496401369571686, 0.062494173645973206, 0.0625058263540268], [0.062491193413734436, 0.06250880658626556, 0.06251116096973419, 0.06248883157968521, 0.06248771399259567, 0.06251228600740433, 0.06250317394733429, 0.06249682605266571, 0.06249582767486572, 0.06250417232513428, 0.06250238418579102, 0.06249762326478958, 0.06251643598079681, 0.06248356029391289, 0.06250625848770142, 0.062493741512298584], [0.0624830424785614, 0.0625169575214386, 0.0624990239739418, 0.0625009760260582, 0.06251048296689987, 0.062489524483680725, 0.0624937042593956, 0.0625062882900238, 0.06250618398189545, 0.06249381601810455, 0.0624866746366024, 0.0625133216381073, 0.06250108778476715, 0.062498901039361954, 0.062492161989212036, 0.06250783056020737], [0.06250056624412537, 0.062499433755874634, 0.06250391900539398, 0.062496088445186615, 0.06250996887683868, 0.062490031123161316, 0.06250819563865662, 0.062491804361343384, 0.06251111626625061, 0.06248888373374939, 0.06250432133674622, 0.062495674937963486, 0.062498968094587326, 0.06250102818012238, 0.06250186264514923, 0.06249814108014107], [0.06249872222542763, 0.06250128149986267, 0.06249360367655754, 0.06250639259815216, 0.062498096376657486, 0.06250189989805222, 0.0625012069940567, 0.0624987930059433, 0.06250656396150589, 0.06249343603849411, 0.06249000132083893, 0.06250999867916107, 0.062496915459632874, 0.06250308454036713, 0.06250106543302536, 0.06249892711639404], [0.0625135526061058, 0.062486447393894196, 0.06250223517417908, 0.06249776482582092, 0.06249570846557617, 0.06250429153442383, 0.06250391900539398, 0.06249607354402542, 0.06251456588506699, 0.062485434114933014, 0.06249987334012985, 0.06250011920928955, 0.06250148266553879, 0.06249852478504181, 0.0625205934047699, 0.0624794065952301], [0.06249569356441498, 0.06250430643558502, 0.0624847486615181, 0.0625152513384819, 0.06250123679637909, 0.06249876320362091, 0.06251367926597595, 0.062486328184604645, 0.06250641494989395, 0.06249358132481575, 0.062498413026332855, 0.06250158697366714, 0.06250326335430145, 0.06249673292040825, 0.06250831484794617, 0.062491681426763535], [0.06250371038913727, 0.062496285885572433, 0.06249485909938812, 0.06250514090061188, 0.06250501424074173, 0.06249499320983887, 0.06249895691871643, 0.06250104308128357, 0.06250999867916107, 0.06249000132083893, 0.06250431388616562, 0.06249568238854408, 0.06250954419374466, 0.06249045580625534, 0.06249764561653137, 0.06250235438346863], [0.06248373165726662, 0.06251626461744308, 0.06250064074993134, 0.06249935179948807, 0.06250586360692978, 0.06249413639307022, 0.062493082135915756, 0.06250691413879395, 0.0625082403421402, 0.0624917633831501, 0.06249779462814331, 0.06250220537185669, 0.062485452741384506, 0.0625145435333252, 0.06250368058681488, 0.06249632313847542], [0.06249238923192024, 0.06250760704278946, 0.06250709295272827, 0.062492918223142624, 0.06250950694084167, 0.062490496784448624, 0.06249016895890236, 0.06250982731580734, 0.0624978132545948, 0.0625021904706955, 0.06250575929880142, 0.06249424070119858, 0.06250131130218506, 0.06249868869781494, 0.06248931959271431, 0.06251067668199539], [0.06249712407588959, 0.06250286847352982, 0.06250658631324768, 0.062493421137332916, 0.06249786168336868, 0.06250213831663132, 0.06250656396150589, 0.06249343231320381, 0.06250034272670746, 0.06249966472387314, 0.06249669939279556, 0.06250329315662384, 0.06250682473182678, 0.062493182718753815, 0.0625024139881134, 0.0624975860118866], [0.06251336634159088, 0.06248663738369942, 0.06250593811273575, 0.06249406933784485, 0.06249361112713814, 0.06250638514757156, 0.06250683963298798, 0.062493160367012024, 0.06250020116567612, 0.06249979883432388, 0.06250787526369095, 0.06249212101101875, 0.06250794976949692, 0.06249205768108368, 0.06250005960464478, 0.062499940395355225], [0.06250429153442383, 0.062495701014995575, 0.0625031366944313, 0.06249687075614929, 0.06249937042593956, 0.06250064074993134, 0.06248673051595688, 0.06251326948404312, 0.06248436123132706, 0.06251563876867294, 0.06251222640275955, 0.06248776614665985, 0.06249767541885376, 0.06250232458114624, 0.06248494237661362, 0.06251505762338638]]}
{"epoch": 2, "train_loss": 0.000516137260888172, "correct_answer_mean_nll": 0.000516137260888172, "shuffled_answer_mean_nll": 5.491452135145664, "gates": [0.23288238048553467, 0.1540914922952652, 0.23874419927597046, 0.21855369210243225, 0.224510058760643, 0.1971658170223236, 0.22482483088970184, 0.09953725337982178, 0.2533600330352783, 0.2596956193447113, 0.3495316505432129, 0.37038567662239075, 0.34486454725265503, 0.32590463757514954, 0.41623252630233765, 0.3045136034488678], "selected_top2": [[[0, 1], [0, 1], [1, 0], [1, 0], [3, 2], [2, 3], [2, 3], [2, 3], [5, 4], [4, 5], [4, 5], [5, 4], [6, 7], [6, 7], [7, 6], [6, 7], [9, 8], [9, 8], [8, 9], [8, 9], [10, 11], [10, 11], [11, 10], [11, 10], [12, 13], [12, 13], [12, 13], [12, 13], [14, 15], [14, 15], [15, 14], [15, 14]], [[1, 0], [1, 0], [0, 1], [0, 1], [2, 3], [3, 2], [2, 3], [2, 3], [4, 5], [5, 4], [4, 5], [5, 4], [6, 7], [6, 7], [6, 7], [7, 6], [9, 8], [8, 9], [8, 9], [8, 9], [11, 10], [11, 10], [10, 11], [11, 10], [13, 12], [13, 12], [12, 13], [13, 12], [15, 14], [14, 15], [14, 15], [15, 14]], [[0, 1], [0, 1], [1, 0], [0, 1], [3, 2], [2, 3], [3, 2], [2, 3], [5, 4], [5, 4], [5, 4], [5, 4], [6, 7], [7, 6], [6, 7], [7, 6], [9, 8], [9, 8], [9, 8], [9, 8], [10, 11], [10, 11], [11, 10], [11, 10], [13, 12], [13, 12], [12, 13], [12, 13], [15, 14], [15, 14], [14, 15], [15, 14]], [[0, 1], [1, 0], [1, 0], [0, 1], [2, 3], [2, 3], [3, 2], [2, 3], [4, 5], [4, 5], [5, 4], [4, 5], [6, 7], [7, 6], [7, 6], [6, 7], [9, 8], [9, 8], [9, 8], [8, 9], [10, 11], [10, 11], [10, 11], [11, 10], [12, 13], [12, 13], [13, 12], [12, 13], [14, 15], [15, 14], [15, 14], [14, 15]], [[1, 0], [1, 0], [0, 1], [0, 1], [2, 3], [2, 3], [2, 3], [2, 3], [4, 5], [4, 5], [5, 4], [5, 4], [7, 6], [6, 7], [6, 7], [7, 6], [9, 8], [9, 8], [9, 8], [8, 9], [11, 10], [11, 10], [11, 10], [10, 11], [12, 13], [13, 12], [12, 13], [12, 13], [15, 14], [14, 15], [14, 15], [14, 15]], [[0, 1], [1, 0], [1, 0], [1, 0], [3, 2], [3, 2], [3, 2], [2, 3], [4, 5], [4, 5], [4, 5], [4, 5], [7, 6], [7, 6], [7, 6], [7, 6], [8, 9], [8, 9], [9, 8], [9, 8], [10, 11], [11, 10], [11, 10], [11, 10], [12, 13], [12, 13], [13, 12], [13, 12], [15, 14], [15, 14], [15, 14], [15, 14]], [[0, 1], [1, 0], [1, 0], [1, 0], [2, 3], [2, 3], [3, 2], [2, 3], [4, 5], [5, 4], [4, 5], [5, 4], [6, 7], [6, 7], [6, 7], [6, 7], [8, 9], [9, 8], [8, 9], [9, 8], [10, 11], [11, 10], [10, 11], [10, 11], [13, 12], [12, 13], [12, 13], [13, 12], [15, 14], [14, 15], [14, 15], [14, 15]], [[0, 1], [1, 0], [1, 0], [1, 0], [3, 2], [2, 3], [3, 2], [2, 3], [4, 5], [5, 4], [5, 4], [4, 5], [6, 7], [7, 6], [7, 6], [6, 7], [9, 8], [8, 9], [8, 9], [8, 9], [11, 10], [11, 10], [10, 11], [10, 11], [13, 12], [12, 13], [12, 13], [13, 12], [14, 15], [15, 14], [15, 14], [14, 15]], [[0, 1], [0, 1], [1, 0], [1, 0], [3, 2], [2, 3], [2, 3], [3, 2], [5, 4], [5, 4], [4, 5], [5, 4], [6, 7], [7, 6], [6, 7], [6, 7], [8, 9], [8, 9], [8, 9], [8, 9], [10, 11], [10, 11], [11, 10], [11, 10], [12, 13], [12, 13], [13, 12], [13, 12], [15, 14], [14, 15], [14, 15], [15, 14]], [[1, 0], [1, 0], [1, 0], [1, 0], [3, 2], [3, 2], [3, 2], [3, 2], [5, 4], [4, 5], [4, 5], [5, 4], [6, 7], [6, 7], [6, 7], [7, 6], [8, 9], [9, 8], [8, 9], [8, 9], [10, 11], [11, 10], [10, 11], [11, 10], [12, 13], [12, 13], [12, 13], [12, 13], [14, 15], [14, 15], [15, 14], [14, 15]], [[1, 0], [0, 1], [0, 1], [0, 1], [3, 2], [2, 3], [3, 2], [2, 3], [4, 5], [5, 4], [5, 4], [4, 5], [6, 7], [6, 7], [6, 7], [7, 6], [8, 9], [8, 9], [9, 8], [8, 9], [10, 11], [11, 10], [10, 11], [11, 10], [12, 13], [12, 13], [12, 13], [12, 13], [15, 14], [15, 14], [15, 14], [14, 15]], [[1, 0], [1, 0], [1, 0], [1, 0], [2, 3], [2, 3], [2, 3], [3, 2], [4, 5], [4, 5], [4, 5], [5, 4], [7, 6], [6, 7], [6, 7], [7, 6], [9, 8], [8, 9], [8, 9], [8, 9], [10, 11], [10, 11], [11, 10], [11, 10], [13, 12], [13, 12], [13, 12], [13, 12], [14, 15], [15, 14], [15, 14], [14, 15]], [[1, 0], [1, 0], [0, 1], [1, 0], [2, 3], [2, 3], [2, 3], [2, 3], [4, 5], [4, 5], [4, 5], [4, 5], [7, 6], [6, 7], [7, 6], [6, 7], [9, 8], [8, 9], [8, 9], [9, 8], [11, 10], [10, 11], [11, 10], [11, 10], [12, 13], [13, 12], [12, 13], [13, 12], [15, 14], [14, 15], [15, 14], [15, 14]], [[0, 1], [1, 0], [0, 1], [1, 0], [2, 3], [3, 2], [2, 3], [3, 2], [5, 4], [5, 4], [4, 5], [4, 5], [7, 6], [6, 7], [6, 7], [7, 6], [9, 8], [8, 9], [8, 9], [8, 9], [10, 11], [11, 10], [10, 11], [11, 10], [12, 13], [12, 13], [13, 12], [13, 12], [14, 15], [15, 14], [14, 15], [14, 15]], [[0, 1], [0, 1], [0, 1], [0, 1], [3, 2], [2, 3], [2, 3], [3, 2], [4, 5], [5, 4], [5, 4], [5, 4], [6, 7], [7, 6], [6, 7], [7, 6], [8, 9], [9, 8], [8, 9], [9, 8], [11, 10], [10, 11], [10, 11], [10, 11], [12, 13], [13, 12], [12, 13], [13, 12], [15, 14], [14, 15], [14, 15], [15, 14]], [[1, 0], [0, 1], [1, 0], [0, 1], [3, 2], [3, 2], [2, 3], [2, 3], [4, 5], [4, 5], [5, 4], [5, 4], [7, 6], [7, 6], [7, 6], [6, 7], [9, 8], [9, 8], [9, 8], [9, 8], [10, 11], [11, 10], [10, 11], [10, 11], [12, 13], [12, 13], [13, 12], [13, 12], [15, 14], [15, 14], [14, 15], [15, 14]]], "canonical_head_usage": [[0.0624966099858284, 0.0625033974647522, 0.062499672174453735, 0.06250032782554626, 0.062483493238687515, 0.06251651048660278, 0.062497276812791824, 0.06250272691249847, 0.06249059736728668, 0.06250941008329391, 0.0624946728348732, 0.0625053271651268, 0.06250917911529541, 0.06249082088470459, 0.062499161809682846, 0.06250084191560745], [0.0625041201710701, 0.0624958761036396, 0.06251262128353119, 0.06248737871646881, 0.06250122934579849, 0.062498774379491806, 0.06250887364149094, 0.062491126358509064, 0.06249605864286423, 0.06250394135713577, 0.06250958144664764, 0.062490418553352356, 0.06249191612005234, 0.06250807642936707, 0.06250166147947311, 0.06249833106994629], [0.06250737607479095, 0.06249263137578964, 0.0624878853559494, 0.0625121146440506, 0.06249199062585831, 0.06250801682472229, 0.06250232458114624, 0.06249768286943436, 0.06249034032225609, 0.06250966340303421, 0.06248700991272926, 0.06251299381256104, 0.06250572204589844, 0.06249427795410156, 0.06250675022602081, 0.06249324977397919], [0.06249140202999115, 0.06250859797000885, 0.0625147819519043, 0.0624852254986763, 0.06251054257154465, 0.06248945742845535, 0.0625036209821701, 0.062496379017829895, 0.0625012218952179, 0.062498778104782104, 0.06250805407762527, 0.06249193847179413, 0.0625029057264328, 0.0624970942735672, 0.06249174475669861, 0.06250825524330139], [0.06248963624238968, 0.06251036375761032, 0.0625155046582222, 0.062484487891197205, 0.06248395889997482, 0.06251604110002518, 0.06250113248825073, 0.062498871237039566, 0.06249683350324631, 0.06250317394733429, 0.06250171363353729, 0.06249828636646271, 0.0625225082039833, 0.062477484345436096, 0.06250882893800735, 0.062491171061992645], [0.06247503310441971, 0.06252496689558029, 0.06249780207872391, 0.06250219792127609, 0.06251377612352371, 0.06248622015118599, 0.06249178200960159, 0.06250821053981781, 0.06250666826963425, 0.06249333173036575, 0.0624847449362278, 0.0625152587890625, 0.06250420212745667, 0.06249580532312393, 0.06248997896909714, 0.06251002103090286], [0.06250126659870148, 0.06249873340129852, 0.06250504404306412, 0.06249496340751648, 0.06251439452171326, 0.062485601752996445, 0.06251199543476105, 0.062488000839948654, 0.06251626461744308, 0.062483735382556915, 0.06250783056020737, 0.062492161989212036, 0.0624978207051754, 0.0625021830201149, 0.06250201165676117, 0.06249798834323883], [0.06249892711639404, 0.06250107288360596, 0.06249058246612549, 0.06250941753387451, 0.062495987862348557, 0.06250401586294174, 0.06250086426734924, 0.06249913573265076, 0.06250856816768646, 0.06249142438173294, 0.062487587332725525, 0.06251241266727448, 0.0624961219727993, 0.0625038743019104, 0.06250177323818207, 0.06249822676181793], [0.06251317262649536, 0.06248682737350464, 0.06250018626451492, 0.06249981373548508, 0.06249133124947548, 0.06250867247581482, 0.06250441074371338, 0.062495581805706024, 0.06251988559961319, 0.06248011440038681, 0.06250010430812836, 0.06249989569187164, 0.062498562037944794, 0.0625014379620552, 0.06252655386924744, 0.062473446130752563], [0.06249559670686722, 0.06250440329313278, 0.062479063868522644, 0.06252093613147736, 0.06250220537185669, 0.06249779462814331, 0.06251505762338638, 0.06248494237661362, 0.06250617653131485, 0.06249383091926575, 0.06249850243330002, 0.06250150501728058, 0.06250697374343872, 0.06249302253127098, 0.06251133978366852, 0.06248866766691208], [0.06250274926424026, 0.062497254461050034, 0.06249339133501053, 0.06250660866498947, 0.0625065267086029, 0.0624934658408165, 0.06250105053186417, 0.062498949468135834, 0.06251311302185059, 0.062486886978149414, 0.06250365078449249, 0.062496352940797806, 0.06251397728919983, 0.06248602643609047, 0.06249982863664627, 0.06250017136335373], [0.06247470900416374, 0.06252528727054596, 0.06249906122684479, 0.06250093132257462, 0.06250984966754913, 0.06249015033245087, 0.06249063462018967, 0.06250936537981033, 0.06250889599323273, 0.062491096556186676, 0.062498804181814194, 0.0625011995434761, 0.06248418614268303, 0.06251582503318787, 0.06250433623790741, 0.06249566376209259], [0.06248798966407776, 0.06251201033592224, 0.06250964850187302, 0.062490351498126984, 0.06251434981822968, 0.062485650181770325, 0.06248520314693451, 0.06251479685306549, 0.062498122453689575, 0.06250188499689102, 0.06250475347042084, 0.06249525398015976, 0.06250201165676117, 0.06249799206852913, 0.06248505413532257, 0.06251494586467743], [0.06248966231942177, 0.06251034140586853, 0.06250931322574615, 0.06249068304896355, 0.0624975860118866, 0.0625024139881134, 0.06250663846731186, 0.06249336898326874, 0.06249881908297539, 0.06250117719173431, 0.06248696148395538, 0.06251303851604462, 0.06250930577516556, 0.06249069422483444, 0.06250620633363724, 0.062493786215782166], [0.06251765042543411, 0.06248234957456589, 0.06250621378421783, 0.06249379366636276, 0.062490690499544144, 0.06250930577516556, 0.0625089779496193, 0.06249102205038071, 0.06249646469950676, 0.06250353157520294, 0.06250638514757156, 0.062493614852428436, 0.06250797212123871, 0.06249202787876129, 0.06250011920928955, 0.06249987706542015], [0.06250710785388947, 0.06249289587140083, 0.06250829994678497, 0.06249169260263443, 0.0625000149011612, 0.06249998137354851, 0.06247873604297638, 0.06252126395702362, 0.06248319894075394, 0.06251679360866547, 0.0625142902135849, 0.0624857135117054, 0.06249270960688591, 0.06250728666782379, 0.062482111155986786, 0.06251788884401321]], "train_free_running_monitor": {"correct_em": 1.0, "correct_f1": 1.0, "shuffled_current_f1": 0.08333333333333333, "correct_shuffled_gap": 0.9166666666666666}}
{"epoch": 3, "train_loss": 0.00040968549333797455, "correct_answer_mean_nll": 0.00040968549333797455, "shuffled_answer_mean_nll": 5.458863653242588, "gates": [0.23296329379081726, 0.15412870049476624, 0.23877069354057312, 0.2186557948589325, 0.22461870312690735, 0.19720007479190826, 0.22474661469459534, 0.09950588643550873, 0.2534853518009186, 0.25976482033729553, 0.3496497869491577, 0.3702491819858551, 0.3448273241519928, 0.32590222358703613, 0.4163546860218048, 0.30450087785720825], "selected_top2": [[[0, 1], [0, 1], [1, 0], [1, 0], [3, 2], [2, 3], [2, 3], [2, 3], [5, 4], [4, 5], [4, 5], [5, 4], [6, 7], [6, 7], [7, 6], [6, 7], [9, 8], [9, 8], [8, 9], [8, 9], [10, 11], [10, 11], [11, 10], [11, 10], [12, 13], [12, 13], [12, 13], [12, 13], [14, 15], [14, 15], [15, 14], [15, 14]], [[1, 0], [1, 0], [0, 1], [0, 1], [2, 3], [3, 2], [2, 3], [2, 3], [4, 5], [5, 4], [4, 5], [5, 4], [6, 7], [6, 7], [6, 7], [7, 6], [9, 8], [8, 9], [8, 9], [8, 9], [11, 10], [11, 10], [10, 11], [11, 10], [13, 12], [13, 12], [12, 13], [12, 13], [15, 14], [14, 15], [14, 15], [15, 14]], [[0, 1], [0, 1], [1, 0], [0, 1], [3, 2], [2, 3], [3, 2], [2, 3], [5, 4], [5, 4], [5, 4], [5, 4], [6, 7], [7, 6], [6, 7], [6, 7], [9, 8], [9, 8], [9, 8], [9, 8], [10, 11], [10, 11], [11, 10], [11, 10], [13, 12], [13, 12], [12, 13], [12, 13], [15, 14], [15, 14], [14, 15], [15, 14]], [[0, 1], [1, 0], [1, 0], [0, 1], [2, 3], [2, 3], [3, 2], [2, 3], [4, 5], [4, 5], [5, 4], [4, 5], [6, 7], [7, 6], [7, 6], [6, 7], [9, 8], [9, 8], [9, 8], [8, 9], [10, 11], [10, 11], [10, 11], [11, 10], [12, 13], [12, 13], [13, 12], [12, 13], [14, 15], [15, 14], [15, 14], [14, 15]], [[1, 0], [1, 0], [0, 1], [0, 1], [2, 3], [2, 3], [2, 3], [2, 3], [4, 5], [4, 5], [5, 4], [5, 4], [7, 6], [6, 7], [6, 7], [7, 6], [9, 8], [8, 9], [9, 8], [8, 9], [11, 10], [11, 10], [11, 10], [10, 11], [12, 13], [13, 12], [12, 13], [12, 13], [15, 14], [14, 15], [14, 15], [14, 15]], [[0, 1], [1, 0], [1, 0], [1, 0], [3, 2], [3, 2], [3, 2], [2, 3], [4, 5], [4, 5], [4, 5], [4, 5], [7, 6], [7, 6], [7, 6], [7, 6], [8, 9], [8, 9], [9, 8], [9, 8], [10, 11], [11, 10], [11, 10], [11, 10], [12, 13], [12, 13], [13, 12], [13, 12], [15, 14], [15, 14], [15, 14], [15, 14]], [[0, 1], [1, 0], [1, 0], [1, 0], [2, 3], [2, 3], [3, 2], [2, 3], [4, 5], [5, 4], [4, 5], [5, 4], [6, 7], [6, 7], [6, 7], [6, 7], [8, 9], [9, 8], [8, 9], [9, 8], [10, 11], [11, 10], [10, 11], [10, 11], [13, 12], [12, 13], [12, 13], [13, 12], [15, 14], [14, 15], [14, 15], [14, 15]], [[0, 1], [1, 0], [1, 0], [1, 0], [3, 2], [2, 3], [3, 2], [2, 3], [4, 5], [5, 4], [5, 4], [4, 5], [6, 7], [7, 6], [7, 6], [6, 7], [9, 8], [8, 9], [8, 9], [8, 9], [11, 10], [11, 10], [10, 11], [10, 11], [13, 12], [12, 13], [12, 13], [13, 12], [14, 15], [15, 14], [15, 14], [14, 15]], [[0, 1], [0, 1], [0, 1], [1, 0], [3, 2], [2, 3], [2, 3], [3, 2], [5, 4], [5, 4], [4, 5], [5, 4], [7, 6], [7, 6], [6, 7], [6, 7], [8, 9], [8, 9], [8, 9], [8, 9], [10, 11], [10, 11], [11, 10], [11, 10], [12, 13], [12, 13], [13, 12], [13, 12], [15, 14], [14, 15], [14, 15], [15, 14]], [[1, 0], [1, 0], [1, 0], [0, 1], [3, 2], [3, 2], [3, 2], [3, 2], [5, 4], [4, 5], [4, 5], [5, 4], [6, 7], [6, 7], [6, 7], [7, 6], [8, 9], [9, 8], [8, 9], [8, 9], [10, 11], [11, 10], [10, 11], [11, 10], [12, 13], [12, 13], [12, 13], [12, 13], [14, 15], [14, 15], [15, 14], [14, 15]], [[1, 0], [0, 1], [0, 1], [0, 1], [2, 3], [2, 3], [3, 2], [2, 3], [4, 5], [5, 4], [4, 5], [4, 5], [6, 7], [6, 7], [6, 7], [7, 6], [8, 9], [8, 9], [9, 8], [8, 9], [10, 11], [11, 10], [10, 11], [11, 10], [12, 13], [12, 13], [12, 13], [12, 13], [15, 14], [14, 15], [15, 14], [14, 15]], [[1, 0], [1, 0], [1, 0], [1, 0], [2, 3], [2, 3], [2, 3], [3, 2], [4, 5], [4, 5], [4, 5], [5, 4], [7, 6], [6, 7], [6, 7], [7, 6], [9, 8], [8, 9], [8, 9], [8, 9], [10, 11], [10, 11], [11, 10], [11, 10], [13, 12], [13, 12], [13, 12], [13, 12], [14, 15], [15, 14], [15, 14], [14, 15]], [[1, 0], [1, 0], [0, 1], [1, 0], [2, 3], [2, 3], [2, 3], [2, 3], [4, 5], [4, 5], [4, 5], [4, 5], [7, 6], [6, 7], [7, 6], [6, 7], [9, 8], [8, 9], [8, 9], [9, 8], [11, 10], [10, 11], [11, 10], [11, 10], [12, 13], [13, 12], [12, 13], [13, 12], [15, 14], [14, 15], [15, 14], [15, 14]], [[0, 1], [1, 0], [0, 1], [1, 0], [2, 3], [3, 2], [2, 3], [3, 2], [5, 4], [5, 4], [4, 5], [4, 5], [7, 6], [6, 7], [6, 7], [7, 6], [9, 8], [8, 9], [8, 9], [8, 9], [11, 10], [11, 10], [10, 11], [11, 10], [12, 13], [12, 13], [13, 12], [13, 12], [14, 15], [15, 14], [14, 15], [14, 15]], [[0, 1], [0, 1], [0, 1], [0, 1], [3, 2], [2, 3], [2, 3], [3, 2], [4, 5], [5, 4], [5, 4], [5, 4], [6, 7], [7, 6], [6, 7], [7, 6], [8, 9], [9, 8], [8, 9], [9, 8], [11, 10], [10, 11], [10, 11], [10, 11], [12, 13], [13, 12], [12, 13], [13, 12], [15, 14], [14, 15], [14, 15], [15, 14]], [[1, 0], [0, 1], [1, 0], [0, 1], [3, 2], [3, 2], [3, 2], [2, 3], [4, 5], [4, 5], [5, 4], [5, 4], [7, 6], [7, 6], [7, 6], [6, 7], [9, 8], [9, 8], [9, 8], [9, 8], [10, 11], [11, 10], [10, 11], [10, 11], [12, 13], [12, 13], [13, 12], [13, 12], [15, 14], [15, 14], [14, 15], [15, 14]]], "canonical_head_usage": [[0.062495820224285126, 0.06250418722629547, 0.06249985843896866, 0.06250014156103134, 0.062483128160238266, 0.06251687556505203, 0.06249776482582092, 0.06250223517417908, 0.06249036639928818, 0.06250962615013123, 0.06249380111694336, 0.06250619888305664, 0.06251174211502075, 0.062488265335559845, 0.06250002235174179, 0.062499985098838806], [0.0625041276216507, 0.062495872378349304, 0.06251363456249237, 0.06248636916279793, 0.06250148266553879, 0.06249851733446121, 0.06250958144664764, 0.062490418553352356, 0.062495723366737366, 0.06250427663326263, 0.06251003593206406, 0.062489964067935944, 0.06249126419425011, 0.06250873953104019, 0.06250185519456863, 0.062498144805431366], [0.06250809133052826, 0.06249190866947174, 0.06248679757118225, 0.06251319497823715, 0.06249160319566727, 0.06250840425491333, 0.06250287592411041, 0.062497131526470184, 0.06248920410871506, 0.06251078844070435, 0.06248641759157181, 0.06251358985900879, 0.06250700354576111, 0.062492989003658295, 0.0625072568655014, 0.062492743134498596], [0.06249023973941803, 0.06250975281000137, 0.06251659989356995, 0.062483400106430054, 0.06251123547554016, 0.06248876452445984, 0.06250359863042831, 0.06249640882015228, 0.06250118464231491, 0.06249881535768509, 0.06250835210084915, 0.06249164789915085, 0.06250306963920593, 0.06249691918492317, 0.06249046325683594, 0.06250953674316406], [0.06248902529478073, 0.06251096725463867, 0.06251656264066696, 0.06248343735933304, 0.062482502311468124, 0.06251750141382217, 0.06250077486038208, 0.06249922513961792, 0.062497206032276154, 0.06250279396772385, 0.06250175088644028, 0.062498241662979126, 0.06252528727054596, 0.06247470900416374, 0.06250953674316406, 0.06249046325683594], [0.06247291341423988, 0.06252707540988922, 0.062497660517692566, 0.06250233948230743, 0.06251463294029236, 0.062485359609127045, 0.062491320073604584, 0.06250867247581482, 0.06250778585672379, 0.062492210417985916, 0.06248363107442856, 0.06251636892557144, 0.06250552833080292, 0.06249447911977768, 0.06248931586742401, 0.06251069158315659], [0.06250148266553879, 0.062498513609170914, 0.06250520795583725, 0.06249478831887245, 0.06251595169305801, 0.062484048306941986, 0.0625130906701088, 0.06248690187931061, 0.06251806020736694, 0.06248193979263306, 0.06250909715890884, 0.062490902841091156, 0.062497563660144806, 0.0625024288892746, 0.06250204145908356, 0.06249796226620674], [0.06249859929084778, 0.06250140070915222, 0.06248956546187401, 0.0625104308128357, 0.06249513104557991, 0.06250487267971039, 0.06250108033418655, 0.06249891594052315, 0.06250925362110138, 0.06249074637889862, 0.062486469745635986, 0.06251352280378342, 0.06249573081731796, 0.06250426918268204, 0.06250202655792236, 0.062497977167367935], [0.06251361221075058, 0.06248638778924942, 0.06250010430812836, 0.06249990314245224, 0.0624895840883255, 0.0625104159116745, 0.0625043585896492, 0.0624956414103508, 0.06252197921276093, 0.06247802451252937, 0.06250037997961044, 0.06249962002038956, 0.06249718368053436, 0.06250281631946564, 0.06252823024988174, 0.062471769750118256], [0.06249568611383438, 0.06250431388616562, 0.062478020787239075, 0.06252197921276093, 0.06250251084566116, 0.06249748542904854, 0.0625162348151207, 0.062483761459589005, 0.062506303191185, 0.0624937005341053, 0.062498822808265686, 0.06250117719173431, 0.06250795722007751, 0.06249205023050308, 0.06251212954521179, 0.06248786672949791], [0.06250283867120743, 0.06249716132879257, 0.06249259412288666, 0.06250740587711334, 0.06250760704278946, 0.06249239668250084, 0.06250102072954178, 0.06249897927045822, 0.0625137910246849, 0.062486208975315094, 0.06250403821468353, 0.06249596178531647, 0.06251473724842072, 0.062485259026288986, 0.06250132620334625, 0.06249867379665375], [0.062471672892570496, 0.0625283271074295, 0.06249844282865524, 0.06250154972076416, 0.06251102685928345, 0.06248898059129715, 0.06248995661735535, 0.06251004338264465, 0.06250974535942078, 0.062490250915288925, 0.06249956786632538, 0.06250042468309402, 0.062482818961143494, 0.0625171810388565, 0.06250503659248352, 0.06249495968222618], [0.06248791515827179, 0.06251208484172821, 0.06251049786806107, 0.062489502131938934, 0.0625159740447998, 0.062484025955200195, 0.062483709305524826, 0.06251629441976547, 0.06249820441007614, 0.06250179558992386, 0.06250376999378204, 0.06249623745679855, 0.06250164657831192, 0.06249836087226868, 0.062483757734298706, 0.0625162422657013], [0.062488168478012085, 0.06251183152198792, 0.06250939518213272, 0.06249060481786728, 0.06249693036079407, 0.06250306963920593, 0.06250736862421036, 0.06249263137578964, 0.06249818205833435, 0.06250181794166565, 0.06248171627521515, 0.06251827627420425, 0.0625084862112999, 0.062491513788700104, 0.06250721216201782, 0.06249278783798218], [0.0625215619802475, 0.0624784380197525, 0.06250687688589096, 0.06249312311410904, 0.06248866766691208, 0.06251133233308792, 0.06250932067632675, 0.06249067932367325, 0.06249622255563736, 0.06250377744436264, 0.06250452995300293, 0.06249546632170677, 0.06250865012407303, 0.06249134987592697, 0.0624997541308403, 0.0625002458691597], [0.06250739842653275, 0.062492601573467255, 0.06250932812690735, 0.06249067187309265, 0.06250045448541641, 0.06249954178929329, 0.06247574836015701, 0.06252424418926239, 0.06248316913843155, 0.06251683086156845, 0.06251638382673264, 0.062483616173267365, 0.0624898225069046, 0.0625101774930954, 0.06248132511973381, 0.06251867115497589]]}
