{"kind": "key", "receiver_layer": 0, "sender_layers": [0, 1, 2, 3, 4, 5], "layer_weights": [0.21184483170509338, 0.1869785636663437, 0.1719283163547516, 0.15668465197086334, 0.1431974172592163, 0.12936624884605408], "head_mapping": [[0.999956488609314, 6.215638677531388e-06, 6.2199969761422835e-06, 6.211342679307563e-06, 6.208855666045565e-06, 6.2190715652832296e-06, 6.220050636329688e-06, 6.215336270543048e-06], [6.197137281560572e-06, 0.9999566078186035, 6.2049612097325735e-06, 6.205375484569231e-06, 6.216819201654289e-06, 6.193568879098166e-06, 6.211200798134087e-06, 6.205772024259204e-06], [6.226703135325806e-06, 6.21519347987487e-06, 0.9999563694000244, 6.211827894730959e-06, 6.2420781432592776e-06, 6.212443622644059e-06, 6.212710104591679e-06, 6.230206963664386e-06], [6.360320185194723e-06, 6.366298293869477e-06, 6.3571792452421505e-06, 0.9999555349349976, 6.360247880365932e-06, 6.340552317851689e-06, 6.347885573632084e-06, 6.347388989524916e-06], [6.191991360537941e-06, 6.185794973134762e-06, 6.193893568706699e-06, 6.187446615513181e-06, 0.9999566078186035, 6.183647201396525e-06, 6.199401013873285e-06, 6.186761766002746e-06], [6.281303285504691e-06, 6.296399078564718e-06, 6.282423328229925e-06, 6.295894763752585e-06, 6.280602065089624e-06, 0.9999560117721558, 6.279237368289614e-06, 6.267164280870929e-06], [6.323223715298809e-06, 6.307443982223049e-06, 6.310307981038932e-06, 6.315750852081692e-06, 6.313775429589441e-06, 6.316051894827979e-06, 0.9999557733535767, 6.3119391597865615e-06], [6.251514150790172e-06, 6.260774171096273e-06, 6.239316007849993e-06, 6.2432918639387935e-06, 6.243786174309207e-06, 6.237745310500031e-06, 6.2489152696798556e-06, 0.9999562501907349]], "mean_depth_distance": 0.0634431466460228}
{"kind": "key", "receiver_layer": 1, "sender_layers": [0, 1, 2, 3, 4, 5], "layer_weights": [0.17661601305007935, 0.19978192448616028, 0.17754927277565002, 0.1633715033531189, 0.14871522784233093, 0.13396605849266052], "head_mapping": [[0.9999557733535767, 6.310500339168357e-06, 6.307847343123285e-06, 6.30681870461558e-06, 6.306277100520674e-06, 6.311920969892526e-06, 6.3164370658341795e-06, 6.316533927019918e-06], [6.2101116782287136e-06, 0.9999566078186035, 6.212089374457719e-06, 6.208661034179386e-06, 6.209631919773528e-06, 6.212504104041727e-06, 6.210774245118955e-06, 6.207671958691208e-06], [6.280273737502284e-06, 6.28738689556485e-06, 0.9999560117721558, 6.284239134402014e-06, 6.279015906329732e-06, 6.2813628574076574e-06, 6.281111382122617e-06, 6.26951396043296e-06], [6.289359134825645e-06, 6.3079978644964285e-06, 6.269524874369381e-06, 0.9999558925628662, 6.2641279328090604e-06, 6.268639936024556e-06, 6.271659913181793e-06, 6.288285476330202e-06], [6.2747412812314e-06, 6.271301572269294e-06, 6.2791714299237356e-06, 6.2732515289098956e-06, 0.9999560117721558, 6.277063675952377e-06, 6.272988684941083e-06, 6.288550139288418e-06], [6.230326107470319e-06, 6.227742233022582e-06, 6.230849066923838e-06, 6.227065568964463e-06, 6.231918632693123e-06, 0.9999563694000244, 6.229904556676047e-06, 6.236259196157334e-06], [6.250620117498329e-06, 6.2498688748746645e-06, 6.2563572100771125e-06, 6.249010766623542e-06, 6.251108516153181e-06, 6.253135325096082e-06, 0.9999562501907349, 6.2455433180730324e-06], [6.230136023077648e-06, 6.231086899788352e-06, 6.230860890354961e-06, 6.237425168365007e-06, 6.234142347238958e-06, 6.231787665456068e-06, 6.226156529010041e-06, 0.9999563694000244]], "mean_depth_distance": 0.04751195013523102}
{"kind": "key", "receiver_layer": 2, "sender_layers": [0, 1, 2, 3, 4, 5], "layer_weights": [0.15617477893829346, 0.17206667363643646, 0.19990593194961548, 0.1735808551311493, 0.15797977149486542, 0.14029192924499512], "head_mapping": [[0.9999562501907349, 6.243321422516601e-06, 6.26346081844531e-06, 6.2708609220862854e-06, 6.257562290556962e-06, 6.26149085292127e-06, 6.257305813051062e-06, 6.264679996093037e-06], [6.24520362180192e-06, 0.9999562501907349, 6.24612675892422e-06, 6.246245447982801e-06, 6.245692020456772e-06, 6.246454177016858e-06, 6.2452868405671325e-06, 6.246365046536084e-06], [6.247115379665047e-06, 6.246621524041984e-06, 0.9999562501907349, 6.2474255173583515e-06, 6.249052148632472e-06, 6.249332727747969e-06, 6.250798833207227e-06, 6.252038929233095e-06], [6.226335244718939e-06, 6.220685463631526e-06, 6.219807346496964e-06, 0.999956488609314, 6.219166607479565e-06, 6.217144346010173e-06, 6.220483555807732e-06, 6.2139852161635645e-06], [6.249666057556169e-06, 6.249541002034675e-06, 6.248539648368023e-06, 6.24845051788725e-06, 0.9999562501907349, 6.2504414017894305e-06, 6.250572369026486e-06, 6.2501012507709675e-06], [6.202275471878238e-06, 6.201766609592596e-06, 6.201399628480431e-06, 6.201849373610457e-06, 6.201961696206126e-06, 0.9999566078186035, 6.202925760590006e-06, 6.202263193699764e-06], [6.255133939703228e-06, 6.254972504393663e-06, 6.2545668697566725e-06, 6.257216227822937e-06, 6.255676908040186e-06, 6.25726397629478e-06, 0.9999562501907349, 6.256237611523829e-06], [6.299443612078903e-06, 6.298908829194261e-06, 6.29869282420259e-06, 6.29760552328662e-06, 6.300122549873777e-06, 6.2968069869384635e-06, 6.2963622440292966e-06, 0.9999558925628662]], "mean_depth_distance": 0.03985235467553139}
{"kind": "key", "receiver_layer": 3, "sender_layers": [1, 2, 3, 4, 5, 6], "layer_weights": [0.1569153517484665, 0.17198936641216278, 0.20092597603797913, 0.17264465987682343, 0.15448743104934692, 0.1430371105670929], "head_mapping": [[0.9999561309814453, 6.258397206693189e-06, 6.25880284133018e-06, 6.261621365410974e-06, 6.271146958169993e-06, 6.269711775530595e-06, 6.273922735999804e-06, 6.2534213611797895e-06], [6.220964223757619e-06, 0.999956488609314, 6.22180095888325e-06, 6.2168892327463254e-06, 6.218834641913418e-06, 6.226656296348665e-06, 6.220602244866313e-06, 6.2209105635702144e-06], [6.278099590417696e-06, 6.2786148191662505e-06, 0.9999560117721558, 6.2751064433541615e-06, 6.2774533944320865e-06, 6.272880909818923e-06, 6.2741128203924745e-06, 6.273394774325425e-06], [6.28657107881736e-06, 6.293529622780625e-06, 6.283178208832396e-06, 0.9999560117721558, 6.290589681157144e-06, 6.2774533944320865e-06, 6.284179562499048e-06, 6.303428563114721e-06], [6.259304882405559e-06, 6.245638360269368e-06, 6.237661636987468e-06, 6.245662007131614e-06, 0.9999562501907349, 6.234961801965255e-06, 6.244494670681888e-06, 6.23837559032836e-06], [6.204191777214874e-06, 6.204653345776023e-06, 6.204582405189285e-06, 6.200252300914144e-06, 6.202440999913961e-06, 0.9999566078186035, 6.202068561833585e-06, 6.2018730204727035e-06], [6.2084418459562585e-06, 6.198124538059346e-06, 6.205038062034873e-06, 6.2047952269495e-06, 6.209205821505748e-06, 6.207440947036957e-06, 0.9999566078186035, 6.2111653278407175e-06], [6.241119081096258e-06, 6.2462281675834674e-06, 6.24753238298581e-06, 6.2493741097569e-06, 6.251847935345722e-06, 6.238471087272046e-06, 6.244143150979653e-06, 0.9999562501907349]], "mean_depth_distance": 0.039901457726955414}
{"kind": "key", "receiver_layer": 4, "sender_layers": [2, 3, 4, 5, 6, 7], "layer_weights": [0.15667766332626343, 0.17177486419677734, 0.19719618558883667, 0.17157362401485443, 0.158613383769989, 0.1441642940044403], "head_mapping": [[0.9999561309814453, 6.278333330556052e-06, 6.2714816522202455e-06, 6.255563221202465e-06, 6.262755505304085e-06, 6.254322215681896e-06, 6.267152912187157e-06, 6.28507314104354e-06], [6.227937774383463e-06, 0.9999563694000244, 6.243316420295741e-06, 6.22946481598774e-06, 6.2382455325860064e-06, 6.230813596630469e-06, 6.2310036810231395e-06, 6.244876658456633e-06], [6.2343442550627515e-06, 6.235450200620107e-06, 0.9999563694000244, 6.229446626093704e-06, 6.2229332797869574e-06, 6.233363365026889e-06, 6.237383331608726e-06, 6.2435724430542905e-06], [6.188060524436878e-06, 6.193480203364743e-06, 6.1970490605745e-06, 0.9999566078186035, 6.189263785927324e-06, 6.1922160057292785e-06, 6.1859241213824134e-06, 6.194785328261787e-06], [6.206630132510327e-06, 6.201245923875831e-06, 6.2184913076634984e-06, 6.212682365003275e-06, 0.9999566078186035, 6.205576937645674e-06, 6.2071035245026e-06, 6.198502887855284e-06], [6.231871338968631e-06, 6.235509317775723e-06, 6.2321209952642675e-06, 6.23463574811467e-06, 6.224589469638886e-06, 0.9999563694000244, 6.232762643776368e-06, 6.234677584870951e-06], [6.216053861862747e-06, 6.212124844751088e-06, 6.213019332790282e-06, 6.2222038650361355e-06, 6.235129603737732e-06, 6.218063390406314e-06, 0.999956488609314, 6.216071142262081e-06], [6.2124149735609535e-06, 6.225901870493544e-06, 6.208192189660622e-06, 6.2151466408977285e-06, 6.215976554813096e-06, 6.224066964932717e-06, 6.221409421414137e-06, 0.999956488609314]], "mean_depth_distance": 0.04018352925777435}
{"kind": "key", "receiver_layer": 5, "sender_layers": [3, 4, 5, 6, 7, 8], "layer_weights": [0.15723347663879395, 0.17312784492969513, 0.19510778784751892, 0.17139701545238495, 0.15714065730571747, 0.145993173122406], "head_mapping": [[0.999956488609314, 6.221853709575953e-06, 6.215170287759975e-06, 6.22520701654139e-06, 6.212622338352958e-06, 6.226703590073157e-06, 6.2174940467230044e-06, 6.2124267969920766e-06], [6.209128969203448e-06, 0.9999566078186035, 6.216178917384241e-06, 6.2206977418099996e-06, 6.210365881997859e-06, 6.212386324477848e-06, 6.2039198382990435e-06, 6.1929249568493105e-06], [6.198904429766117e-06, 6.20506216364447e-06, 0.9999566078186035, 6.198739356477745e-06, 6.193917215568945e-06, 6.2031149354879744e-06, 6.198130449774908e-06, 6.205701083672466e-06], [6.2325734688784e-06, 6.222524916665861e-06, 6.222631327545969e-06, 0.999956488609314, 6.206913440109929e-06, 6.227748599485494e-06, 6.2271428760141134e-06, 6.226228833838832e-06], [6.198597475304268e-06, 6.209992989170132e-06, 6.200926691235509e-06, 6.197232323756907e-06, 0.9999566078186035, 6.190692602103809e-06, 6.205837507877732e-06, 6.211698746483307e-06], [6.199288691277616e-06, 6.222940100997221e-06, 6.209140792634571e-06, 6.224412572919391e-06, 6.212907010194613e-06, 0.9999566078186035, 6.223373929969966e-06, 6.218248017830774e-06], [6.240089987841202e-06, 6.2480462474923115e-06, 6.235057753656292e-06, 6.241768460313324e-06, 6.2355575209949166e-06, 6.227866833796725e-06, 0.9999563694000244, 6.245341410249239e-06], [6.220399882295169e-06, 6.2402687035501e-06, 6.2199010244512465e-06, 6.222986939974362e-06, 6.226537152542733e-06, 6.239738922886318e-06, 6.22196012045606e-06, 0.9999563694000244]], "mean_depth_distance": 0.040321506559848785}
{"kind": "key", "receiver_layer": 6, "sender_layers": [3, 4, 5, 6, 7, 8], "layer_weights": [0.14390522241592407, 0.1588318645954132, 0.1711452752351761, 0.19834621250629425, 0.17109331488609314, 0.15667808055877686], "head_mapping": [[0.9999563694000244, 6.224713615665678e-06, 6.231835868675262e-06, 6.231954557733843e-06, 6.233797193999635e-06, 6.2531489675166085e-06, 6.232418400031747e-06, 6.237282377696829e-06], [6.2337021518033e-06, 0.9999563694000244, 6.232940904737916e-06, 6.224624939932255e-06, 6.219551323738415e-06, 6.228585789358476e-06, 6.236924946279032e-06, 6.2336071096069645e-06], [6.223094715096522e-06, 6.2310518842423335e-06, 0.999956488609314, 6.2256226556201e-06, 6.226727236935403e-06, 6.2261215134640224e-06, 6.223296168172965e-06, 6.229031896509696e-06], [6.213901997398352e-06, 6.217268946784316e-06, 6.2145422816684e-06, 0.999956488609314, 6.2192202676669694e-06, 6.20945320406463e-06, 6.213285814737901e-06, 6.215834218892269e-06], [6.188921815919457e-06, 6.210739229572937e-06, 6.192593900777865e-06, 6.20455921307439e-06, 0.9999566078186035, 6.192357886902755e-06, 6.206393209140515e-06, 6.192275122884894e-06], [6.22199058852857e-06, 6.218591806828044e-06, 6.208884769876022e-06, 6.225813194760121e-06, 6.221563580766087e-06, 0.999956488609314, 6.225349352462217e-06, 6.2080971474642865e-06], [6.223319815035211e-06, 6.222465344762895e-06, 6.23422556600417e-06, 6.223984200914856e-06, 6.220234809006797e-06, 6.222382580745034e-06, 0.999956488609314, 6.219131137186196e-06], [6.23381492914632e-06, 6.241435130505124e-06, 6.229363407328492e-06, 6.240036782401148e-06, 6.244787527975859e-06, 6.23631831331295e-06, 6.253435003600316e-06, 0.9999563694000244]], "mean_depth_distance": 0.04014211893081665}
{"kind": "key", "receiver_layer": 7, "sender_layers": [5, 6, 7, 8, 9, 10], "layer_weights": [0.15832236409187317, 0.17326940596103668, 0.19357331097126007, 0.17249980568885803, 0.15709137916564941, 0.14524374902248383], "head_mapping": [[0.9999567270278931, 6.175008820719086e-06, 6.1997743614483625e-06, 6.186113751027733e-06, 6.177141131047392e-06, 6.175079306558473e-06, 6.181360276968917e-06, 6.161678811622551e-06], [6.269347977649886e-06, 0.9999562501907349, 6.24889707978582e-06, 6.264918738452252e-06, 6.271937309065834e-06, 6.240988113859203e-06, 6.264153853408061e-06, 6.262827810132876e-06], [6.1785021898685955e-06, 6.160844350233674e-06, 0.9999567270278931, 6.1918153733131476e-06, 6.189111445564777e-06, 6.175956968945684e-06, 6.177176601340761e-06, 6.155112714623101e-06], [6.168781965243397e-06, 6.163629677757854e-06, 6.165123522805516e-06, 0.9999567270278931, 6.176493116072379e-06, 6.208430477272486e-06, 6.191183729242766e-06, 6.1882146837888286e-06], [6.19405818724772e-06, 6.237074558157474e-06, 6.211876097950153e-06, 6.200299594638636e-06, 0.999956488609314, 6.195275091158692e-06, 6.213901997398352e-06, 6.229115115274908e-06], [6.206121270224685e-06, 6.183087407407584e-06, 6.215183020685799e-06, 6.215444045665208e-06, 6.190326530486345e-06, 0.9999566078186035, 6.19794172962429e-06, 6.193320587044582e-06], [6.221386229299242e-06, 6.207459136930993e-06, 6.214803306647809e-06, 6.218087946763262e-06, 6.1912592173030134e-06, 6.20664195594145e-06, 0.9999566078186035, 6.192499768076232e-06], [6.212706011865521e-06, 6.176409897307167e-06, 6.1953764998179395e-06, 6.212255811988143e-06, 6.1933619690535124e-06, 6.208702416188316e-06, 6.188048246258404e-06, 0.9999566078186035]], "mean_depth_distance": 0.0403522290289402}
{"kind": "key", "receiver_layer": 8, "sender_layers": [6, 7, 8, 9, 10, 11], "layer_weights": [0.1598382145166397, 0.16964459419250488, 0.20299609005451202, 0.16594818234443665, 0.15871407091617584, 0.1428588181734085], "head_mapping": [[0.999956488609314, 6.222299361979822e-06, 6.222488991625141e-06, 6.20733953837771e-06, 6.228010079212254e-06, 6.22240622760728e-06, 6.218300768523477e-06, 6.225587185326731e-06], [6.202097665664041e-06, 0.9999566078186035, 6.208346803759923e-06, 6.208797003637301e-06, 6.214803306647809e-06, 6.1993064264243e-06, 6.2026419982430525e-06, 6.215028861333849e-06], [6.2309036366059445e-06, 6.221741386980284e-06, 0.999956488609314, 6.226228833838832e-06, 6.223515811143443e-06, 6.220981958904304e-06, 6.238948117243126e-06, 6.223640411917586e-06], [6.224209755600896e-06, 6.222447609616211e-06, 6.227000540093286e-06, 0.999956488609314, 6.216966539795976e-06, 6.223094715096522e-06, 6.2317649280885234e-06, 6.225599008757854e-06], [6.235354703676421e-06, 6.236288754735142e-06, 6.232489340618486e-06, 6.235819000721676e-06, 0.9999563694000244, 6.2390781749854796e-06, 6.238911737455055e-06, 6.2424710449704435e-06], [6.244215001061093e-06, 6.246543307497632e-06, 6.250143087527249e-06, 6.254865638766205e-06, 6.251007562241284e-06, 0.9999562501907349, 6.259902420424623e-06, 6.2597109717899e-06], [6.235628461581655e-06, 6.241387382033281e-06, 6.228876372915693e-06, 6.222499905561563e-06, 6.22456582277664e-06, 6.236651643121149e-06, 0.9999563694000244, 6.238054993445985e-06], [6.258456778596155e-06, 6.264357125473907e-06, 6.257412223931169e-06, 6.260265763557982e-06, 6.2513345255865715e-06, 6.269245659495937e-06, 6.257239419937832e-06, 0.9999561309814453]], "mean_depth_distance": 0.0400364026427269}
{"kind": "key", "receiver_layer": 9, "sender_layers": [6, 7, 8, 9, 10, 11], "layer_weights": [0.14503848552703857, 0.15687760710716248, 0.1720389872789383, 0.19989430904388428, 0.17147427797317505, 0.15467633306980133], "head_mapping": [[0.9999563694000244, 6.240262791834539e-06, 6.244174073799513e-06, 6.230040980881313e-06, 6.2442454691336025e-06, 6.227652647794457e-06, 6.244668384169927e-06, 6.2510380303137936e-06], [6.205623776622815e-06, 0.9999566078186035, 6.1998744058655575e-06, 6.2072281252767425e-06, 6.2003468883631285e-06, 6.199401013873285e-06, 6.201459200383397e-06, 6.2023459577176254e-06], [6.252074854273815e-06, 6.26516384727438e-06, 0.9999562501907349, 6.232667146832682e-06, 6.24867652732064e-06, 6.2560407059208956e-06, 6.256762844714103e-06, 6.235699402168393e-06], [6.33052422926994e-06, 6.339762421703199e-06, 6.321481123450212e-06, 0.9999557733535767, 6.324520654743537e-06, 6.325335107248975e-06, 6.3291176957136486e-06, 6.305447641352657e-06], [6.248772024264326e-06, 6.2558378886024e-06, 6.231080533325439e-06, 6.250536443985766e-06, 0.9999562501907349, 6.243226380320266e-06, 6.251877948670881e-06, 6.263329396460904e-06], [6.221646344783949e-06, 6.214067525434075e-06, 6.222833235369762e-06, 6.222809588507516e-06, 6.21025856162305e-06, 0.999956488609314, 6.220839622983476e-06, 6.214559562067734e-06], [6.200340976647567e-06, 6.200808002176927e-06, 6.21052004134981e-06, 6.201033102115616e-06, 6.204392775543965e-06, 6.204020337463589e-06, 0.9999566078186035, 6.214246695890324e-06], [6.226334789971588e-06, 6.229042810446117e-06, 6.242304607440019e-06, 6.238775313249789e-06, 6.212420430529164e-06, 6.228698566701496e-06, 6.2297499425767455e-06, 0.9999563694000244]], "mean_depth_distance": 0.04004961997270584}
{"kind": "key", "receiver_layer": 10, "sender_layers": [8, 9, 10, 11, 12, 13], "layer_weights": [0.15758788585662842, 0.17184793949127197, 0.19503726065158844, 0.1728287786245346, 0.1585288941860199, 0.14416921138763428], "head_mapping": [[0.9999566078186035, 6.220726845640456e-06, 6.2206499933381565e-06, 6.211509116837988e-06, 6.201186806720216e-06, 6.209057573869359e-06, 6.211047093529487e-06, 6.202287295309361e-06], [6.202795702847652e-06, 0.9999566078186035, 6.160444627312245e-06, 6.200677944434574e-06, 6.197687071107794e-06, 6.19003139945562e-06, 6.193692570377607e-06, 6.1632295000890736e-06], [6.1947798712935764e-06, 6.20112723481725e-06, 0.9999566078186035, 6.19642833044054e-06, 6.200489224283956e-06, 6.200749339768663e-06, 6.201654286996927e-06, 6.2064227677183226e-06], [6.1410642047121655e-06, 6.169146217871457e-06, 6.183907771628583e-06, 0.9999567270278931, 6.155429673526669e-06, 6.193699846335221e-06, 6.188893166836351e-06, 6.143196060293121e-06], [6.2321691984834615e-06, 6.233608019101666e-06, 6.233364274521591e-06, 6.229209702723892e-06, 0.999956488609314, 6.223319815035211e-06, 6.223420768947108e-06, 6.2325138969754335e-06], [6.239209142222535e-06, 6.2293934206536505e-06, 6.2244939726952e-06, 6.241590199351776e-06, 6.24078666078276e-06, 0.9999563694000244, 6.247194505704101e-06, 6.234290594875347e-06], [6.221646344783949e-06, 6.225753168109804e-06, 6.226917321328074e-06, 6.2235576478997245e-06, 6.224566277523991e-06, 6.223948730621487e-06, 0.999956488609314, 6.2151584643288516e-06], [6.213114829733968e-06, 6.194105935719563e-06, 6.210999799804995e-06, 6.202434633451048e-06, 6.202280928846449e-06, 6.192050932440907e-06, 6.2089984567137435e-06, 0.9999566078186035]], "mean_depth_distance": 0.04026908427476883}
{"kind": "key", "receiver_layer": 11, "sender_layers": [8, 9, 10, 11, 12, 13], "layer_weights": [0.14466826617717743, 0.15712837874889374, 0.1713969111442566, 0.1977500170469284, 0.17340949177742004, 0.15564699470996857], "head_mapping": [[0.999956488609314, 6.227083304111147e-06, 6.229204245755682e-06, 6.2245308072306216e-06, 6.231397037481656e-06, 6.233013664314058e-06, 6.218395810719812e-06, 6.233560270629823e-06], [6.191625743667828e-06, 0.9999566078186035, 6.195299192768289e-06, 6.199755716806976e-06, 6.188024599396158e-06, 6.1906339396955445e-06, 6.180404852784704e-06, 6.200861662364332e-06], [6.223302534635877e-06, 6.242323252081405e-06, 0.999956488609314, 6.230214239622001e-06, 6.231794941413682e-06, 6.238989953999408e-06, 6.2203175730246585e-06, 6.223331638466334e-06], [6.249678335734643e-06, 6.2460917433782015e-06, 6.244579253689153e-06, 0.9999563694000244, 6.236758508748608e-06, 6.235069577087415e-06, 6.234361990209436e-06, 6.257276709220605e-06], [6.170405413286062e-06, 6.181873231980717e-06, 6.1939063016325235e-06, 6.1818382164346986e-06, 0.9999567270278931, 6.1759628806612454e-06, 6.176717306516366e-06, 6.173866495373659e-06], [6.206215857673669e-06, 6.195240530360024e-06, 6.195577498147031e-06, 6.203363682288909e-06, 6.203198154253187e-06, 0.9999566078186035, 6.207346814335324e-06, 6.203103112056851e-06], [6.22976767772343e-06, 6.215631856321124e-06, 6.242232757358579e-06, 6.228466645552544e-06, 6.2379008340940345e-06, 6.2140970840118825e-06, 0.9999563694000244, 6.227629000932211e-06], [6.18618378211977e-06, 6.202925760590006e-06, 6.198041774041485e-06, 6.205824774951907e-06, 6.198094979481539e-06, 6.203736120369285e-06, 6.196770755195757e-06, 0.9999566078186035]], "mean_depth_distance": 0.04012462496757507}
{"kind": "key", "receiver_layer": 12, "sender_layers": [10, 11, 12, 13, 14, 15], "layer_weights": [0.1574411690235138, 0.1725689321756363, 0.19651435315608978, 0.17072993516921997, 0.15815860033035278, 0.14458705484867096], "head_mapping": [[0.9999567270278931, 6.16353554505622e-06, 6.177247087180149e-06, 6.183483037602855e-06, 6.185641268530162e-06, 6.18669173491071e-06, 6.169705557113048e-06, 6.186986865941435e-06], [6.233737622096669e-06, 0.9999563694000244, 6.223271611816017e-06, 6.2343801801034715e-06, 6.234445208974648e-06, 6.2186913964978885e-06, 6.206451416801428e-06, 6.239721187739633e-06], [6.232680789253209e-06, 6.245163149287691e-06, 0.999956488609314, 6.213836513779825e-06, 6.210560968611389e-06, 6.2456870182359125e-06, 6.213463166204747e-06, 6.2258368416223675e-06], [6.216095243871678e-06, 6.1812293097318616e-06, 6.21629669694812e-06, 0.999956488609314, 6.231693987501785e-06, 6.193018180056242e-06, 6.222773663466796e-06, 6.212717380549293e-06], [6.204972578416346e-06, 6.213641881913645e-06, 6.190917247295147e-06, 6.206452781043481e-06, 0.9999566078186035, 6.209933417267166e-06, 6.212468633748358e-06, 6.2036592680669855e-06], [6.228448910405859e-06, 6.2073859226075e-06, 6.223212039913051e-06, 6.231050974747632e-06, 6.2229569266492035e-06, 0.9999563694000244, 6.2362828430195805e-06, 6.229975497262785e-06], [6.2377807807934005e-06, 6.247556939342758e-06, 6.2415297179541085e-06, 6.251633294596104e-06, 6.248057161428733e-06, 6.245709755603457e-06, 0.9999562501907349, 6.239316007849993e-06], [6.258887879084796e-06, 6.242636573006166e-06, 6.234366992430296e-06, 6.240149104996817e-06, 6.251907961996039e-06, 6.250131264096126e-06, 6.249571015359834e-06, 0.9999562501907349]], "mean_depth_distance": 0.040235985070466995}
{"kind": "key", "receiver_layer": 13, "sender_layers": [11, 12, 13, 14, 15, 16], "layer_weights": [0.1586865484714508, 0.16985082626342773, 0.1982034295797348, 0.17199502885341644, 0.1570442169904709, 0.14421996474266052], "head_mapping": [[0.9999561309814453, 6.238535661395872e-06, 6.246000793908024e-06, 6.25250322627835e-06, 6.258343091758434e-06, 6.2562012317357585e-06, 6.237958587007597e-06, 6.231156930880388e-06], [6.209584171301685e-06, 0.9999566078186035, 6.214957920747111e-06, 6.229971404536627e-06, 6.205647423485061e-06, 6.2221156440500636e-06, 6.218621820153203e-06, 6.213097094587283e-06], [6.168769687064923e-06, 6.170228971313918e-06, 0.9999567270278931, 6.168369964143494e-06, 6.178885087138042e-06, 6.181643584568519e-06, 6.164223577798111e-06, 6.1645114328712225e-06], [6.187965936987894e-06, 6.194449269969482e-06, 6.179143838380696e-06, 0.9999566078186035, 6.20201490164618e-06, 6.1862961047154386e-06, 6.185640813782811e-06, 6.187965936987894e-06], [6.220335308171343e-06, 6.228508937056176e-06, 6.214648692548508e-06, 6.247635610634461e-06, 0.999956488609314, 6.245180884434376e-06, 6.225575361895608e-06, 6.243805728445295e-06], [6.219901933945948e-06, 6.216545898496406e-06, 6.225052857189439e-06, 6.205315457918914e-06, 6.222738193173427e-06, 0.999956488609314, 6.220341219886905e-06, 6.220744580787141e-06], [6.2349809013539925e-06, 6.23489768258878e-06, 6.227903213584796e-06, 6.2338995121535845e-06, 6.2078606788418256e-06, 6.239942194952164e-06, 0.999956488609314, 6.221569037734298e-06], [6.211911568243522e-06, 6.216688234417234e-06, 6.219238002813654e-06, 6.225414836080745e-06, 6.22671541350428e-06, 6.221955118235201e-06, 6.2243402680906e-06, 0.999956488609314]], "mean_depth_distance": 0.040170490741729736}
{"kind": "key", "receiver_layer": 14, "sender_layers": [12, 13, 14, 15, 16, 17], "layer_weights": [0.15755680203437805, 0.17123329639434814, 0.1964017152786255, 0.1705380529165268, 0.1589018553495407, 0.14536835253238678], "head_mapping": [[0.9999566078186035, 6.197687071107794e-06, 6.2155390878615435e-06, 6.170899268909125e-06, 6.216937435965519e-06, 6.189930900291074e-06, 6.170651886350242e-06, 6.206612397363642e-06], [6.23527193965856e-06, 0.9999563694000244, 6.23866799287498e-06, 6.236615718080429e-06, 6.243149982765317e-06, 6.222938736755168e-06, 6.222191132110311e-06, 6.235342880245298e-06], [6.158742507977877e-06, 6.150078661448788e-06, 0.9999568462371826, 6.1749974520353135e-06, 6.137528998806374e-06, 6.1557238950626925e-06, 6.1724540501018055e-06, 6.141228823253186e-06], [6.185475740494439e-06, 6.212012522155419e-06, 6.210762876435183e-06, 0.9999566078186035, 6.203493740031263e-06, 6.2180706663639285e-06, 6.177505838422803e-06, 6.189830855873879e-06], [6.2370518207899295e-06, 6.228842721611727e-06, 6.190545263962122e-06, 6.223629043233814e-06, 0.9999566078186035, 6.21033041170449e-06, 6.1985087995708454e-06, 6.187871349538909e-06], [6.188326551637147e-06, 6.188414772623219e-06, 6.1850223573856056e-06, 6.195903097250266e-06, 6.177594514156226e-06, 0.9999567270278931, 6.179521278681932e-06, 6.185287475091172e-06], [6.195163678057725e-06, 6.214851055119652e-06, 6.2222879932960495e-06, 6.19635147813824e-06, 6.1905861912237015e-06, 6.183954610605724e-06, 0.9999566078186035, 6.208596005308209e-06], [6.2238664213509765e-06, 6.212249445525231e-06, 6.201565611263504e-06, 6.213974302227143e-06, 6.21017670709989e-06, 6.217376721906476e-06, 6.207186743267812e-06, 0.9999566078186035]], "mean_depth_distance": 0.0403083898127079}
{"kind": "key", "receiver_layer": 15, "sender_layers": [12, 13, 14, 15, 16, 17], "layer_weights": [0.1442766934633255, 0.15640471875667572, 0.17274539172649384, 0.1984734982252121, 0.17159494757652283, 0.1565047651529312], "head_mapping": [[0.999956488609314, 6.218484486453235e-06, 6.211188519955613e-06, 6.224649041541852e-06, 6.206144007592229e-06, 6.22199058852857e-06, 6.228414349607192e-06, 6.2094709392113145e-06], [6.234249212866416e-06, 0.9999563694000244, 6.231930456124246e-06, 6.233880412764847e-06, 6.22626384938485e-06, 6.246222710615257e-06, 6.227682661119616e-06, 6.2461635934596416e-06], [6.200530606292887e-06, 6.202511485753348e-06, 0.9999566078186035, 6.1952760006533936e-06, 6.194153229444055e-06, 6.206280886544846e-06, 6.2101116782287136e-06, 6.219487659109291e-06], [6.24089943812578e-06, 6.240387847356033e-06, 6.244388259801781e-06, 0.9999563694000244, 6.229945938684978e-06, 6.245008080441039e-06, 6.226483492355328e-06, 6.2351409724215046e-06], [6.238400146685308e-06, 6.237413344933884e-06, 6.260553618631093e-06, 6.245556050998857e-06, 0.9999563694000244, 6.2264298321679235e-06, 6.2306112340593245e-06, 6.246383691177471e-06], [6.221978765097447e-06, 6.20941227680305e-06, 6.212065272848122e-06, 6.22373499936657e-06, 6.21385470367386e-06, 0.999956488609314, 6.220768227649387e-06, 6.2189474192564376e-06], [6.226382538443431e-06, 6.2341596276382916e-06, 6.220838713488774e-06, 6.2261210587166715e-06, 6.232668056327384e-06, 6.230718554434134e-06, 0.9999563694000244, 6.233274234546116e-06], [6.195553851284785e-06, 6.187328381201951e-06, 6.197007223818218e-06, 6.1972791627340484e-06, 6.187121925904648e-06, 6.194117759150686e-06, 6.178689545777161e-06, 0.9999566078186035]], "mean_depth_distance": 0.040085408836603165}
{"kind": "key", "receiver_layer": 16, "sender_layers": [14, 15, 16, 17, 18, 19], "layer_weights": [0.1588422656059265, 0.17067140340805054, 0.19826139509677887, 0.17104019224643707, 0.15744425356388092, 0.1437404453754425], "head_mapping": [[0.9999566078186035, 6.195624337124173e-06, 6.196369213284925e-06, 6.180770014907466e-06, 6.178395324241137e-06, 6.190208750922466e-06, 6.179780029924586e-06, 6.210703759279568e-06], [6.2138851717463695e-06, 0.9999566078186035, 6.214412678673398e-06, 6.1800042203685734e-06, 6.191454303916544e-06, 6.207541900948854e-06, 6.19140109847649e-06, 6.210371793713421e-06], [6.247163582884241e-06, 6.250107162486529e-06, 0.9999562501907349, 6.242327344807563e-06, 6.2563331084675156e-06, 6.261609541979851e-06, 6.253028459468624e-06, 6.25909024165594e-06], [6.186714927025605e-06, 6.2148983488441445e-06, 6.195335117809009e-06, 0.9999566078186035, 6.215728262759512e-06, 6.232657142390963e-06, 6.196954018378165e-06, 6.1955006458447315e-06], [6.2509898270946e-06, 6.241685241548112e-06, 6.212390417204006e-06, 6.236936769710155e-06, 0.9999563694000244, 6.239477443159558e-06, 6.2479984990204684e-06, 6.2302788137458265e-06], [6.198491064424161e-06, 6.190680778672686e-06, 6.195819423737703e-06, 6.205233148648404e-06, 6.194129582581809e-06, 0.9999566078186035, 6.213067536009476e-06, 6.194496108946623e-06], [6.2211597651185e-06, 6.206777470652014e-06, 6.221361218194943e-06, 6.223853688425152e-06, 6.198312803462613e-06, 6.2256408455141354e-06, 0.999956488609314, 6.207315891515464e-06], [6.250214482861338e-06, 6.255294920265442e-06, 6.237911748030456e-06, 6.256762844714103e-06, 6.257914265006548e-06, 6.253911124076694e-06, 6.277089596551377e-06, 0.9999562501907349]], "mean_depth_distance": 0.04015731066465378}
{"kind": "key", "receiver_layer": 17, "sender_layers": [14, 15, 16, 17, 18, 19], "layer_weights": [0.14484000205993652, 0.15843220055103302, 0.17200541496276855, 0.19487953186035156, 0.17225050926208496, 0.15759225189685822], "head_mapping": [[0.999956488609314, 6.218905582500156e-06, 6.188402039697394e-06, 6.240305083338171e-06, 6.242490144359181e-06, 6.216557721927529e-06, 6.239745744096581e-06, 6.237948582565878e-06], [6.146654868643964e-06, 0.9999568462371826, 6.176264378154883e-06, 6.163454600027762e-06, 6.162666522868676e-06, 6.1600694607477635e-06, 6.156064955575857e-06, 6.169494554342236e-06], [6.1821028793929145e-06, 6.202913937158883e-06, 0.9999566078186035, 6.185417078086175e-06, 6.1829518926970195e-06, 6.174248937895754e-06, 6.157131338113686e-06, 6.174819645821117e-06], [6.2548951973440126e-06, 6.253195351746399e-06, 6.274892712099245e-06, 0.9999562501907349, 6.241476512514055e-06, 6.230373401194811e-06, 6.254268555494491e-06, 6.247699730010936e-06], [6.184613539517159e-06, 6.228188340173801e-06, 6.205729732755572e-06, 6.215170287759975e-06, 0.999956488609314, 6.210951596585801e-06, 6.205220415722579e-06, 6.2043682191870175e-06], [6.197338279889664e-06, 6.188013230712386e-06, 6.187960025272332e-06, 6.1802043092029635e-06, 6.178636795084458e-06, 0.9999566078186035, 6.182232027640566e-06, 6.1850987549405545e-06], [6.211829258973012e-06, 6.200335519679356e-06, 6.2176200117392e-06, 6.204571036505513e-06, 6.1956006902619265e-06, 6.205174486240139e-06, 0.9999566078186035, 6.202499662322225e-06], [6.2094713939586654e-06, 6.178188868943835e-06, 6.183788627822651e-06, 6.1712285059911665e-06, 6.179862793942448e-06, 6.188768566062208e-06, 6.219589067768538e-06, 0.9999566078186035]], "mean_depth_distance": 0.04030928015708923}
{"kind": "key", "receiver_layer": 18, "sender_layers": [15, 16, 17, 18, 19, 20], "layer_weights": [0.14580367505550385, 0.1590510457754135, 0.17246833443641663, 0.1915586292743683, 0.17266800999641418, 0.15845036506652832], "head_mapping": [[0.9999566078186035, 6.2188473748392425e-06, 6.212540029082447e-06, 6.225706783880014e-06, 6.2094713939586654e-06, 6.198337359819561e-06, 6.224934622878209e-06, 6.175880116643384e-06], [6.18539388597128e-06, 0.9999567270278931, 6.1632777033082675e-06, 6.173995643621311e-06, 6.17856085227686e-06, 6.1726541389361955e-06, 6.1753739828418475e-06, 6.176634542498505e-06], [6.201245923875831e-06, 6.198886694619432e-06, 0.9999566078186035, 6.201659743965138e-06, 6.223462605703389e-06, 6.2002350205148105e-06, 6.221813237061724e-06, 6.213660071807681e-06], [6.200181815074757e-06, 6.169015705381753e-06, 6.1982545958017e-06, 0.9999566078186035, 6.196954018378165e-06, 6.192741693666903e-06, 6.188744464452611e-06, 6.204245437402278e-06], [6.2557605815527495e-06, 6.226447112567257e-06, 6.251752893149387e-06, 6.2377926042245235e-06, 0.9999562501907349, 6.248545560083585e-06, 6.240185030037537e-06, 6.268146080401493e-06], [6.237411525944481e-06, 6.274724455579417e-06, 6.249701527849538e-06, 6.266077889449662e-06, 6.245822078199126e-06, 0.9999561309814453, 6.27182271273341e-06, 6.2848216657585e-06], [6.209614639374195e-06, 6.1740197452309076e-06, 6.191850843606517e-06, 6.1645232563023455e-06, 6.201530595717486e-06, 6.176799161039526e-06, 0.9999567270278931, 6.1619321058969945e-06], [6.1891159930382855e-06, 6.191040938574588e-06, 6.206345915416023e-06, 6.208625563886017e-06, 6.2065710153547116e-06, 6.178636795084458e-06, 6.192050932440907e-06, 0.9999566078186035]], "mean_depth_distance": 0.040501438081264496}
{"kind": "key", "receiver_layer": 19, "sender_layers": [16, 17, 18, 19, 20, 21], "layer_weights": [0.14519289135932922, 0.1585889756679535, 0.1731029450893402, 0.1929895281791687, 0.17148806154727936, 0.15863750874996185], "head_mapping": [[0.9999566078186035, 6.200985353643773e-06, 6.219233000592794e-06, 6.1980476857570466e-06, 6.2223884924605954e-06, 6.216273959580576e-06, 6.200252300914144e-06, 6.204996680025943e-06], [6.215668236109195e-06, 0.999956488609314, 6.223035143193556e-06, 6.200069037731737e-06, 6.2178501138987485e-06, 6.202847998793004e-06, 6.2273511503008194e-06, 6.2104481912683696e-06], [6.190326530486345e-06, 6.1816781453671865e-06, 0.9999566078186035, 6.2180824897950515e-06, 6.176569058879977e-06, 6.18347030467703e-06, 6.200323696248233e-06, 6.159686563478317e-06], [6.210832452779869e-06, 6.231110546650598e-06, 6.232483428902924e-06, 0.9999563694000244, 6.234142347238958e-06, 6.232816303963773e-06, 6.240286438696785e-06, 6.232839950826019e-06], [6.159265467431396e-06, 6.151123216113774e-06, 6.161297278595157e-06, 6.158096311992267e-06, 0.9999568462371826, 6.16155011812225e-06, 6.128982931841165e-06, 6.148531156213721e-06], [6.183719051477965e-06, 6.185641268530162e-06, 6.1618197833013255e-06, 6.162578301882604e-06, 6.175244379846845e-06, 0.9999567270278931, 6.184332505654311e-06, 6.198113169375574e-06], [6.186278824316105e-06, 6.158958967716899e-06, 6.1813134379917756e-06, 6.150371518742759e-06, 6.1825871853216086e-06, 6.162607860460412e-06, 0.9999567270278931, 6.172100711410167e-06], [6.206364105310058e-06, 6.186053724377416e-06, 6.177517661853926e-06, 6.201517862791661e-06, 6.189865871419897e-06, 6.2039316617301665e-06, 6.219505849003326e-06, 0.9999566078186035]], "mean_depth_distance": 0.04041781276464462}
{"kind": "key", "receiver_layer": 20, "sender_layers": [17, 18, 19, 20, 21, 22], "layer_weights": [0.1446278691291809, 0.15838220715522766, 0.17296072840690613, 0.19542992115020752, 0.17174917459487915, 0.15685008466243744], "head_mapping": [[0.9999563694000244, 6.226281129784184e-06, 6.228502115845913e-06, 6.231805855350103e-06, 6.246437351364875e-06, 6.248272711673053e-06, 6.254902473301627e-06, 6.230682629393414e-06], [6.210703304532217e-06, 0.999956488609314, 6.227998255781131e-06, 6.216569545358652e-06, 6.19818274572026e-06, 6.209838375070831e-06, 6.2441331465379335e-06, 6.213161213963758e-06], [6.1678638303419575e-06, 6.176705028337892e-06, 0.9999567270278931, 6.179303454700857e-06, 6.16465877101291e-06, 6.193398348841583e-06, 6.1941304920765106e-06, 6.204831606737571e-06], [6.223835498531116e-06, 6.225023298611632e-06, 6.215745543158846e-06, 0.999956488609314, 6.215786470420426e-06, 6.198342362040421e-06, 6.1987088884052355e-06, 6.195027253852459e-06], [6.197527909534983e-06, 6.200720690685557e-06, 6.167028459458379e-06, 6.163136731629493e-06, 0.9999567270278931, 6.167240371723892e-06, 6.17303112449008e-06, 6.182823199196719e-06], [6.176834631332895e-06, 6.161461442388827e-06, 6.171924269438023e-06, 6.188781298988033e-06, 6.154959919513203e-06, 0.9999567270278931, 6.1473924688471016e-06, 6.159928034321638e-06], [6.217607278813375e-06, 6.2014350987738e-06, 6.2068834267847706e-06, 6.223284344741842e-06, 6.205629233591026e-06, 6.214470886334311e-06, 0.999956488609314, 6.238299647520762e-06], [6.1611149249074515e-06, 6.169923381094122e-06, 6.183830919326283e-06, 6.1909063333587255e-06, 6.164311798784183e-06, 6.188904990267474e-06, 6.187907274579629e-06, 0.9999567270278931]], "mean_depth_distance": 0.04025881737470627}
{"kind": "key", "receiver_layer": 21, "sender_layers": [18, 19, 20, 21, 22, 23], "layer_weights": [0.1457613855600357, 0.1584373414516449, 0.17421025037765503, 0.19088785350322723, 0.171906977891922, 0.15879619121551514], "head_mapping": [[0.9999566078186035, 6.209844741533743e-06, 6.1802925301890355e-06, 6.192983619257575e-06, 6.1841133174311835e-06, 6.207790193002438e-06, 6.2182425608625636e-06, 6.170686901896261e-06], [6.191625288920477e-06, 0.999956488609314, 6.224091521289665e-06, 6.204433702805545e-06, 6.225991000974318e-06, 6.207055321283406e-06, 6.214186214492656e-06, 6.20687796981656e-06], [6.199034032761119e-06, 6.209832463355269e-06, 0.999956488609314, 6.20956598140765e-06, 6.182484867167659e-06, 6.225753168109804e-06, 6.225183369679144e-06, 6.223307991604088e-06], [6.190120075189043e-06, 6.1829396145185456e-06, 6.1899254433228634e-06, 0.9999566078186035, 6.213689630385488e-06, 6.224020580702927e-06, 6.192971795826452e-06, 6.18692774878582e-06], [6.228495749383001e-06, 6.255580956349149e-06, 6.240959010028746e-06, 6.214623681444209e-06, 0.9999562501907349, 6.28361112831044e-06, 6.232952273421688e-06, 6.263102932280162e-06], [6.1479977375711314e-06, 6.1615032791451085e-06, 6.192206001287559e-06, 6.174191184982192e-06, 6.160615612316178e-06, 0.9999568462371826, 6.143754035292659e-06, 6.158648375276243e-06], [6.210146239027381e-06, 6.219486749614589e-06, 6.207327714946587e-06, 6.203008069860516e-06, 6.233001386135584e-06, 6.234903594304342e-06, 0.999956488609314, 6.209287676028907e-06], [6.159364147606539e-06, 6.167234460008331e-06, 6.188273346197093e-06, 6.162325462355511e-06, 6.171659151732456e-06, 6.193404260557145e-06, 6.1457867559511214e-06, 0.9999567270278931]], "mean_depth_distance": 0.04051053524017334}
