{"kind": "key", "receiver_layer": 0, "sender_layers": [0, 1, 2, 3, 4, 5], "layer_weights": [0.20548321306705475, 0.18775276839733124, 0.17207521200180054, 0.1575411558151245, 0.14452508091926575, 0.13262255489826202], "head_mapping": [[0.9999567270278931, 6.177624072734034e-06, 6.175579983391799e-06, 6.177046998345759e-06, 6.174731879582396e-06, 6.1747732615913264e-06, 6.180806394695537e-06, 6.174455393193057e-06], [6.18034118815558e-06, 0.9999567270278931, 6.179969659569906e-06, 6.182687229738804e-06, 6.1796395129931625e-06, 6.17943305769586e-06, 6.181637672852958e-06, 6.177482646307908e-06], [6.1888154050393496e-06, 6.192818545969203e-06, 0.9999566078186035, 6.190438853082014e-06, 6.1885675677331164e-06, 6.185558504512301e-06, 6.186378413985949e-06, 6.190107797010569e-06], [6.183223376865499e-06, 6.1792147789674345e-06, 6.17506748312735e-06, 0.9999567270278931, 6.1773885136062745e-06, 6.174479040055303e-06, 6.175220732984599e-06, 6.179462616273668e-06], [6.180317086545983e-06, 6.179975571285468e-06, 6.18361900706077e-06, 6.183377536217449e-06, 0.9999567270278931, 6.179108822834678e-06, 6.181666776683414e-06, 6.180853688420029e-06], [6.177835984999547e-06, 6.176917395350756e-06, 6.177694558573421e-06, 6.183329787745606e-06, 6.180770924402168e-06, 0.9999567270278931, 6.181443040986778e-06, 6.179450792842545e-06], [6.18200829194393e-06, 6.186053724377416e-06, 6.180681793921394e-06, 6.188614406710258e-06, 6.176268470881041e-06, 6.179049250931712e-06, 0.9999566078186035, 6.1850628298998345e-06], [6.1850869315094315e-06, 6.181052867759718e-06, 6.1855353123974055e-06, 6.182851393532474e-06, 6.190350177348591e-06, 6.187340204633074e-06, 6.187316557770828e-06, 0.9999566078186035]], "mean_depth_distance": 0.06416399776935577}
{"kind": "key", "receiver_layer": 1, "sender_layers": [0, 1, 2, 3, 4, 5], "layer_weights": [0.17805135250091553, 0.1946900337934494, 0.17788679897785187, 0.16300919651985168, 0.149143785238266, 0.13721884787082672], "head_mapping": [[0.9999567270278931, 6.1769642343278974e-06, 6.176899205456721e-06, 6.176057013362879e-06, 6.176115675771143e-06, 6.177294380904641e-06, 6.181136541272281e-06, 6.182639936014311e-06], [6.182445304148132e-06, 0.9999567270278931, 6.180812306411099e-06, 6.178961939440342e-06, 6.180453056003898e-06, 6.178731837280793e-06, 6.18081821812666e-06, 6.181790922710206e-06], [6.18216745351674e-06, 6.184119229146745e-06, 0.9999566078186035, 6.187316557770828e-06, 6.182514880492818e-06, 6.182656761666294e-06, 6.18105923422263e-06, 6.182621291372925e-06], [6.190302883624099e-06, 6.191884949657833e-06, 6.188084171299124e-06, 0.9999566078186035, 6.1894766076875385e-06, 6.188885890878737e-06, 6.184785888763145e-06, 6.193444278324023e-06], [6.189311079651816e-06, 6.183423465699889e-06, 6.188214229041478e-06, 6.185936399560887e-06, 0.9999566078186035, 6.187175131344702e-06, 6.1851105783716775e-06, 6.191377451614244e-06], [6.178484454721911e-06, 6.1823393480153754e-06, 6.175232556415722e-06, 6.174643658596324e-06, 6.179698630148778e-06, 0.9999567270278931, 6.1782016018696595e-06, 6.182333436299814e-06], [6.1838491092203185e-06, 6.181307526276214e-06, 6.181702701724134e-06, 6.179580395837547e-06, 6.183388904901221e-06, 6.185028269101167e-06, 0.9999567270278931, 6.1800401454092935e-06], [6.187139661051333e-06, 6.187411145219812e-06, 6.187971848703455e-06, 6.189423402247485e-06, 6.186809514474589e-06, 6.190102340042358e-06, 6.185983238538029e-06, 0.9999566078186035]], "mean_depth_distance": 0.047950379550457}
{"kind": "key", "receiver_layer": 2, "sender_layers": [0, 1, 2, 3, 4, 5], "layer_weights": [0.15840975940227509, 0.17324548959732056, 0.19108085334300995, 0.173306405544281, 0.15910615026950836, 0.14485131204128265], "head_mapping": [[0.9999567270278931, 6.182021024869755e-06, 6.183176537888357e-06, 6.181531716720201e-06, 6.182009201438632e-06, 6.1825753618904855e-06, 6.182245215313742e-06, 6.1813016145606525e-06], [6.183123332448304e-06, 0.9999567270278931, 6.18310605204897e-06, 6.184202447911957e-06, 6.18310605204897e-06, 6.183842742757406e-06, 6.183394816616783e-06, 6.183789537317352e-06], [6.183164714457234e-06, 6.182687229738804e-06, 0.9999567270278931, 6.182362540130271e-06, 6.18263402429875e-06, 6.182781817187788e-06, 6.183271125337342e-06, 6.182993729453301e-06], [6.183046934893355e-06, 6.182162451295881e-06, 6.182362540130271e-06, 0.9999567270278931, 6.182568995427573e-06, 6.181755907164188e-06, 6.182380730024306e-06, 6.182657671160996e-06], [6.180770924402168e-06, 6.180599939398235e-06, 6.180983746162383e-06, 6.1808891587133985e-06, 0.9999567270278931, 6.180677246447885e-06, 6.180511718412163e-06, 6.180670879984973e-06], [6.181973731145263e-06, 6.18168496657745e-06, 6.180535365274409e-06, 6.181060143717332e-06, 6.181018761708401e-06, 0.9999567270278931, 6.182386641739868e-06, 6.182422112033237e-06], [6.181985554576386e-06, 6.182657671160996e-06, 6.1818145695724525e-06, 6.182858214742737e-06, 6.182539891597116e-06, 6.182162451295881e-06, 0.9999567270278931, 6.1813016145606525e-06], [6.181655407999642e-06, 6.18204421698465e-06, 6.182097422424704e-06, 6.181690878293011e-06, 6.182445304148132e-06, 6.181696790008573e-06, 6.1817145251552574e-06, 0.9999567270278931]], "mean_depth_distance": 0.04046107828617096}
{"kind": "key", "receiver_layer": 3, "sender_layers": [0, 1, 2, 3, 4, 5], "layer_weights": [0.14588022232055664, 0.15906722843647003, 0.17320235073566437, 0.18965478241443634, 0.17337848246097565, 0.15881690382957458], "head_mapping": [[0.9999567270278931, 6.180393938848283e-06, 6.179674528539181e-06, 6.175315320433583e-06, 6.183719051477965e-06, 6.181419848871883e-06, 6.178655439725844e-06, 6.177035174914636e-06], [6.1810774241166655e-06, 0.9999567270278931, 6.181419848871883e-06, 6.180005129863275e-06, 6.18049989498104e-06, 6.179981483001029e-06, 6.180441232572775e-06, 6.1801283663953654e-06], [6.178118837851798e-06, 6.179698630148778e-06, 0.9999567270278931, 6.178555395308649e-06, 6.177318027766887e-06, 6.181419848871883e-06, 6.174313966766931e-06, 6.172647772473283e-06], [6.182657671160996e-06, 6.186986865941435e-06, 6.181431672303006e-06, 0.9999567270278931, 6.183329787745606e-06, 6.18677404418122e-06, 6.182492597872624e-06, 6.184067387948744e-06], [6.176740498631261e-06, 6.1779132920491975e-06, 6.176870101626264e-06, 6.177258455863921e-06, 0.9999567270278931, 6.175326689117355e-06, 6.176168881211197e-06, 6.178154762892518e-06], [6.183995992614655e-06, 6.183117875480093e-06, 6.18149033471127e-06, 6.181885510159191e-06, 6.184403446241049e-06, 0.9999567270278931, 6.1802761592844035e-06, 6.183081950439373e-06], [6.186125119711505e-06, 6.183346613397589e-06, 6.1846740209148265e-06, 6.183877758303424e-06, 6.183553068694891e-06, 6.184307949297363e-06, 0.9999566078186035, 6.187251528899651e-06], [6.1827754507248756e-06, 6.182787274155999e-06, 6.182103788887616e-06, 6.1819623624614906e-06, 6.18073590885615e-06, 6.179356660140911e-06, 6.182568995427573e-06, 0.9999567270278931]], "mean_depth_distance": 0.04057113826274872}
{"kind": "key", "receiver_layer": 4, "sender_layers": [2, 3, 4, 5, 6, 7], "layer_weights": [0.15900765359401703, 0.17329110205173492, 0.18922336399555206, 0.17338784039020538, 0.1588318645954132, 0.1462581306695938], "head_mapping": [[0.9999567270278931, 6.173536803544266e-06, 6.1745849961880594e-06, 6.173525434860494e-06, 6.176010174385738e-06, 6.179085175972432e-06, 6.179945557960309e-06, 6.17550358583685e-06], [6.1898367675894406e-06, 0.9999566078186035, 6.186036443978082e-06, 6.1917908169562e-06, 6.188945462781703e-06, 6.190674866957124e-06, 6.190102340042358e-06, 6.1931732489028946e-06], [6.17824298387859e-06, 6.177659543027403e-06, 0.9999567270278931, 6.178873263706919e-06, 6.1830883169022854e-06, 6.180782747833291e-06, 6.18030526311486e-06, 6.1840373746235855e-06], [6.1695059230260085e-06, 6.166347247926751e-06, 6.171206678118324e-06, 0.9999568462371826, 6.167864739836659e-06, 6.169859261717647e-06, 6.1614796322828624e-06, 6.167217634356348e-06], [6.188231509440811e-06, 6.1857354012317955e-06, 6.188036422827281e-06, 6.188349743752042e-06, 0.9999566078186035, 6.18822559772525e-06, 6.190084604895674e-06, 6.186307928146562e-06], [6.1796395129931625e-06, 6.177294380904641e-06, 6.176257102197269e-06, 6.1786258811480366e-06, 6.17863770457916e-06, 0.9999567270278931, 6.175656380946748e-06, 6.177117484185146e-06], [6.187670805957168e-06, 6.1833643485442735e-06, 6.180287073220825e-06, 6.187086455611279e-06, 6.183788627822651e-06, 6.185888651089044e-06, 0.9999566078186035, 6.184980520629324e-06], [6.183694949868368e-06, 6.185883194120834e-06, 6.182267952681286e-06, 6.184732683323091e-06, 6.190042768139392e-06, 6.18842568655964e-06, 6.188980478327721e-06, 0.9999566078186035]], "mean_depth_distance": 0.04060378298163414}
{"kind": "key", "receiver_layer": 5, "sender_layers": [3, 4, 5, 6, 7, 8], "layer_weights": [0.1591086983680725, 0.17376112937927246, 0.18936631083488464, 0.17303751409053802, 0.15912513434886932, 0.14560122787952423], "head_mapping": [[0.9999566078186035, 6.197639777383301e-06, 6.17602154306951e-06, 6.19514594291104e-06, 6.203978500707308e-06, 6.190899057401111e-06, 6.184077847137814e-06, 6.174890586407855e-06], [6.171253062348114e-06, 0.9999567270278931, 6.190752174006775e-06, 6.17199475527741e-06, 6.187234703247668e-06, 6.1853347688156646e-06, 6.176693204906769e-06, 6.1709238252660725e-06], [6.1742725847580004e-06, 6.1848982113588136e-06, 0.9999567270278931, 6.166264029161539e-06, 6.172700977913337e-06, 6.17439036432188e-06, 6.170893811940914e-06, 6.174042937345803e-06], [6.176976967253722e-06, 6.163630587252555e-06, 6.176865099405404e-06, 0.9999568462371826, 6.176258011691971e-06, 6.160510565678123e-06, 6.180029231472872e-06, 6.1698065110249445e-06], [6.168969775899313e-06, 6.184650828799931e-06, 6.1778891904396005e-06, 6.173242582008243e-06, 0.9999567270278931, 6.1779774114256725e-06, 6.175279395392863e-06, 6.175904218252981e-06], [6.19003139945562e-06, 6.197202310431749e-06, 6.20189666733495e-06, 6.2018730204727035e-06, 6.210359970282298e-06, 0.9999566078186035, 6.193538865773007e-06, 6.201890300872037e-06], [6.168688287289115e-06, 6.161456440167967e-06, 6.160210432426538e-06, 6.173396286612842e-06, 6.161056717246538e-06, 6.1530122366093565e-06, 0.9999568462371826, 6.164624664961593e-06], [6.169057996885385e-06, 6.1688051573582925e-06, 6.176799161039526e-06, 6.177848263178021e-06, 6.178743660711916e-06, 6.182834567880491e-06, 6.182846391311614e-06, 0.9999567270278931]], "mean_depth_distance": 0.04057342931628227}
{"kind": "key", "receiver_layer": 6, "sender_layers": [3, 4, 5, 6, 7, 8], "layer_weights": [0.14556314051151276, 0.1587786078453064, 0.17337308824062347, 0.1895509660243988, 0.1738777756690979, 0.15885649621486664], "head_mapping": [[0.9999567270278931, 6.1782134253007825e-06, 6.177046998345759e-06, 6.177824161568424e-06, 6.179121101013152e-06, 6.181466687849024e-06, 6.179757292557042e-06, 6.177128852868918e-06], [6.178985131555237e-06, 0.9999567270278931, 6.179686806717655e-06, 6.1790265135641675e-06, 6.1787904996890575e-06, 6.178337116580224e-06, 6.180334821692668e-06, 6.180629497976042e-06], [6.1840373746235855e-06, 6.185370693856385e-06, 0.9999567270278931, 6.18133117313846e-06, 6.183353434607852e-06, 6.184839548950549e-06, 6.182427569001447e-06, 6.183164714457234e-06], [6.183199275255902e-06, 6.182491688377922e-06, 6.18406011199113e-06, 0.9999566078186035, 6.18854392087087e-06, 6.185670372360619e-06, 6.186632163007744e-06, 6.186656264617341e-06], [6.1821388044336345e-06, 6.179415777296526e-06, 6.178708645165898e-06, 6.181619937706273e-06, 0.9999567270278931, 6.1819146139896475e-06, 6.177141131047392e-06, 6.179480351420352e-06], [6.179503998282598e-06, 6.179698630148778e-06, 6.176981969474582e-06, 6.179386218718719e-06, 6.17876094111125e-06, 0.9999567270278931, 6.176675924507435e-06, 6.174302143335808e-06], [6.187629423948238e-06, 6.189240593812428e-06, 6.194023626449052e-06, 6.189447049109731e-06, 6.192458386067301e-06, 6.189724444993772e-06, 0.9999566078186035, 6.189529358380241e-06], [6.18389594819746e-06, 6.183117875480093e-06, 6.18778949501575e-06, 6.186963219079189e-06, 6.179569027153775e-06, 6.1840491980547085e-06, 6.181042408570647e-06, 0.9999567270278931]], "mean_depth_distance": 0.04054886847734451}
{"kind": "key", "receiver_layer": 7, "sender_layers": [4, 5, 6, 7, 8, 9], "layer_weights": [0.145717591047287, 0.15903568267822266, 0.17390824854373932, 0.18907339870929718, 0.1727118045091629, 0.15955330431461334], "head_mapping": [[0.9999566078186035, 6.188969109643949e-06, 6.207861588336527e-06, 6.196647063916316e-06, 6.196658887347439e-06, 6.204830697242869e-06, 6.197486072778702e-06, 6.193881745275576e-06], [6.176987426442793e-06, 0.9999567270278931, 6.161455985420616e-06, 6.164805654407246e-06, 6.1684754655289e-06, 6.1707996792392805e-06, 6.157883944979403e-06, 6.175126600282965e-06], [6.171206223370973e-06, 6.170652795844944e-06, 0.9999567270278931, 6.179810497997096e-06, 6.168775598780485e-06, 6.1726541389361955e-06, 6.168863819766557e-06, 6.17238947597798e-06], [6.178231160447467e-06, 6.189052783156512e-06, 6.175162070576334e-06, 0.9999567270278931, 6.177046998345759e-06, 6.178142939461395e-06, 6.1928012655698694e-06, 6.179474439704791e-06], [6.14659666098305e-06, 6.183708137541544e-06, 6.15404496784322e-06, 6.161973033158574e-06, 0.9999568462371826, 6.171547738631489e-06, 6.164230399008375e-06, 6.1685768741881475e-06], [6.18531703366898e-06, 6.1877062762505375e-06, 6.175408543640515e-06, 6.209732418938074e-06, 6.1857122091169e-06, 0.9999566078186035, 6.197297352628084e-06, 6.178501280373894e-06], [6.203665634529898e-06, 6.198933988343924e-06, 6.184739049786003e-06, 6.1836767599743325e-06, 6.172258963488275e-06, 6.17788873569225e-06, 0.9999566078186035, 6.179473530210089e-06], [6.176110218802933e-06, 6.199478775670286e-06, 6.1858659137215e-06, 6.209721505001653e-06, 6.1778891904396005e-06, 6.203293651196873e-06, 6.176557690196205e-06, 0.9999567270278931]], "mean_depth_distance": 0.04059859365224838}
{"kind": "key", "receiver_layer": 8, "sender_layers": [5, 6, 7, 8, 9, 10], "layer_weights": [0.14534646272659302, 0.15932029485702515, 0.17309056222438812, 0.18967415392398834, 0.1730850636959076, 0.15948350727558136], "head_mapping": [[0.9999567270278931, 6.182091510709142e-06, 6.181666776683414e-06, 6.181820481288014e-06, 6.182704964885488e-06, 6.182999641168863e-06, 6.18192098045256e-06, 6.182687229738804e-06], [6.180370291986037e-06, 0.9999567270278931, 6.179403953865403e-06, 6.180488071549917e-06, 6.18109515926335e-06, 6.182056040415773e-06, 6.179250249260804e-06, 6.180322998261545e-06], [6.185930033097975e-06, 6.186526206874987e-06, 0.9999566078186035, 6.184603080328088e-06, 6.186514383443864e-06, 6.184803623909829e-06, 6.1866085161454976e-06, 6.184561698319158e-06], [6.183235655043973e-06, 6.181891421874752e-06, 6.181696790008573e-06, 0.9999567270278931, 6.181643584568519e-06, 6.181997378007509e-06, 6.181950084283017e-06, 6.182227480167057e-06], [6.185075108078308e-06, 6.185747224662919e-06, 6.1857122091169e-06, 6.1851105783716775e-06, 0.9999566078186035, 6.185039183037588e-06, 6.186868176882854e-06, 6.183718141983263e-06], [6.1868331613368355e-06, 6.190131898620166e-06, 6.188261068018619e-06, 6.189216946950182e-06, 6.1881546571385115e-06, 0.9999566078186035, 6.188697170728119e-06, 6.1881546571385115e-06], [6.184850917634321e-06, 6.1855353123974055e-06, 6.186260634422069e-06, 6.184426183608593e-06, 6.1829277910874225e-06, 6.183505774970399e-06, 0.9999566078186035, 6.183222467370797e-06], [6.180582658998901e-06, 6.181950084283017e-06, 6.181997378007509e-06, 6.181549451866886e-06, 6.180075615702663e-06, 6.181773187563522e-06, 6.182067863846896e-06, 0.9999567270278931]], "mean_depth_distance": 0.04056636616587639}
{"kind": "key", "receiver_layer": 9, "sender_layers": [6, 7, 8, 9, 10, 11], "layer_weights": [0.1456710249185562, 0.15937700867652893, 0.17215411365032196, 0.18917042016983032, 0.17416928708553314, 0.15945811569690704], "head_mapping": [[0.9999566078186035, 6.1939344959682785e-06, 6.19202683083131e-06, 6.196067715791287e-06, 6.1945315792399924e-06, 6.18979538558051e-06, 6.193538865773007e-06, 6.189216946950182e-06], [6.1801283663953654e-06, 0.9999567270278931, 6.178060175443534e-06, 6.176434453664115e-06, 6.177058367029531e-06, 6.174161171657033e-06, 6.173454949021107e-06, 6.178660896694055e-06], [6.177942395879654e-06, 6.179833690111991e-06, 0.9999567270278931, 6.181042408570647e-06, 6.177223440317903e-06, 6.178861895023147e-06, 6.1792147789674345e-06, 6.18109515926335e-06], [6.188196039147442e-06, 6.1879422901256476e-06, 6.183824552863371e-06, 0.9999566078186035, 6.1876180552644655e-06, 6.187458438944304e-06, 6.186478913150495e-06, 6.189146006363444e-06], [6.182374363561394e-06, 6.181909157021437e-06, 6.1872938204032835e-06, 6.185034180816729e-06, 0.9999567270278931, 6.182935067045037e-06, 6.179845513543114e-06, 6.181885510159191e-06], [6.182787274155999e-06, 6.1791265579813626e-06, 6.1821388044336345e-06, 6.180005129863275e-06, 6.177223440317903e-06, 0.9999567270278931, 6.178743660711916e-06, 6.179615866130916e-06], [6.171264885779237e-06, 6.1697578530584e-06, 6.174690497573465e-06, 6.1724299484922085e-06, 6.174490408739075e-06, 6.172865596454358e-06, 0.9999567270278931, 6.17446721662418e-06], [6.18468584434595e-06, 6.184207904880168e-06, 6.186042355693644e-06, 6.1839014051656704e-06, 6.183954610605724e-06, 6.188190127431881e-06, 6.186478913150495e-06, 0.9999566078186035]], "mean_depth_distance": 0.04060019552707672}
{"kind": "key", "receiver_layer": 10, "sender_layers": [8, 9, 10, 11, 12, 13], "layer_weights": [0.15870214998722076, 0.17286892235279083, 0.18968825042247772, 0.17281393706798553, 0.15939649939537048, 0.1465301662683487], "head_mapping": [[0.9999568462371826, 6.16441275269608e-06, 6.16090392213664e-06, 6.164230399008375e-06, 6.1754217313136905e-06, 6.176582246553153e-06, 6.172430403239559e-06, 6.158695214253385e-06], [6.182021024869755e-06, 0.9999567270278931, 6.1842738432460465e-06, 6.1672872107010335e-06, 6.171264885779237e-06, 6.177624072734034e-06, 6.175733233249048e-06, 6.173655037855497e-06], [6.180864602356451e-06, 6.181913704494946e-06, 0.9999566078186035, 6.1877062762505375e-06, 6.188673978613224e-06, 6.180345735629089e-06, 6.194673460413469e-06, 6.194732122821733e-06], [6.177459454193013e-06, 6.18370131633128e-06, 6.176127499202266e-06, 0.9999567270278931, 6.185653546708636e-06, 6.1909063333587255e-06, 6.184815902088303e-06, 6.179096999403555e-06], [6.1811133491573855e-06, 6.188320185174234e-06, 6.181666776683414e-06, 6.177830528031336e-06, 0.9999567270278931, 6.181808657856891e-06, 6.181006938277278e-06, 6.18298827248509e-06], [6.181513526826166e-06, 6.179557203722652e-06, 6.173442670842633e-06, 6.181360276968917e-06, 6.179297542985296e-06, 0.9999567270278931, 6.177052455313969e-06, 6.162666068121325e-06], [6.192948603711557e-06, 6.192865384946344e-06, 6.190917247295147e-06, 6.191796728671761e-06, 6.188532097439747e-06, 6.1960736275068484e-06, 0.9999566078186035, 6.196103186084656e-06], [6.187340204633074e-06, 6.178742751217214e-06, 6.190615749801509e-06, 6.183989626151742e-06, 6.183706773299491e-06, 6.17932028035284e-06, 6.188290626596427e-06, 0.9999566078186035]], "mean_depth_distance": 0.04061344638466835}
{"kind": "key", "receiver_layer": 11, "sender_layers": [9, 10, 11, 12, 13, 14], "layer_weights": [0.15953649580478668, 0.17289039492607117, 0.1893921047449112, 0.17351993918418884, 0.1592000275850296, 0.14546111226081848], "head_mapping": [[0.9999566078186035, 6.188850875332719e-06, 6.190438853082014e-06, 6.193875833560014e-06, 6.187039616634138e-06, 6.196907179401023e-06, 6.197095899551641e-06, 6.202440999913961e-06], [6.173172096168855e-06, 0.9999567270278931, 6.179391675686929e-06, 6.175014732434647e-06, 6.1702230595983565e-06, 6.173890596983256e-06, 6.172471330501139e-06, 6.175797807372874e-06], [6.168363597680582e-06, 6.183795903780265e-06, 0.9999567270278931, 6.1714767980447505e-06, 6.176280749059515e-06, 6.180870968819363e-06, 6.1743844526063185e-06, 6.173725068947533e-06], [6.1890041251899675e-06, 6.183263849379728e-06, 6.189441137394169e-06, 0.9999566078186035, 6.18621970716049e-06, 6.192983619257575e-06, 6.1893524616607465e-06, 6.192971795826452e-06], [6.190415206219768e-06, 6.185275651660049e-06, 6.179568117659073e-06, 6.189547093526926e-06, 0.9999566078186035, 6.184496669447981e-06, 6.190078693180112e-06, 6.183989626151742e-06], [6.179492174851475e-06, 6.1741843637719285e-06, 6.173242582008243e-06, 6.1695582189713605e-06, 6.176787337608403e-06, 0.9999567270278931, 6.180617674544919e-06, 6.175479938974604e-06], [6.174537702463567e-06, 6.173843303258764e-06, 6.1663818087254185e-06, 6.183247478475096e-06, 6.175886028358946e-06, 6.178955572977429e-06, 0.9999567270278931, 6.164729256852297e-06], [6.189819032442756e-06, 6.1931136769999284e-06, 6.1999744502827525e-06, 6.198230948939454e-06, 6.193515673658112e-06, 6.188060524436878e-06, 6.194029538164614e-06, 0.9999566078186035]], "mean_depth_distance": 0.04057904705405235}
{"kind": "key", "receiver_layer": 12, "sender_layers": [10, 11, 12, 13, 14, 15], "layer_weights": [0.15931539237499237, 0.17361263930797577, 0.18927104771137238, 0.17340518534183502, 0.15856000781059265, 0.14583565294742584], "head_mapping": [[0.9999567270278931, 6.1783016462868545e-06, 6.175833277666243e-06, 6.188043244037544e-06, 6.189377018017694e-06, 6.173948804644169e-06, 6.1777773225912824e-06, 6.1819382608518936e-06], [6.1963337429915555e-06, 0.9999566078186035, 6.198945811775047e-06, 6.1840132730139885e-06, 6.196741651365301e-06, 6.19713136984501e-06, 6.197533366503194e-06, 6.201932137628319e-06], [6.176870101626264e-06, 6.177070190460654e-06, 0.9999567270278931, 6.184980975376675e-06, 6.1718533288512845e-06, 6.184120138641447e-06, 6.191271950228838e-06, 6.18266994933947e-06], [6.19607953922241e-06, 6.195896276040003e-06, 6.204162218637066e-06, 0.9999566078186035, 6.199944891704945e-06, 6.197179118316853e-06, 6.208690592757193e-06, 6.198550181579776e-06], [6.186562131915707e-06, 6.182392553455429e-06, 6.1718651522824075e-06, 6.1809773796994705e-06, 0.9999567270278931, 6.16779334450257e-06, 6.176604983920697e-06, 6.185612164699705e-06], [6.188249244587496e-06, 6.189063697092934e-06, 6.1782538978150114e-06, 6.198467417561915e-06, 6.1888035816082265e-06, 0.9999566078186035, 6.1874939092376735e-06, 6.192050932440907e-06], [6.177989689604146e-06, 6.184851372381672e-06, 6.176940587465651e-06, 6.1842501963838e-06, 6.179650881676935e-06, 6.180882792250486e-06, 0.9999567270278931, 6.1846862990933005e-06], [6.180417585710529e-06, 6.172836492623901e-06, 6.175645012262976e-06, 6.174743703013519e-06, 6.175897851790069e-06, 6.175833277666243e-06, 6.17015803072718e-06, 0.9999567270278931]], "mean_depth_distance": 0.04057930037379265}
{"kind": "key", "receiver_layer": 13, "sender_layers": [10, 11, 12, 13, 14, 15], "layer_weights": [0.14608220756053925, 0.15936538577079773, 0.17292609810829163, 0.18977504968643188, 0.1724676638841629, 0.1593836545944214], "head_mapping": [[0.9999567270278931, 6.175715952849714e-06, 6.180700438562781e-06, 6.188001862028614e-06, 6.1737077885481995e-06, 6.186815426190151e-06, 6.176987426442793e-06, 6.174102054501418e-06], [6.180476248118794e-06, 0.9999567270278931, 6.175137968966737e-06, 6.183264758874429e-06, 6.1779774114256725e-06, 6.185912752698641e-06, 6.179244792292593e-06, 6.17474961472908e-06], [6.169087555463193e-06, 6.1661698964599054e-06, 0.9999567270278931, 6.1757746152579784e-06, 6.1757746152579784e-06, 6.176822807901772e-06, 6.175020644150209e-06, 6.166634648252511e-06], [6.181242497405037e-06, 6.1828636717109475e-06, 6.183589448482962e-06, 0.9999567270278931, 6.184638550621457e-06, 6.176410352054518e-06, 6.185228812682908e-06, 6.178519470267929e-06], [6.163207672216231e-06, 6.160998054838274e-06, 6.162049430713523e-06, 6.174638656375464e-06, 0.9999568462371826, 6.15904173173476e-06, 6.1695059230260085e-06, 6.17661180513096e-06], [6.201305495778797e-06, 6.202807526278775e-06, 6.205328190844739e-06, 6.196517006173963e-06, 6.199992185429437e-06, 0.9999566078186035, 6.2006311054574326e-06, 6.2081576288619544e-06], [6.181607204780448e-06, 6.1831519815314095e-06, 6.182880952110281e-06, 6.182704055390786e-06, 6.179049250931712e-06, 6.182845481816912e-06, 0.9999566078186035, 6.188396582729183e-06], [6.194384241098305e-06, 6.201387805049308e-06, 6.195063178893179e-06, 6.1957248362887185e-06, 6.197143193276133e-06, 6.194826710270718e-06, 6.191164629854029e-06, 0.9999566078186035]], "mean_depth_distance": 0.04060395434498787}
{"kind": "key", "receiver_layer": 14, "sender_layers": [11, 12, 13, 14, 15, 16], "layer_weights": [0.14615869522094727, 0.15871180593967438, 0.1733855903148651, 0.1894068866968155, 0.17264795303344727, 0.15968912839889526], "head_mapping": [[0.9999566078186035, 6.19766979070846e-06, 6.201831638463773e-06, 6.193869467097102e-06, 6.2011040427023545e-06, 6.178153853397816e-06, 6.18744070379762e-06, 6.1998744058655575e-06], [6.189158284541918e-06, 0.9999567270278931, 6.179721822263673e-06, 6.18184412815026e-06, 6.178131116030272e-06, 6.182740435178857e-06, 6.184403446241049e-06, 6.191525699250633e-06], [6.192210094013717e-06, 6.187211056385422e-06, 0.9999566078186035, 6.21701474301517e-06, 6.188957286212826e-06, 6.200950338097755e-06, 6.2113135754771065e-06, 6.199377367011039e-06], [6.181159278639825e-06, 6.185133770486573e-06, 6.187511644384358e-06, 0.9999566078186035, 6.1927889873913955e-06, 6.193562512635253e-06, 6.178789590194356e-06, 6.177211162139429e-06], [6.175244379846845e-06, 6.1765872487740126e-06, 6.176422175485641e-06, 6.184839548950549e-06, 0.9999567270278931, 6.173301244416507e-06, 6.178142939461395e-06, 6.191348802531138e-06], [6.160551038192352e-06, 6.1869409364589956e-06, 6.148800821392797e-06, 6.153534741315525e-06, 6.150149602035526e-06, 0.9999568462371826, 6.172207122290274e-06, 6.161532837722916e-06], [6.184190169733483e-06, 6.180958735058084e-06, 6.17809428149485e-06, 6.172158464323729e-06, 6.178348030516645e-06, 6.19771071797004e-06, 0.9999566078186035, 6.184355243021855e-06], [6.179321189847542e-06, 6.194980869622668e-06, 6.16823444943293e-06, 6.194497018441325e-06, 6.175833277666243e-06, 6.1839373302063905e-06, 6.182303877722006e-06, 0.9999567270278931]], "mean_depth_distance": 0.04060889780521393}
{"kind": "key", "receiver_layer": 15, "sender_layers": [12, 13, 14, 15, 16, 17], "layer_weights": [0.1462300419807434, 0.1579887866973877, 0.1734667420387268, 0.18927064538002014, 0.17393045127391815, 0.15911340713500977], "head_mapping": [[0.9999566078186035, 6.196410140546504e-06, 6.195193236635532e-06, 6.183983714436181e-06, 6.185918664414203e-06, 6.19261163592455e-06, 6.19759293840616e-06, 6.192989985720487e-06], [6.181142452987842e-06, 0.9999567270278931, 6.173861038405448e-06, 6.179957381391432e-06, 6.177871910040267e-06, 6.181702701724134e-06, 6.178225248731906e-06, 6.182699053169927e-06], [6.186473001434933e-06, 6.182450761116343e-06, 0.9999566078186035, 6.190975909703411e-06, 6.182833658385789e-06, 6.182892775541404e-06, 6.186101472849259e-06, 6.185528945934493e-06], [6.180794571264414e-06, 6.17051728113438e-06, 6.174761438160203e-06, 0.9999567270278931, 6.170958840812091e-06, 6.1798159549653064e-06, 6.180582658998901e-06, 6.177630439196946e-06], [6.17502655586577e-06, 6.177865543577354e-06, 6.172972007334465e-06, 6.17598061580793e-06, 0.9999567270278931, 6.174066584208049e-06, 6.1771884247718845e-06, 6.17119439993985e-06], [6.193804892973276e-06, 6.188827228470473e-06, 6.200985353643773e-06, 6.197793481987901e-06, 6.20046557742171e-06, 0.9999566078186035, 6.199046310939593e-06, 6.195287369337166e-06], [6.1911828197480645e-06, 6.184803623909829e-06, 6.190674866957124e-06, 6.19218099018326e-06, 6.191566171764862e-06, 6.190799012983916e-06, 0.9999566078186035, 6.191873580974061e-06], [6.174567261041375e-06, 6.179061983857537e-06, 6.1747850850224495e-06, 6.176080660225125e-06, 6.177470822876785e-06, 6.1775890571880154e-06, 6.17824298387859e-06, 0.9999567270278931]], "mean_depth_distance": 0.04057975858449936}
{"kind": "key", "receiver_layer": 16, "sender_layers": [13, 14, 15, 16, 17, 18], "layer_weights": [0.1457875669002533, 0.15967756509780884, 0.17377975583076477, 0.18882746994495392, 0.17381808161735535, 0.15810956060886383], "head_mapping": [[0.999956488609314, 6.20876062384923e-06, 6.226697223610245e-06, 6.205410500115249e-06, 6.216746896825498e-06, 6.226762707228772e-06, 6.21079198026564e-06, 6.2264775806397665e-06], [6.16215538684628e-06, 0.9999568462371826, 6.174549980642041e-06, 6.160680641187355e-06, 6.158090400276706e-06, 6.1731429923383985e-06, 6.160199063742766e-06, 6.173578640300548e-06], [6.1921277847432066e-06, 6.1916312006360386e-06, 0.9999566078186035, 6.1857122091169e-06, 6.190001840877812e-06, 6.188555744301993e-06, 6.190143722051289e-06, 6.193562512635253e-06], [6.193887656991137e-06, 6.192830369400326e-06, 6.193687113409396e-06, 0.9999566078186035, 6.2029907894611824e-06, 6.197379661898594e-06, 6.174560439831112e-06, 6.2013641581870615e-06], [6.181619937706273e-06, 6.166887487779604e-06, 6.175691851240117e-06, 6.179226602398558e-06, 0.9999567270278931, 6.178631792863598e-06, 6.174926511448575e-06, 6.18377816863358e-06], [6.194525667524431e-06, 6.195630703587085e-06, 6.185375696077244e-06, 6.203766133694444e-06, 6.190338808664819e-06, 0.9999566078186035, 6.199412837304408e-06, 6.1939344959682785e-06], [6.16292481936398e-06, 6.1796276895620394e-06, 6.175456292112358e-06, 6.16915258433437e-06, 6.177023351483513e-06, 6.175597718538484e-06, 0.9999567270278931, 6.166817001940217e-06], [6.1718651522824075e-06, 6.175150247145211e-06, 6.179792762850411e-06, 6.173301244416507e-06, 6.183553978189593e-06, 6.175056114443578e-06, 6.182657671160996e-06, 0.9999567270278931]], "mean_depth_distance": 0.040586698800325394}
{"kind": "key", "receiver_layer": 17, "sender_layers": [14, 15, 16, 17, 18, 19], "layer_weights": [0.14586004614830017, 0.1588345468044281, 0.17355264723300934, 0.18864595890045166, 0.17380261421203613, 0.15930421650409698], "head_mapping": [[0.9999568462371826, 6.1629607444047e-06, 6.157749794510892e-06, 6.1620203268830664e-06, 6.165441845951136e-06, 6.186379778228002e-06, 6.1778609961038455e-06, 6.160386874398682e-06], [6.1950281633471604e-06, 0.9999566078186035, 6.198833943926729e-06, 6.195210971782217e-06, 6.21121262156521e-06, 6.197072252689395e-06, 6.208133981999708e-06, 6.186013251863187e-06], [6.177147042762954e-06, 6.181230673973914e-06, 0.9999567270278931, 6.195146397658391e-06, 6.1899613683635835e-06, 6.17211253484129e-06, 6.159011263662251e-06, 6.173655037855497e-06], [6.219664101081435e-06, 6.2306589825311676e-06, 6.223247964953771e-06, 0.9999563694000244, 6.2205658650782425e-06, 6.2382214309764095e-06, 6.2168769545678515e-06, 6.2339759097085334e-06], [6.180746822792571e-06, 6.200524239829974e-06, 6.1919799918541685e-06, 6.179102456371766e-06, 0.9999566078186035, 6.197237780725118e-06, 6.19026741333073e-06, 6.179732736200094e-06], [6.191684406076092e-06, 6.193598437675973e-06, 6.180522632348584e-06, 6.190857675392181e-06, 6.190480235090945e-06, 0.9999566078186035, 6.20066066403524e-06, 6.17598561802879e-06], [6.1707237364316825e-06, 6.168899744807277e-06, 6.15952922089491e-06, 6.147182830318343e-06, 6.163348643895006e-06, 6.157973075460177e-06, 0.9999568462371826, 6.155336450319737e-06], [6.157826192065841e-06, 6.15522503721877e-06, 6.150548415462254e-06, 6.157697043818189e-06, 6.163524631119799e-06, 6.166806088003796e-06, 6.164765636640368e-06, 0.9999568462371826]], "mean_depth_distance": 0.04060608148574829}
{"kind": "key", "receiver_layer": 18, "sender_layers": [16, 17, 18, 19, 20, 21], "layer_weights": [0.15879489481449127, 0.17381945252418518, 0.1894145905971527, 0.17335061728954315, 0.1589350402355194, 0.14568538963794708], "head_mapping": [[0.9999566078186035, 6.167492301756283e-06, 6.203718839969952e-06, 6.1854993873566855e-06, 6.2001104197406676e-06, 6.187906819832278e-06, 6.194732122821733e-06, 6.198089067765977e-06], [6.193852186697768e-06, 0.9999566078186035, 6.187376129673794e-06, 6.200524239829974e-06, 6.213879260030808e-06, 6.207849764905404e-06, 6.202334134286502e-06, 6.2120302573021036e-06], [6.207802016433561e-06, 6.195228706928901e-06, 0.9999566078186035, 6.2031745073909406e-06, 6.200489224283956e-06, 6.190066869748989e-06, 6.195406058395747e-06, 6.193160970724421e-06], [6.18535796093056e-06, 6.1765395003021695e-06, 6.178495368658332e-06, 0.9999566078186035, 6.196103186084656e-06, 6.192292858031578e-06, 6.20182527200086e-06, 6.168698291730834e-06], [6.173672773002181e-06, 6.164635124150664e-06, 6.172748271637829e-06, 6.175797807372874e-06, 0.9999567270278931, 6.167363608255982e-06, 6.200129064382054e-06, 6.166805178509094e-06], [6.164442311273888e-06, 6.1618320614797994e-06, 6.1675355027546175e-06, 6.1713003560726065e-06, 6.149392902443651e-06, 0.9999568462371826, 6.15766157352482e-06, 6.160927568998886e-06], [6.176145234348951e-06, 6.173713700263761e-06, 6.171005679789232e-06, 6.1840491980547085e-06, 6.185771326272516e-06, 6.1747969084535725e-06, 0.9999567270278931, 6.16199668002082e-06], [6.199436938914005e-06, 6.2010922192712314e-06, 6.199259132699808e-06, 6.202062195370672e-06, 6.202156782819657e-06, 6.193911303853383e-06, 6.191542979649967e-06, 0.9999566078186035]], "mean_depth_distance": 0.040562473237514496}
{"kind": "key", "receiver_layer": 19, "sender_layers": [17, 18, 19, 20, 21, 22], "layer_weights": [0.1584717184305191, 0.1741059273481369, 0.19034193456172943, 0.17345474660396576, 0.15847130119800568, 0.14515434205532074], "head_mapping": [[0.9999568462371826, 6.154755737952655e-06, 6.169023890834069e-06, 6.1618561630893964e-06, 6.178809599077795e-06, 6.18188005319098e-06, 6.1611626733792946e-06, 6.172560006234562e-06], [6.194105935719563e-06, 0.9999566078186035, 6.1990936046640854e-06, 6.195311470946763e-06, 6.2021454141358845e-06, 6.154959464765852e-06, 6.190763542690547e-06, 6.2248636822914705e-06], [6.222430329216877e-06, 6.199672952789115e-06, 0.9999566078186035, 6.212160769791808e-06, 6.193752142280573e-06, 6.209696948644705e-06, 6.17566774963052e-06, 6.186431619426003e-06], [6.175538601382868e-06, 6.177435807330767e-06, 6.170558663143311e-06, 0.9999567270278931, 6.201069481903687e-06, 6.20505670667626e-06, 6.180293439683737e-06, 6.197120001161238e-06], [6.177070190460654e-06, 6.167204901430523e-06, 6.198420123837423e-06, 6.1924888541398104e-06, 0.9999567270278931, 6.172848316055024e-06, 6.1471641856769565e-06, 6.1700347941950895e-06], [6.159134954941692e-06, 6.154455149953719e-06, 6.171147106215358e-06, 6.159628355817404e-06, 6.203151770023396e-06, 0.9999567270278931, 6.167534593259916e-06, 6.182315701153129e-06], [6.211456366145285e-06, 6.175102953420719e-06, 6.1922760323795956e-06, 6.175044291012455e-06, 6.190623025759123e-06, 6.169099378894316e-06, 0.9999567270278931, 6.183064670040039e-06], [6.187854069139576e-06, 6.193568879098166e-06, 6.195193236635532e-06, 6.186207428982016e-06, 6.193675289978273e-06, 6.201831638463773e-06, 6.192499768076232e-06, 0.9999566078186035]], "mean_depth_distance": 0.04048314690589905}
{"kind": "key", "receiver_layer": 20, "sender_layers": [18, 19, 20, 21, 22, 23], "layer_weights": [0.15893909335136414, 0.17333707213401794, 0.18964068591594696, 0.1735934466123581, 0.158678337931633, 0.14581137895584106], "head_mapping": [[0.9999566078186035, 6.173300334921805e-06, 6.184850917634321e-06, 6.198242772370577e-06, 6.191459760884754e-06, 6.203896191436797e-06, 6.210727406141814e-06, 6.198869414220098e-06], [6.15494309386122e-06, 0.9999568462371826, 6.1548903431685176e-06, 6.163831130834296e-06, 6.155512892291881e-06, 6.155289611342596e-06, 6.161891178635415e-06, 6.152954028948443e-06], [6.145542556623695e-06, 6.1388295762299094e-06, 0.9999570846557617, 6.132568614702905e-06, 6.124731044110376e-06, 6.138630851637572e-06, 6.12727217230713e-06, 6.1349319366854616e-06], [6.193243734742282e-06, 6.1835885389882606e-06, 6.180121999932453e-06, 0.9999566078186035, 6.192570253915619e-06, 6.171664153953316e-06, 6.194141406012932e-06, 6.183989626151742e-06], [6.182068318594247e-06, 6.181620392453624e-06, 6.172707344376249e-06, 6.19696720605134e-06, 0.9999568462371826, 6.190428848640295e-06, 6.164442311273888e-06, 6.162543286336586e-06], [6.184061021485832e-06, 6.180163836688735e-06, 6.173024758027168e-06, 6.16566421740572e-06, 6.1629129959328566e-06, 0.9999567270278931, 6.184650828799931e-06, 6.1939063016325235e-06], [6.209140792634571e-06, 6.174701866257237e-06, 6.183305231388658e-06, 6.167168976389803e-06, 6.200938514666632e-06, 6.211331310623791e-06, 0.9999566078186035, 6.1821028793929145e-06], [6.158589712867979e-06, 6.144920462247683e-06, 6.14032796875108e-06, 6.146819487184985e-06, 6.149950422695838e-06, 6.157462848932482e-06, 6.1425421336025465e-06, 0.9999569654464722]], "mean_depth_distance": 0.04055999591946602}
{"kind": "key", "receiver_layer": 21, "sender_layers": [18, 19, 20, 21, 22, 23], "layer_weights": [0.14621692895889282, 0.1593197137117386, 0.17317506670951843, 0.18975138664245605, 0.1730518341064453, 0.1584850549697876], "head_mapping": [[0.9999568462371826, 6.138792741694488e-06, 6.158883479656652e-06, 6.168723757582484e-06, 6.188581210153643e-06, 6.1633900259039365e-06, 6.175951966724824e-06, 6.19723368799896e-06], [6.21079743723385e-06, 0.999956488609314, 6.224910066521261e-06, 6.192652108438779e-06, 6.2292215261550155e-06, 6.192959517647978e-06, 6.20799119133153e-06, 6.195783043949632e-06], [6.199366453074617e-06, 6.180193395266542e-06, 0.9999567270278931, 6.178708645165898e-06, 6.1656169236812275e-06, 6.1868568081990816e-06, 6.214691893546842e-06, 6.185806796565885e-06], [6.203263183124363e-06, 6.1835648921260145e-06, 6.193574336066376e-06, 0.9999566078186035, 6.194047273311298e-06, 6.182786364661297e-06, 6.183906862133881e-06, 6.17032219452085e-06], [6.14483678873512e-06, 6.173913789098151e-06, 6.1647115217056125e-06, 6.1627370087080635e-06, 0.9999567270278931, 6.171630047901999e-06, 6.173224846861558e-06, 6.15127510172897e-06], [6.162466434034286e-06, 6.183448022056837e-06, 6.175162070576334e-06, 6.17299519944936e-06, 6.1697578530584e-06, 0.9999567270278931, 6.169069820316508e-06, 6.16711122347624e-06], [6.173877864057431e-06, 6.203896191436797e-06, 6.193987701408332e-06, 6.202618351380806e-06, 6.179573574627284e-06, 6.220946943358285e-06, 0.9999566078186035, 6.202795702847652e-06], [6.144111466710456e-06, 6.155677056085551e-06, 6.185518486745423e-06, 6.188427505549043e-06, 6.182599008752732e-06, 6.163383659441024e-06, 6.167112132970942e-06, 0.9999568462371826]], "mean_depth_distance": 0.04058535769581795}
