{"kind": "key", "receiver_layer": 0, "sender_layers": [0, 1, 2, 3, 4, 5], "layer_weights": [0.2055836319923401, 0.18765735626220703, 0.17225928604602814, 0.15761765837669373, 0.14447657763957977, 0.13240551948547363], "head_mapping": [[0.9999568462371826, 6.157227289804723e-06, 6.155148639663821e-06, 6.1571095102408435e-06, 6.153939921205165e-06, 6.155348728498211e-06, 6.159387794468785e-06, 6.153998128866078e-06], [6.16070383330225e-06, 0.9999568462371826, 6.160804332466796e-06, 6.163149009807967e-06, 6.160804332466796e-06, 6.159969871077919e-06, 6.16259649177664e-06, 6.159658369142562e-06], [6.168535492179217e-06, 6.17215391685022e-06, 0.9999568462371826, 6.170005690364633e-06, 6.167817900859518e-06, 6.165876584418584e-06, 6.166000275698025e-06, 6.1703353821940254e-06], [6.16263787378557e-06, 6.158930318633793e-06, 6.1550786085717846e-06, 0.9999568462371826, 6.157596999400994e-06, 6.15371664025588e-06, 6.1548666963062715e-06, 6.159141776151955e-06], [6.1612390709342435e-06, 6.15932367509231e-06, 6.165229933685623e-06, 6.1642831497010775e-06, 0.9999568462371826, 6.159482381917769e-06, 6.162055797176436e-06, 6.162255431263475e-06], [6.161056717246538e-06, 6.1623845795111265e-06, 6.161885266919853e-06, 6.166370894788997e-06, 6.164782917039702e-06, 0.9999568462371826, 6.1654768614971545e-06, 6.165770628285827e-06], [6.16219676885521e-06, 6.165423656057101e-06, 6.163260422908934e-06, 6.168088475533295e-06, 6.1574382925755344e-06, 6.1604341681231745e-06, 0.9999568462371826, 6.164618298498681e-06], [6.166735147417057e-06, 6.163560556160519e-06, 6.167970695969416e-06, 6.165370905364398e-06, 6.172054327180376e-06, 6.169865173433209e-06, 6.169288553792285e-06, 0.9999568462371826]], "mean_depth_distance": 0.06414179503917694}
{"kind": "key", "receiver_layer": 1, "sender_layers": [0, 1, 2, 3, 4, 5], "layer_weights": [0.17817914485931396, 0.19439896941184998, 0.17804549634456635, 0.1629517823457718, 0.14928051829338074, 0.13714414834976196], "head_mapping": [[0.9999568462371826, 6.156922154332278e-06, 6.158366431918694e-06, 6.156992185424315e-06, 6.157485586300027e-06, 6.157826192065841e-06, 6.162420049804496e-06, 6.162167210277403e-06], [6.163054877106333e-06, 0.9999568462371826, 6.162173121992964e-06, 6.1596288105647545e-06, 6.161885266919853e-06, 6.159599706734298e-06, 6.161244527902454e-06, 6.162784302432556e-06], [6.163078069221228e-06, 6.164806563901948e-06, 0.9999568462371826, 6.167682386148954e-06, 6.163307261886075e-06, 6.163242687762249e-06, 6.161473720567301e-06, 6.162631507322658e-06], [6.171723725856282e-06, 6.171605946292402e-06, 6.168664185679518e-06, 0.9999567270278931, 6.170529104565503e-06, 6.1693699535680935e-06, 6.16631086813868e-06, 6.174761438160203e-06], [6.167558694869513e-06, 6.161620603961637e-06, 6.166447292343946e-06, 6.164113074191846e-06, 0.9999568462371826, 6.165065315144602e-06, 6.163877969811438e-06, 6.169264906930039e-06], [6.1588361859321594e-06, 6.162337740533985e-06, 6.155841674626572e-06, 6.15510180068668e-06, 6.16045736023807e-06, 0.9999568462371826, 6.158360520203132e-06, 6.162343652249547e-06], [6.16372517470154e-06, 6.161820238048676e-06, 6.161990768305259e-06, 6.159958047646796e-06, 6.16372517470154e-06, 6.165559170767665e-06, 0.9999568462371826, 6.16017541688052e-06], [6.167605079099303e-06, 6.167781066324096e-06, 6.168334039102774e-06, 6.169652351672994e-06, 6.166934326756746e-06, 6.1705231928499416e-06, 6.166475486679701e-06, 0.9999567270278931]], "mean_depth_distance": 0.04795847088098526}
{"kind": "key", "receiver_layer": 2, "sender_layers": [0, 1, 2, 3, 4, 5], "layer_weights": [0.1586395502090454, 0.17346641421318054, 0.18928925693035126, 0.17375069856643677, 0.15939182043075562, 0.1454622745513916], "head_mapping": [[0.9999568462371826, 6.163466423458885e-06, 6.164489150251029e-06, 6.162837507872609e-06, 6.163383659441024e-06, 6.1639188970730174e-06, 6.163495982036693e-06, 6.162555109767709e-06], [6.163137186376844e-06, 0.9999568462371826, 6.1631253629457206e-06, 6.16413035459118e-06, 6.163084435684141e-06, 6.163901161926333e-06, 6.163336820463883e-06, 6.163901161926333e-06], [6.16280203757924e-06, 6.162049430713523e-06, 0.9999568462371826, 6.161691089801025e-06, 6.16191437075031e-06, 6.162302724987967e-06, 6.162578756629955e-06, 6.162255431263475e-06], [6.164113074191846e-06, 6.163430953165516e-06, 6.163572379591642e-06, 0.9999568462371826, 6.163677426229697e-06, 6.162848876556382e-06, 6.163466423458885e-06, 6.163907528389245e-06], [6.162255431263475e-06, 6.162619683891535e-06, 6.162455520097865e-06, 6.162302724987967e-06, 0.9999568462371826, 6.162407771626022e-06, 6.1619439293281175e-06, 6.1626492424693424e-06], [6.162490535643883e-06, 6.162619683891535e-06, 6.161232704471331e-06, 6.161703367979499e-06, 6.161715191410622e-06, 0.9999568462371826, 6.163089892652351e-06, 6.163084435684141e-06], [6.162608315207763e-06, 6.163343186926795e-06, 6.162402314657811e-06, 6.163266789371846e-06, 6.163119451230159e-06, 6.162866611703066e-06, 0.9999568462371826, 6.162407771626022e-06], [6.162742920423625e-06, 6.163019406812964e-06, 6.163419584481744e-06, 6.162807949294802e-06, 6.1638543229491916e-06, 6.163019406812964e-06, 6.162890258565312e-06, 0.9999568462371826]], "mean_depth_distance": 0.04056190699338913}
{"kind": "key", "receiver_layer": 3, "sender_layers": [0, 1, 2, 3, 4, 5], "layer_weights": [0.14608950912952423, 0.15903042256832123, 0.17325937747955322, 0.18922695517539978, 0.17343910038471222, 0.1589546501636505], "head_mapping": [[0.9999568462371826, 6.162138106446946e-06, 6.160551038192352e-06, 6.156886229291558e-06, 6.164524165797047e-06, 6.162619683891535e-06, 6.159846179798478e-06, 6.158190444693901e-06], [6.162337740533985e-06, 0.9999568462371826, 6.1617438404937275e-06, 6.161350484035211e-06, 6.1612681747647e-06, 6.160762950457865e-06, 6.161174496810418e-06, 6.16082161286613e-06], [6.158707037684508e-06, 6.160915745567763e-06, 0.9999568462371826, 6.159189069876447e-06, 6.158237283671042e-06, 6.161738383525517e-06, 6.155970822874224e-06, 6.154362381494138e-06], [6.159593795018736e-06, 6.1629134506802075e-06, 6.1596169871336315e-06, 0.9999568462371826, 6.1612031458935235e-06, 6.164595106383786e-06, 6.160046268632868e-06, 6.160222255857661e-06], [6.158249107102165e-06, 6.159341864986345e-06, 6.159253644000273e-06, 6.159053555165883e-06, 0.9999568462371826, 6.157168172649108e-06, 6.157456027722219e-06, 6.159318218124099e-06], [6.163190391816897e-06, 6.162784302432556e-06, 6.160739303595619e-06, 6.161620603961637e-06, 6.164265869301744e-06, 0.9999568462371826, 6.159952135931235e-06, 6.162972113088472e-06], [6.166429557197262e-06, 6.16388933849521e-06, 6.16388933849521e-06, 6.163959824334597e-06, 6.16304305367521e-06, 6.163513262436027e-06, 0.9999568462371826, 6.166776529425988e-06], [6.1627492868865374e-06, 6.162626050354447e-06, 6.16259649177664e-06, 6.162513727758778e-06, 6.161585588415619e-06, 6.159499662317103e-06, 6.16263787378557e-06, 0.9999568462371826]], "mean_depth_distance": 0.04059820622205734}
{"kind": "key", "receiver_layer": 4, "sender_layers": [2, 3, 4, 5, 6, 7], "layer_weights": [0.15889844298362732, 0.17318320274353027, 0.18930412828922272, 0.17358851432800293, 0.1588664948940277, 0.14615914225578308], "head_mapping": [[0.9999568462371826, 6.1535288295999635e-06, 6.154139100544853e-06, 6.152954028948443e-06, 6.155148639663821e-06, 6.159458735055523e-06, 6.15940598436282e-06, 6.154009952297201e-06], [6.168299023556756e-06, 0.9999567270278931, 6.1649880080949515e-06, 6.168399067973951e-06, 6.167428637127159e-06, 6.1674872995354235e-06, 6.167846095195273e-06, 6.170970664243214e-06], [6.161009878269397e-06, 6.160639259178424e-06, 0.9999568462371826, 6.160880730021745e-06, 6.164842034195317e-06, 6.1632899814867415e-06, 6.163137186376844e-06, 6.166806088003796e-06], [6.154862148832763e-06, 6.1513819673564285e-06, 6.157016287033912e-06, 0.9999569654464722, 6.152872629172634e-06, 6.156393737910548e-06, 6.149252840259578e-06, 6.152485184429679e-06], [6.168158961372683e-06, 6.166288585518487e-06, 6.1675473261857405e-06, 6.168176696519367e-06, 0.9999568462371826, 6.1685409491474275e-06, 6.169570951897185e-06, 6.167270385049051e-06], [6.155172286526067e-06, 6.155594746815041e-06, 6.155653863970656e-06, 6.158319592941552e-06, 6.155547907837899e-06, 0.9999568462371826, 6.155653863970656e-06, 6.156551989988657e-06], [6.166135790408589e-06, 6.162337740533985e-06, 6.158895303087775e-06, 6.165841568872565e-06, 6.1625846683455165e-06, 6.164183560031233e-06, 0.9999568462371826, 6.164500518934801e-06], [6.1664818531426135e-06, 6.1694818214164115e-06, 6.165805643831845e-06, 6.168345862533897e-06, 6.173360361572122e-06, 6.171429504320258e-06, 6.171324002934853e-06, 0.9999567270278931]], "mean_depth_distance": 0.04059368744492531}
{"kind": "key", "receiver_layer": 5, "sender_layers": [3, 4, 5, 6, 7, 8], "layer_weights": [0.159147247672081, 0.1736268699169159, 0.18941541016101837, 0.17324908077716827, 0.15893422067165375, 0.1456272006034851], "head_mapping": [[0.9999568462371826, 6.174361715238774e-06, 6.158225460239919e-06, 6.173490419314476e-06, 6.181632215884747e-06, 6.1691416703979485e-06, 6.162837507872609e-06, 6.153681624709861e-06], [6.151469278847799e-06, 0.9999568462371826, 6.161820238048676e-06, 6.15114686297602e-06, 6.160668817756232e-06, 6.1573978200613055e-06, 6.14873079030076e-06, 6.148308330011787e-06], [6.1533523876278196e-06, 6.163924808788579e-06, 0.9999568462371826, 6.147727617644705e-06, 6.152753940114053e-06, 6.15440922047128e-06, 6.149222372187069e-06, 6.155665232654428e-06], [6.156511062727077e-06, 6.148144166218117e-06, 6.153939921205165e-06, 0.9999568462371826, 6.1574742176162545e-06, 6.1451660258171614e-06, 6.15733324593748e-06, 6.155312803457491e-06], [6.141903668321902e-06, 6.150021363282576e-06, 6.153952199383639e-06, 6.150584340502974e-06, 0.9999569654464722, 6.151780780783156e-06, 6.150619356048992e-06, 6.149540240585338e-06], [6.170758751977701e-06, 6.1759747040923685e-06, 6.179191586852539e-06, 6.178920557431411e-06, 6.1870455283496995e-06, 0.9999567270278931, 6.172806934046093e-06, 6.18073590885615e-06], [6.153089543659007e-06, 6.152321020636009e-06, 6.145869519968983e-06, 6.160516932141036e-06, 6.147183285065694e-06, 6.142237452877453e-06, 0.9999569654464722, 6.149059572635451e-06], [6.1607743191416375e-06, 6.1674754761043005e-06, 6.164253136375919e-06, 6.1687287598033436e-06, 6.171147106215358e-06, 6.17633986621513e-06, 6.17411342318519e-06, 0.9999567270278931]], "mean_depth_distance": 0.040569156408309937}
{"kind": "key", "receiver_layer": 6, "sender_layers": [3, 4, 5, 6, 7, 8], "layer_weights": [0.14573000371456146, 0.15882931649684906, 0.1734636127948761, 0.18926295638084412, 0.17355766892433167, 0.15915651619434357], "head_mapping": [[0.9999568462371826, 6.161244527902454e-06, 6.160340035421541e-06, 6.160386874398682e-06, 6.162096724438015e-06, 6.164254045870621e-06, 6.163019406812964e-06, 6.160880730021745e-06], [6.158660198707366e-06, 0.9999568462371826, 6.15928274783073e-06, 6.158754331409e-06, 6.160116299724905e-06, 6.158900760055985e-06, 6.1605983319168445e-06, 6.161156306916382e-06], [6.1662417465413455e-06, 6.16758825344732e-06, 0.9999568462371826, 6.164154001453426e-06, 6.165182639961131e-06, 6.167188530525891e-06, 6.1649357121495996e-06, 6.165653303469298e-06], [6.161585588415619e-06, 6.15981116425246e-06, 6.162267254694598e-06, 0.9999568462371826, 6.165559170767665e-06, 6.163425041449955e-06, 6.163983925944194e-06, 6.1653886405110825e-06], [6.1602931964444e-06, 6.156663403089624e-06, 6.157063126011053e-06, 6.1600812841788866e-06, 0.9999568462371826, 6.160099019325571e-06, 6.155818027764326e-06, 6.159253644000273e-06], [6.161068540677661e-06, 6.162149929878069e-06, 6.159746135381283e-06, 6.161274086480262e-06, 6.160351404105313e-06, 0.9999568462371826, 6.159881650091847e-06, 6.15766157352482e-06], [6.168851996335434e-06, 6.1701939557679e-06, 6.175350335979601e-06, 6.171123459353112e-06, 6.173372185003245e-06, 6.171288077894133e-06, 0.9999567270278931, 6.170558663143311e-06], [6.162907993711997e-06, 6.162978479551384e-06, 6.1681002989644185e-06, 6.165912054711953e-06, 6.160839348012814e-06, 6.1632899814867415e-06, 6.162173121992964e-06, 0.9999568462371826]], "mean_depth_distance": 0.04057665541768074}
{"kind": "key", "receiver_layer": 7, "sender_layers": [4, 5, 6, 7, 8, 9], "layer_weights": [0.145794078707695, 0.1589576005935669, 0.17358370125293732, 0.1897110491991043, 0.1728879064321518, 0.1590656191110611], "head_mapping": [[0.9999567270278931, 6.178749572427478e-06, 6.191142347233836e-06, 6.180181571835419e-06, 6.177318027766887e-06, 6.180529453558847e-06, 6.172359917400172e-06, 6.175880571390735e-06], [6.1473365349229425e-06, 0.9999570846557617, 6.138642675068695e-06, 6.13787551628775e-06, 6.133328952273587e-06, 6.135868261480937e-06, 6.132907856226666e-06, 6.142226538941031e-06], [6.1494233705161605e-06, 6.152943115012022e-06, 0.9999569654464722, 6.154668426461285e-06, 6.147346994112013e-06, 6.14453438174678e-06, 6.142975507827941e-06, 6.147024578240234e-06], [6.155853043310344e-06, 6.1633782024728134e-06, 6.151123216113774e-06, 0.9999568462371826, 6.15310636931099e-06, 6.1593764257850125e-06, 6.161609235277865e-06, 6.158278665679973e-06], [6.13455677012098e-06, 6.168253548821667e-06, 6.144979124655947e-06, 6.147874955786392e-06, 0.9999569654464722, 6.15931867287145e-06, 6.151487468741834e-06, 6.161151759442873e-06], [6.1572859522129875e-06, 6.1632899814867415e-06, 6.155653863970656e-06, 6.1711120906693395e-06, 6.150008630356751e-06, 0.9999568462371826, 6.172866051201709e-06, 6.153235517558642e-06], [6.157327334221918e-06, 6.161245437397156e-06, 6.152056812425144e-06, 6.152614332677331e-06, 6.14610416960204e-06, 6.151176421553828e-06, 0.9999569654464722, 6.147763087938074e-06], [6.170617780298926e-06, 6.185812708281446e-06, 6.169487733131973e-06, 6.189382929733256e-06, 6.175368071126286e-06, 6.183548066474032e-06, 6.1678520069108345e-06, 0.9999567270278931]], "mean_depth_distance": 0.04056858271360397}
{"kind": "key", "receiver_layer": 8, "sender_layers": [5, 6, 7, 8, 9, 10], "layer_weights": [0.1455717831850052, 0.1588849276304245, 0.17355599999427795, 0.18909014761447906, 0.17363566160202026, 0.15926146507263184], "head_mapping": [[0.9999568462371826, 6.162819317978574e-06, 6.162784302432556e-06, 6.162972113088472e-06, 6.163625130284345e-06, 6.163619218568783e-06, 6.162902081996435e-06, 6.163519174151588e-06], [6.162655154184904e-06, 0.9999568462371826, 6.161626515677199e-06, 6.1626847127627116e-06, 6.1629370975424536e-06, 6.164036676636897e-06, 6.16219676885521e-06, 6.162790214148117e-06], [6.166029834275832e-06, 6.166629191284301e-06, 0.9999568462371826, 6.164601018099347e-06, 6.167017545521958e-06, 6.1656887737626676e-06, 6.167488209030125e-06, 6.1643831941182725e-06], [6.164506885397714e-06, 6.162825684441486e-06, 6.1629370975424536e-06, 0.9999568462371826, 6.162784302432556e-06, 6.162954832689138e-06, 6.162772479001433e-06, 6.163466423458885e-06], [6.166999810375273e-06, 6.167323590489104e-06, 6.166888397274306e-06, 6.167253104649717e-06, 0.9999568462371826, 6.166929324535886e-06, 6.168241270643193e-06, 6.166347247926751e-06], [6.166018010844709e-06, 6.169406333356164e-06, 6.167841092974413e-06, 6.168488198454725e-06, 6.167323590489104e-06, 0.9999568462371826, 6.1681885199504904e-06, 6.167594165162882e-06], [6.165353624965064e-06, 6.166552793729352e-06, 6.167035280668642e-06, 6.16513580098399e-06, 6.16461284153047e-06, 6.164606475067558e-06, 0.9999568462371826, 6.164218575577252e-06], [6.162126283015823e-06, 6.162996214698069e-06, 6.16433044342557e-06, 6.162855243019294e-06, 6.16146826359909e-06, 6.161997134768171e-06, 6.16316083323909e-06, 0.9999568462371826]], "mean_depth_distance": 0.04057713598012924}
{"kind": "key", "receiver_layer": 9, "sender_layers": [6, 7, 8, 9, 10, 11], "layer_weights": [0.1456538438796997, 0.15909235179424286, 0.1729746013879776, 0.18872864544391632, 0.17402870953083038, 0.1595219075679779], "head_mapping": [[0.9999567270278931, 6.174991085572401e-06, 6.173560450406512e-06, 6.176870101626264e-06, 6.177164777909638e-06, 6.171700078994036e-06, 6.1746086430503055e-06, 6.169740572659066e-06], [6.159059466881445e-06, 0.9999568462371826, 6.158677933854051e-06, 6.1571213336719666e-06, 6.157086318125948e-06, 6.154092261567712e-06, 6.154503353172913e-06, 6.158037649584003e-06], [6.161861620057607e-06, 6.1607101997651625e-06, 0.9999568462371826, 6.164100796013372e-06, 6.162890258565312e-06, 6.1620376072824e-06, 6.162014415167505e-06, 6.16360739513766e-06], [6.167235369503032e-06, 6.168218078528298e-06, 6.164342266856693e-06, 0.9999568462371826, 6.167911578813801e-06, 6.166976163513027e-06, 6.16674697084818e-06, 6.169211701489985e-06], [6.162067165860208e-06, 6.162138106446946e-06, 6.1693476709479e-06, 6.164495061966591e-06, 0.9999568462371826, 6.163701527839294e-06, 6.1596169871336315e-06, 6.162978479551384e-06], [6.161820238048676e-06, 6.159387794468785e-06, 6.159399617899908e-06, 6.159593795018736e-06, 6.157591087685432e-06, 0.9999568462371826, 6.1590121731569525e-06, 6.1593764257850125e-06], [6.156886229291558e-06, 6.155406936159125e-06, 6.160768407426076e-06, 6.157262305350741e-06, 6.158883479656652e-06, 6.156798463052837e-06, 0.9999568462371826, 6.160663360788021e-06], [6.166394541651243e-06, 6.164912520034704e-06, 6.1647597249248065e-06, 6.162878435134189e-06, 6.164300884847762e-06, 6.166064849821851e-06, 6.166047569422517e-06, 0.9999568462371826]], "mean_depth_distance": 0.04060553014278412}
{"kind": "key", "receiver_layer": 10, "sender_layers": [8, 9, 10, 11, 12, 13], "layer_weights": [0.15865068137645721, 0.17343385517597198, 0.1897113174200058, 0.17302873730659485, 0.15905137360095978, 0.1461239755153656], "head_mapping": [[0.9999569654464722, 6.144861799839418e-06, 6.139473043731414e-06, 6.138840944913682e-06, 6.1487544371630065e-06, 6.146444320620503e-06, 6.143116024759365e-06, 6.141628091427265e-06], [6.156370091048302e-06, 0.9999568462371826, 6.159059466881445e-06, 6.147241037979256e-06, 6.154326911200769e-06, 6.15778481005691e-06, 6.153687081678072e-06, 6.151357410999481e-06], [6.162407771626022e-06, 6.1623845795111265e-06, 0.9999568462371826, 6.167970695969416e-06, 6.1697946875938214e-06, 6.161068540677661e-06, 6.173007477627834e-06, 6.174473583087092e-06], [6.155148639663821e-06, 6.155453775136266e-06, 6.153969025035622e-06, 0.9999568462371826, 6.157556072139414e-06, 6.158202268125024e-06, 6.154268248792505e-06, 6.153828053356847e-06], [6.166817911434919e-06, 6.176475835673045e-06, 6.163871603348525e-06, 6.163513262436027e-06, 0.9999568462371826, 6.17163050264935e-06, 6.16581837675767e-06, 6.167758783703903e-06], [6.168282652652124e-06, 6.165511877043173e-06, 6.1602459027199075e-06, 6.165959348436445e-06, 6.17027626503841e-06, 0.9999568462371826, 6.1633018049178645e-06, 6.1547143559437245e-06], [6.164148089737864e-06, 6.161215424071997e-06, 6.1577266023959965e-06, 6.161820238048676e-06, 6.1598288993991446e-06, 6.1657533478864934e-06, 0.9999568462371826, 6.162449153634952e-06], [6.168582331156358e-06, 6.1665823523071595e-06, 6.171959739731392e-06, 6.171665518195368e-06, 6.166335424495628e-06, 6.164300884847762e-06, 6.173113433760591e-06, 0.9999568462371826]], "mean_depth_distance": 0.040578246116638184}
{"kind": "key", "receiver_layer": 11, "sender_layers": [9, 10, 11, 12, 13, 14], "layer_weights": [0.15928849577903748, 0.17293360829353333, 0.18921449780464172, 0.17383064329624176, 0.15913912653923035, 0.14559361338615417], "head_mapping": [[0.9999567270278931, 6.170805590954842e-06, 6.171099812490866e-06, 6.1747850850224495e-06, 6.170005235617282e-06, 6.177860086609144e-06, 6.179250249260804e-06, 6.180175660119858e-06], [6.154397397040157e-06, 0.9999568462371826, 6.162219960970106e-06, 6.156986728456104e-06, 6.154221409815364e-06, 6.155665232654428e-06, 6.15457338426495e-06, 6.159129952720832e-06], [6.155958999443101e-06, 6.168694199004676e-06, 0.9999568462371826, 6.157380084914621e-06, 6.160857083159499e-06, 6.16553597865277e-06, 6.1630134950974025e-06, 6.161168130347505e-06], [6.1640189414902125e-06, 6.159869826660724e-06, 6.1604341681231745e-06, 0.9999568462371826, 6.164142178022303e-06, 6.165888407849707e-06, 6.163219040900003e-06, 6.1665941757382825e-06], [6.167076207930222e-06, 6.16931174590718e-06, 6.162255431263475e-06, 6.1734431255899835e-06, 0.9999568462371826, 6.167688297864515e-06, 6.170241249492392e-06, 6.166653292893898e-06], [6.153200956759974e-06, 6.1482855926442426e-06, 6.152180048957234e-06, 6.144932285678806e-06, 6.153611593617825e-06, 0.9999569654464722, 6.155630671855761e-06, 6.149850833025994e-06], [6.165823833725881e-06, 6.1604100665135775e-06, 6.158754331409e-06, 6.168717845866922e-06, 6.159916665637866e-06, 6.1669588831136934e-06, 0.9999568462371826, 6.15729732089676e-06], [6.161526471260004e-06, 6.1645596360904165e-06, 6.167752871988341e-06, 6.167217634356348e-06, 6.165959348436445e-06, 6.160492830531439e-06, 6.16070383330225e-06, 0.9999568462371826]], "mean_depth_distance": 0.040582865476608276}
{"kind": "key", "receiver_layer": 12, "sender_layers": [10, 11, 12, 13, 14, 15], "layer_weights": [0.15902401506900787, 0.17334172129631042, 0.1894775927066803, 0.1737680286169052, 0.1586715131998062, 0.14571717381477356], "head_mapping": [[0.9999568462371826, 6.154855327622499e-06, 6.155095888971118e-06, 6.166193998069502e-06, 6.164265869301744e-06, 6.154421043902403e-06, 6.157432835607324e-06, 6.161961209727451e-06], [6.176834631332895e-06, 0.9999567270278931, 6.176057013362879e-06, 6.165828835946741e-06, 6.176316219352884e-06, 6.176369424792938e-06, 6.175227099447511e-06, 6.181242497405037e-06], [6.158049473015126e-06, 6.158084488561144e-06, 0.9999568462371826, 6.159834356367355e-06, 6.153569756861543e-06, 6.1645832829526626e-06, 6.167017545521958e-06, 6.1629370975424536e-06], [6.170794677018421e-06, 6.166053026390728e-06, 6.173596830194583e-06, 0.9999568462371826, 6.1746445680910256e-06, 6.170771030156175e-06, 6.177695468068123e-06, 6.16894749327912e-06], [6.173713700263761e-06, 6.167669653223129e-06, 6.170205779199023e-06, 6.169728749227943e-06, 0.9999567270278931, 6.163665148051223e-06, 6.169711014081258e-06, 6.1701348386122845e-06], [6.1641471802431624e-06, 6.165358172438573e-06, 6.157144071039511e-06, 6.174125246616313e-06, 6.164882051962195e-06, 0.9999567270278931, 6.163183570606634e-06, 6.169629159558099e-06], [6.1656651269004215e-06, 6.171489076223224e-06, 6.168723757582484e-06, 6.169399966893252e-06, 6.163583748275414e-06, 6.167941137391608e-06, 0.9999568462371826, 6.167876563267782e-06], [6.154445145512e-06, 6.145729003037559e-06, 6.1484784055210184e-06, 6.146180567156989e-06, 6.14925875197514e-06, 6.14987447988824e-06, 6.141124686109833e-06, 0.9999569654464722]], "mean_depth_distance": 0.040561493486166}
{"kind": "key", "receiver_layer": 13, "sender_layers": [10, 11, 12, 13, 14, 15], "layer_weights": [0.1461503505706787, 0.15930120646953583, 0.17276667058467865, 0.1893356740474701, 0.17297260463237762, 0.15947343409061432], "head_mapping": [[0.9999568462371826, 6.159722943266388e-06, 6.165241757116746e-06, 6.169288553792285e-06, 6.154585207696073e-06, 6.1701471167907584e-06, 6.160751127026742e-06, 6.161079909361433e-06], [6.156340987217845e-06, 0.9999569654464722, 6.150367426016601e-06, 6.157967618491966e-06, 6.152004061732441e-06, 6.162609224702464e-06, 6.155372375360457e-06, 6.15171620665933e-06], [6.156980361993192e-06, 6.151791694719577e-06, 0.9999568462371826, 6.161538294691127e-06, 6.162884346849751e-06, 6.161891178635415e-06, 6.158284122648183e-06, 6.154802122182446e-06], [6.161174496810418e-06, 6.1632899814867415e-06, 6.163472335174447e-06, 0.9999568462371826, 6.165524155221647e-06, 6.1581549744005315e-06, 6.16465376879205e-06, 6.160516022646334e-06], [6.142612164694583e-06, 6.138518983789254e-06, 6.140901859907899e-06, 6.150361059553688e-06, 0.9999569654464722, 6.137821856100345e-06, 6.145043698779773e-06, 6.155043593025766e-06], [6.1809773796994705e-06, 6.180453056003898e-06, 6.184591711644316e-06, 6.176045644679107e-06, 6.178095190989552e-06, 0.9999567270278931, 6.1811656451027375e-06, 6.184509402373806e-06], [6.171641871333122e-06, 6.16842953604646e-06, 6.166358616610523e-06, 6.171547738631489e-06, 6.162948920973577e-06, 6.170100277813617e-06, 0.9999568462371826, 6.173608198878355e-06], [6.169263997435337e-06, 6.176363513077376e-06, 6.171311724756379e-06, 6.168699201225536e-06, 6.173442670842633e-06, 6.169040261738701e-06, 6.169640982989222e-06, 0.9999567270278931]], "mean_depth_distance": 0.04062112793326378}
{"kind": "key", "receiver_layer": 14, "sender_layers": [12, 13, 14, 15, 16, 17], "layer_weights": [0.15882667899131775, 0.1733677089214325, 0.18921007215976715, 0.17293137311935425, 0.15974317491054535, 0.14592097699642181], "head_mapping": [[0.9999567270278931, 6.170294000185095e-06, 6.176528131618397e-06, 6.168122581584612e-06, 6.172094344947254e-06, 6.1573377934109885e-06, 6.1626487877219915e-06, 6.169928838062333e-06], [6.163701527839294e-06, 0.9999568462371826, 6.160152224765625e-06, 6.158378255349817e-06, 6.162138106446946e-06, 6.161891178635415e-06, 6.1664941313210875e-06, 6.175869657454314e-06], [6.1571213336719666e-06, 6.15713315710309e-06, 0.9999568462371826, 6.1805003497283906e-06, 6.15412727711373e-06, 6.166723778733285e-06, 6.176658644108102e-06, 6.169811967993155e-06], [6.163242233014898e-06, 6.169687821966363e-06, 6.1693581301369704e-06, 0.9999567270278931, 6.17419027548749e-06, 6.171029326651478e-06, 6.168193067423999e-06, 6.165123522805516e-06], [6.169499556563096e-06, 6.171017503220355e-06, 6.1674754761043005e-06, 6.182380730024306e-06, 0.9999567270278931, 6.1674754761043005e-06, 6.170905635372037e-06, 6.186090104165487e-06], [6.1483378885895945e-06, 6.169348125695251e-06, 6.1385126173263416e-06, 6.144563485577237e-06, 6.140339792182203e-06, 0.9999569654464722, 6.152848982310388e-06, 6.152344212750904e-06], [6.159387794468785e-06, 6.1614796322828624e-06, 6.159071290312568e-06, 6.154391485324595e-06, 6.154925813461887e-06, 6.17159457760863e-06, 0.9999568462371826, 6.156451945571462e-06], [6.164029855426634e-06, 6.179462616273668e-06, 6.161279543448472e-06, 6.178896910569165e-06, 6.1625369198736735e-06, 6.172294888528995e-06, 6.172724624775583e-06, 0.9999567270278931]], "mean_depth_distance": 0.04060576111078262}
{"kind": "key", "receiver_layer": 15, "sender_layers": [12, 13, 14, 15, 16, 17], "layer_weights": [0.14631196856498718, 0.1580805629491806, 0.17352180182933807, 0.18932369351387024, 0.17370730638504028, 0.1590547114610672], "head_mapping": [[0.9999567270278931, 6.17621662968304e-06, 6.174514055601321e-06, 6.164717433421174e-06, 6.166075763758272e-06, 6.17179466644302e-06, 6.178095190989552e-06, 6.173925157781923e-06], [6.163395482872147e-06, 0.9999568462371826, 6.154960829007905e-06, 6.160527846077457e-06, 6.159493750601541e-06, 6.162737463455414e-06, 6.158648375276243e-06, 6.161938017612556e-06], [6.1701466620434076e-06, 6.168569598230533e-06, 0.9999567270278931, 6.173831479827641e-06, 6.170287633722182e-06, 6.167381798150018e-06, 6.17123532720143e-06, 6.170228971313918e-06], [6.164065780467354e-06, 6.154585207696073e-06, 6.1569335230160505e-06, 0.9999568462371826, 6.152906735223951e-06, 6.160945304145571e-06, 6.160809789435007e-06, 6.158625183161348e-06], [6.1626728893315885e-06, 6.162431873235619e-06, 6.161338660604088e-06, 6.167611900309566e-06, 0.9999568462371826, 6.163866146380315e-06, 6.162655154184904e-06, 6.158184532978339e-06], [6.176075203256914e-06, 6.172230314405169e-06, 6.1793152781319804e-06, 6.175721409817925e-06, 6.1747732615913264e-06, 0.9999567270278931, 6.1759747040923685e-06, 6.1811897467123345e-06], [6.171711902425159e-06, 6.164823389553931e-06, 6.165928880363936e-06, 6.170958840812091e-06, 6.16907573203207e-06, 6.171611858007964e-06, 0.9999567270278931, 6.170370397740044e-06], [6.15685121374554e-06, 6.160844804981025e-06, 6.156546078273095e-06, 6.158378255349817e-06, 6.159910753922304e-06, 6.1581667978316545e-06, 6.16102170170052e-06, 0.9999568462371826]], "mean_depth_distance": 0.04058387130498886}
{"kind": "key", "receiver_layer": 16, "sender_layers": [13, 14, 15, 16, 17, 18], "layer_weights": [0.14550478756427765, 0.15939883887767792, 0.17404648661613464, 0.18887938559055328, 0.1736050248146057, 0.15856556594371796], "head_mapping": [[0.9999567270278931, 6.175162070576334e-06, 6.1864084273111075e-06, 6.166511411720421e-06, 6.180511718412163e-06, 6.189005034684669e-06, 6.174920144985663e-06, 6.185152415127959e-06], [6.148648935777601e-06, 0.9999569654464722, 6.159071745059919e-06, 6.149657565401867e-06, 6.149786713649519e-06, 6.159294571261853e-06, 6.148542979644844e-06, 6.1587957134179305e-06], [6.16979377809912e-06, 6.166275852592662e-06, 0.9999567270278931, 6.167440460558282e-06, 6.1699583966401406e-06, 6.164123988128267e-06, 6.169064363348298e-06, 6.1735195231449325e-06], [6.163983925944194e-06, 6.1581549744005315e-06, 6.162866611703066e-06, 0.9999568462371826, 6.169841526570963e-06, 6.158907126518898e-06, 6.146807209006511e-06, 6.169164862512844e-06], [6.163466423458885e-06, 6.152196874609217e-06, 6.1631253629457206e-06, 6.162173121992964e-06, 0.9999568462371826, 6.160592420201283e-06, 6.155929440865293e-06, 6.168735126266256e-06], [6.165758350107353e-06, 6.1693699535680935e-06, 6.159575605124701e-06, 6.170464075694326e-06, 6.165358172438573e-06, 0.9999567270278931, 6.172094344947254e-06, 6.169040261738701e-06], [6.152883088361705e-06, 6.162090812722454e-06, 6.164689239085419e-06, 6.157990355859511e-06, 6.15473754805862e-06, 6.161920737213222e-06, 0.9999568462371826, 6.156880772323348e-06], [6.159681561257457e-06, 6.16417173660011e-06, 6.165559170767665e-06, 6.165059403429041e-06, 6.165841568872565e-06, 6.16191437075031e-06, 6.169006155687384e-06, 0.9999568462371826]], "mean_depth_distance": 0.040574125945568085}
{"kind": "key", "receiver_layer": 17, "sender_layers": [14, 15, 16, 17, 18, 19], "layer_weights": [0.14570659399032593, 0.159157857298851, 0.17365120351314545, 0.18879471719264984, 0.17366091907024384, 0.15902872383594513], "head_mapping": [[0.9999568462371826, 6.150565695861587e-06, 6.149064574856311e-06, 6.1457344600057695e-06, 6.147305612103082e-06, 6.162537374621024e-06, 6.1643831941182725e-06, 6.159987151477253e-06], [6.1766472754243296e-06, 0.9999568462371826, 6.174032478156732e-06, 6.176281658554217e-06, 6.188746283442015e-06, 6.170064807520248e-06, 6.189903615450021e-06, 6.160751127026742e-06], [6.150126864667982e-06, 6.1500682022597175e-06, 0.9999569654464722, 6.157474672363605e-06, 6.152514288260136e-06, 6.1431628637365066e-06, 6.140685400168877e-06, 6.1439482124114875e-06], [6.20116315985797e-06, 6.198904429766117e-06, 6.199619747349061e-06, 0.9999566078186035, 6.197102266014554e-06, 6.197309176059207e-06, 6.189942723722197e-06, 6.20073751633754e-06], [6.16385341345449e-06, 6.180228865559911e-06, 6.171405857458012e-06, 6.161726105347043e-06, 0.9999567270278931, 6.180547188705532e-06, 6.174137070047436e-06, 6.1560281210404355e-06], [6.175469025038183e-06, 6.172501343826298e-06, 6.160762950457865e-06, 6.173172550916206e-06, 6.175380804052111e-06, 0.9999568462371826, 6.180418495205231e-06, 6.162085355754243e-06], [6.154727088869549e-06, 6.150900844659191e-06, 6.144704457256012e-06, 6.131562258815393e-06, 6.149047749204328e-06, 6.14024565948057e-06, 0.9999569654464722, 6.140901859907899e-06], [6.1548385019705165e-06, 6.14901273365831e-06, 6.145137376734056e-06, 6.149047749204328e-06, 6.150907211122103e-06, 6.15619455857086e-06, 6.1588839344040025e-06, 0.9999569654464722]], "mean_depth_distance": 0.040594425052404404}
{"kind": "key", "receiver_layer": 18, "sender_layers": [16, 17, 18, 19, 20, 21], "layer_weights": [0.1592748910188675, 0.1733243763446808, 0.18910761177539825, 0.17354567348957062, 0.1591748744249344, 0.14557257294654846], "head_mapping": [[0.9999567270278931, 6.14516511632246e-06, 6.186750852066325e-06, 6.167040282889502e-06, 6.179167939990293e-06, 6.167787432787009e-06, 6.169781954667997e-06, 6.179745469125919e-06], [6.170593678689329e-06, 0.9999567270278931, 6.166775619931286e-06, 6.17808382230578e-06, 6.183730874909088e-06, 6.1798637034371495e-06, 6.18876947555691e-06, 6.182893685036106e-06], [6.1839373302063905e-06, 6.171711902425159e-06, 0.9999567270278931, 6.1702348830294795e-06, 6.1688051573582925e-06, 6.166405455587665e-06, 6.1656051002501044e-06, 6.1761866163578816e-06], [6.159622898849193e-06, 6.159199983812869e-06, 6.160779776109848e-06, 0.9999567270278931, 6.168722848087782e-06, 6.180582658998901e-06, 6.177070190460654e-06, 6.150876288302243e-06], [6.1557479966722894e-06, 6.151593424874591e-06, 6.15480939814006e-06, 6.160993052617414e-06, 0.9999569654464722, 6.14823829891975e-06, 6.174127065605717e-06, 6.149035925773205e-06], [6.1436435316863935e-06, 6.140661753306631e-06, 6.144170583866071e-06, 6.1576620282721706e-06, 6.136048796179239e-06, 0.9999569654464722, 6.134462637419347e-06, 6.141885933175217e-06], [6.160716111480724e-06, 6.161597411846742e-06, 6.1551550061267335e-06, 6.161562396300724e-06, 6.168882464407943e-06, 6.163683792692609e-06, 0.9999568462371826, 6.149152341095032e-06], [6.1650239331356715e-06, 6.15604085396626e-06, 6.1567047850985546e-06, 6.16058059677016e-06, 6.166800176288234e-06, 6.159599706734298e-06, 6.158131327538285e-06, 0.9999568462371826]], "mean_depth_distance": 0.04058536887168884}
{"kind": "key", "receiver_layer": 19, "sender_layers": [17, 18, 19, 20, 21, 22], "layer_weights": [0.15895649790763855, 0.1743033528327942, 0.18918226659297943, 0.1731819063425064, 0.1588936448097229, 0.14548233151435852], "head_mapping": [[0.9999569654464722, 6.1439482124114875e-06, 6.1441883190127555e-06, 6.15619455857086e-06, 6.1594123508257326e-06, 6.15607677900698e-06, 6.1423779698088765e-06, 6.14799182585557e-06], [6.162349563965108e-06, 0.9999568462371826, 6.164060323499143e-06, 6.153000867925584e-06, 6.165112608869094e-06, 6.145043244032422e-06, 6.159587883303175e-06, 6.173996553116012e-06], [6.165723789308686e-06, 6.159341864986345e-06, 0.9999568462371826, 6.171547738631489e-06, 6.1559358073282056e-06, 6.162138106446946e-06, 6.155465598567389e-06, 6.150911758595612e-06], [6.155253686301876e-06, 6.160327757243067e-06, 6.1574260143970605e-06, 0.9999567270278931, 6.177176601340761e-06, 6.181030585139524e-06, 6.1592932070198e-06, 6.178248440846801e-06], [6.139812285255175e-06, 6.142957772681257e-06, 6.165348167996854e-06, 6.157756160973804e-06, 0.9999569654464722, 6.1420496422215365e-06, 6.1359373830782715e-06, 6.144932285678806e-06], [6.147698968561599e-06, 6.146831310616108e-06, 6.133235274319304e-06, 6.142705842648866e-06, 6.162491445138585e-06, 0.9999569654464722, 6.1440359786502086e-06, 6.157785264804261e-06], [6.170430424390361e-06, 6.149598902993603e-06, 6.15607677900698e-06, 6.1532241488748696e-06, 6.156569725135341e-06, 6.147892236185726e-06, 0.9999569654464722, 6.151476100058062e-06], [6.170028882479528e-06, 6.172547728056088e-06, 6.181955995998578e-06, 6.172889698063955e-06, 6.181053777254419e-06, 6.188934548845282e-06, 6.174042937345803e-06, 0.9999567270278931]], "mean_depth_distance": 0.04056094214320183}
{"kind": "key", "receiver_layer": 20, "sender_layers": [18, 19, 20, 21, 22, 23], "layer_weights": [0.159015491604805, 0.1735621690750122, 0.1894647479057312, 0.1733514815568924, 0.15880167484283447, 0.14580440521240234], "head_mapping": [[0.9999568462371826, 6.1500322772189975e-06, 6.1507889768108726e-06, 6.164336355141131e-06, 6.1611626733792946e-06, 6.172877874632832e-06, 6.17426212556893e-06, 6.15887756794109e-06], [6.134936938906321e-06, 0.9999569654464722, 6.135164767329115e-06, 6.149927230580943e-06, 6.140298410173273e-06, 6.144721737655345e-06, 6.142483016446931e-06, 6.14078453509137e-06], [6.12991425441578e-06, 6.134276645752834e-06, 0.9999570846557617, 6.11844370723702e-06, 6.116179974924307e-06, 6.133223905635532e-06, 6.126337666501058e-06, 6.131913323770277e-06], [6.176199349283706e-06, 6.164947535580723e-06, 6.1666942201554775e-06, 0.9999568462371826, 6.179097908898257e-06, 6.160575139801949e-06, 6.1797995840606745e-06, 6.17525711277267e-06], [6.169559128466062e-06, 6.165289050841238e-06, 6.158172709547216e-06, 6.178874173201621e-06, 0.9999568462371826, 6.171653694764245e-06, 6.146689884189982e-06, 6.151709840196418e-06], [6.157215921120951e-06, 6.150643002911238e-06, 6.14925875197514e-06, 6.135194325906923e-06, 6.139754077594262e-06, 0.9999569654464722, 6.143625796539709e-06, 6.1552668739750516e-06], [6.17657588009024e-06, 6.162295903777704e-06, 6.165434569993522e-06, 6.162137651699595e-06, 6.174125246616313e-06, 6.18073590885615e-06, 0.9999567270278931, 6.162073077575769e-06], [6.137577656772919e-06, 6.124479568825336e-06, 6.125145773694385e-06, 6.135165676823817e-06, 6.130925612524152e-06, 6.1367345551843755e-06, 6.134545856184559e-06, 0.9999570846557617]], "mean_depth_distance": 0.040570326149463654}
{"kind": "key", "receiver_layer": 21, "sender_layers": [18, 19, 20, 21, 22, 23], "layer_weights": [0.14637787640094757, 0.1591845154762268, 0.173015758395195, 0.18942388892173767, 0.17344491183757782, 0.15855298936367035], "head_mapping": [[0.9999569654464722, 6.126219886937179e-06, 6.127937922428828e-06, 6.139145170891425e-06, 6.150150511530228e-06, 6.125238542153966e-06, 6.131351710791932e-06, 6.150513854663586e-06], [6.169758762553101e-06, 0.9999568462371826, 6.17934574620449e-06, 6.155195478640962e-06, 6.17577552475268e-06, 6.15493763689301e-06, 6.1572859522129875e-06, 6.1676355471718125e-06], [6.199390099936863e-06, 6.18029980614665e-06, 0.9999567270278931, 6.173878773552133e-06, 6.164558726595715e-06, 6.179580395837547e-06, 6.18826152276597e-06, 6.1736077441310044e-06], [6.1654768614971545e-06, 6.144732196844416e-06, 6.162067165860208e-06, 0.9999568462371826, 6.168218078528298e-06, 6.15045428276062e-06, 6.157591087685432e-06, 6.14408781984821e-06], [6.152301921247272e-06, 6.1604341681231745e-06, 6.169641892483924e-06, 6.165224021970062e-06, 0.9999568462371826, 6.171747827465879e-06, 6.1542859839391895e-06, 6.160481007100316e-06], [6.137968739494681e-06, 6.143280188553035e-06, 6.148625288915355e-06, 6.143942300695926e-06, 6.143233349575894e-06, 0.9999569654464722, 6.129410849098349e-06, 6.1371429183054715e-06], [6.175320322654443e-06, 6.202843451319495e-06, 6.1829159676562995e-06, 6.197444690769771e-06, 6.183741788845509e-06, 6.200151801749598e-06, 0.9999566078186035, 6.203144494065782e-06], [6.136399406386772e-06, 6.142956863186555e-06, 6.184032372402726e-06, 6.168076652102172e-06, 6.176494025567081e-06, 6.150841727503575e-06, 6.142288839328103e-06, 0.9999568462371826]], "mean_depth_distance": 0.04060198739171028}
