{"kind": "key", "receiver_layer": 0, "sender_layers": [0, 1, 2, 3, 4, 5], "layer_weights": [0.21692271530628204, 0.19356383383274078, 0.1730581820011139, 0.15451104938983917, 0.13791188597679138, 0.12403225898742676], "head_mapping": [[0.9999567270278931, 6.173195743031101e-06, 6.156315976113547e-06, 6.160950306366431e-06, 6.166063940327149e-06, 6.15405042481143e-06, 6.183789537317352e-06, 6.210414085217053e-06], [6.1650239331356715e-06, 0.9999568462371826, 6.184592621139018e-06, 6.169529569888255e-06, 6.166276762087364e-06, 6.172995654196711e-06, 6.1463151723728515e-06, 6.164842034195317e-06], [6.202961230883375e-06, 6.192192813614383e-06, 0.9999566078186035, 6.199247309268685e-06, 6.202985332492972e-06, 6.2214271565608215e-06, 6.19592583461781e-06, 6.1957248362887185e-06], [6.21637354925042e-06, 6.219320766831515e-06, 6.213043434399879e-06, 0.999956488609314, 6.226840014278423e-06, 6.212598691490712e-06, 6.24910717306193e-06, 6.224684966582572e-06], [6.210205356182996e-06, 6.2264775806397665e-06, 6.2173935475584585e-06, 6.2305230130732525e-06, 0.999956488609314, 6.216071142262081e-06, 6.221717740118038e-06, 6.227012363524409e-06], [6.209957064129412e-06, 6.196835784066934e-06, 6.193692570377607e-06, 6.201180895004654e-06, 6.232300620467868e-06, 0.9999566078186035, 6.203316388564417e-06, 6.211912022990873e-06], [6.189878604345722e-06, 6.189377018017694e-06, 6.176793704071315e-06, 6.190398380567785e-06, 6.167252195155015e-06, 6.1591522353410255e-06, 0.9999567270278931, 6.176787337608403e-06], [6.2018129938223865e-06, 6.1985847423784435e-06, 6.223277978278929e-06, 6.21133085587644e-06, 6.2271546994452365e-06, 6.2092581174511e-06, 6.209814273461234e-06, 0.999956488609314]], "mean_depth_distance": 0.08055637776851654}
{"kind": "key", "receiver_layer": 1, "sender_layers": [0, 1, 2, 3, 4, 5], "layer_weights": [0.188996359705925, 0.20142878592014313, 0.17911985516548157, 0.16004163026809692, 0.14294932782649994, 0.12746411561965942], "head_mapping": [[0.9999566078186035, 6.197007223818218e-06, 6.196227332111448e-06, 6.197084076120518e-06, 6.204588316904847e-06, 6.190367912495276e-06, 6.188626684888732e-06, 6.198851679073414e-06], [6.186290192999877e-06, 0.9999566078186035, 6.181135631777579e-06, 6.193344233906828e-06, 6.184567610034719e-06, 6.196635240485193e-06, 6.203553311934229e-06, 6.1829277910874225e-06], [6.204221790540032e-06, 6.207517799339257e-06, 0.9999566078186035, 6.208856575540267e-06, 6.19965521764243e-06, 6.2065350903139915e-06, 6.203393240866717e-06, 6.204008514032466e-06], [6.2124868236423936e-06, 6.189984105731128e-06, 6.20752962277038e-06, 0.9999566078186035, 6.19389948042226e-06, 6.1945611378178e-06, 6.1923165048938245e-06, 6.193798981257714e-06], [6.192192813614383e-06, 6.194105935719563e-06, 6.195394234964624e-06, 6.189854047988774e-06, 0.9999566078186035, 6.193031367729418e-06, 6.194915386004141e-06, 6.1944842855155e-06], [6.176987426442793e-06, 6.1858659137215e-06, 6.187706730997888e-06, 6.188001862028614e-06, 6.183842742757406e-06, 0.9999567270278931, 6.179167939990293e-06, 6.183247478475096e-06], [6.191501597641036e-06, 6.191584361658897e-06, 6.186455266288249e-06, 6.188367478898726e-06, 6.194425168359885e-06, 6.190562544361455e-06, 0.9999566078186035, 6.189417490531923e-06], [6.197095899551641e-06, 6.1974151321919635e-06, 6.199708423082484e-06, 6.191141437739134e-06, 6.195642527018208e-06, 6.203990778885782e-06, 6.2077847360342275e-06, 0.9999566078186035]], "mean_depth_distance": 0.06552137434482574}
{"kind": "key", "receiver_layer": 2, "sender_layers": [0, 1, 2, 3, 4, 5], "layer_weights": [0.16680017113685608, 0.1879841387271881, 0.18959815800189972, 0.16953051090240479, 0.15078586339950562, 0.13530123233795166], "head_mapping": [[0.9999567270278931, 6.18073590885615e-06, 6.190150088514201e-06, 6.178779131005285e-06, 6.19392994849477e-06, 6.172571374918334e-06, 6.177399882290047e-06, 6.1890759752714075e-06], [6.218229373189388e-06, 0.999956488609314, 6.220804152690107e-06, 6.225991000974318e-06, 6.219955594133353e-06, 6.224933713383507e-06, 6.219320766831515e-06, 6.211200343386736e-06], [6.180510808917461e-06, 6.196185950102517e-06, 0.9999566078186035, 6.196517006173963e-06, 6.198975370352855e-06, 6.186467089719372e-06, 6.207151272974443e-06, 6.201719315868104e-06], [6.205233148648404e-06, 6.204416877153562e-06, 6.213215328898514e-06, 0.9999566078186035, 6.203008979355218e-06, 6.203582415764686e-06, 6.195843070599949e-06, 6.194059096742421e-06], [6.200938514666632e-06, 6.18268040852854e-06, 6.201731139299227e-06, 6.1931373238621745e-06, 0.9999566078186035, 6.213013875822071e-06, 6.210940227902029e-06, 6.208773356775055e-06], [6.198549272085074e-06, 6.20042965238099e-06, 6.204646979313111e-06, 6.222299361979822e-06, 6.233357908058679e-06, 0.999956488609314, 6.235593446035637e-06, 6.204090368555626e-06], [6.189393843669677e-06, 6.1840014495828655e-06, 6.18712783762021e-06, 6.188060524436878e-06, 6.191761258378392e-06, 6.180015589052346e-06, 0.9999566078186035, 6.202618351380806e-06], [6.210229457792593e-06, 6.2095068642520346e-06, 6.213417236722307e-06, 6.216178917384241e-06, 6.205132649483858e-06, 6.208731520018773e-06, 6.1911709963169415e-06, 0.9999566078186035]], "mean_depth_distance": 0.056717000901699066}
{"kind": "key", "receiver_layer": 3, "sender_layers": [0, 1, 2, 3, 4, 5], "layer_weights": [0.15108650922775269, 0.17028231918811798, 0.18960730731487274, 0.181505024433136, 0.16245658695697784, 0.14506229758262634], "head_mapping": [[0.9999566078186035, 6.1933856159157585e-06, 6.197374204930384e-06, 6.195281912368955e-06, 6.207837941474281e-06, 6.197037237143377e-06, 6.1912592173030134e-06, 6.200826192070963e-06], [6.1846862990933005e-06, 0.9999567270278931, 6.171959284984041e-06, 6.1870455283496995e-06, 6.17570367467124e-06, 6.188828137965174e-06, 6.189938176248688e-06, 6.174313966766931e-06], [6.199560630193446e-06, 6.194886282173684e-06, 0.9999566078186035, 6.1970308706804644e-06, 6.194708475959487e-06, 6.198822120495606e-06, 6.2094713939586654e-06, 6.188885890878737e-06], [6.196227332111448e-06, 6.203198154253187e-06, 6.204073542903643e-06, 0.9999566078186035, 6.207151272974443e-06, 6.199164545250824e-06, 6.2047365645412356e-06, 6.213375399966026e-06], [6.195914011186687e-06, 6.196150025061797e-06, 6.198816208780045e-06, 6.197037237143377e-06, 0.9999566078186035, 6.205008503457066e-06, 6.202280928846449e-06, 6.197184575285064e-06], [6.180452146509197e-06, 6.185169240779942e-06, 6.189523901412031e-06, 6.191897227836307e-06, 6.196486992848804e-06, 0.9999566078186035, 6.183918685565004e-06, 6.181719072628766e-06], [6.1874816310591996e-06, 6.190757630974986e-06, 6.186201517266454e-06, 6.189157375047216e-06, 6.197953098308062e-06, 6.2018611970415805e-06, 0.9999566078186035, 6.2024819271755405e-06], [6.190255589899607e-06, 6.1946316236571874e-06, 6.189429313963046e-06, 6.181913704494946e-06, 6.18971853327821e-06, 6.184739049786003e-06, 6.196989488671534e-06, 0.9999566078186035]], "mean_depth_distance": 0.05262813717126846}
{"kind": "key", "receiver_layer": 4, "sender_layers": [1, 2, 3, 4, 5, 6], "layer_weights": [0.1551087498664856, 0.17397664487361908, 0.19444219768047333, 0.17709895968437195, 0.15804484486579895, 0.14132867753505707], "head_mapping": [[0.9999566078186035, 6.20902210357599e-06, 6.196735284902388e-06, 6.195695732458262e-06, 6.205635600053938e-06, 6.210430910869036e-06, 6.209566436155001e-06, 6.209388629940804e-06], [6.1994601310289e-06, 0.9999566078186035, 6.213641881913645e-06, 6.186231530591613e-06, 6.210277206264436e-06, 6.198999017215101e-06, 6.212498647073517e-06, 6.204854798852466e-06], [6.199010840646224e-06, 6.1971909417479765e-06, 0.9999566078186035, 6.194944944581948e-06, 6.204535111464793e-06, 6.20529272055137e-06, 6.206926173035754e-06, 6.201121777849039e-06], [6.206766556715593e-06, 6.20158925812575e-06, 6.210247647686629e-06, 0.9999566078186035, 6.1917794482724275e-06, 6.215449502633419e-06, 6.1921041378809605e-06, 6.204410965438001e-06], [6.190940894157393e-06, 6.196174126671394e-06, 6.199944891704945e-06, 6.209827006387059e-06, 0.9999566078186035, 6.1876180552644655e-06, 6.188202405610355e-06, 6.198810297064483e-06], [6.206997568369843e-06, 6.211295840330422e-06, 6.206926173035754e-06, 6.21358276475803e-06, 6.218941962288227e-06, 0.9999566078186035, 6.215656867425423e-06, 6.203280918271048e-06], [6.2140802583599e-06, 6.20579567112145e-06, 6.2041799537837505e-06, 6.2001990954740904e-06, 6.216131623659749e-06, 6.202050371939549e-06, 0.9999566078186035, 6.1971909417479765e-06], [6.195701189426472e-06, 6.20360015091137e-06, 6.19879847363336e-06, 6.201790256454842e-06, 6.190917247295147e-06, 6.205363661138108e-06, 6.192286946316017e-06, 0.9999566078186035]], "mean_depth_distance": 0.052051931619644165}
{"kind": "key", "receiver_layer": 5, "sender_layers": [1, 2, 3, 4, 5, 6], "layer_weights": [0.14221471548080444, 0.16032759845256805, 0.17803409695625305, 0.1928722858428955, 0.17225317656993866, 0.15429820120334625], "head_mapping": [[0.9999566078186035, 6.194602519826731e-06, 6.204594228620408e-06, 6.199247309268685e-06, 6.2000985963095445e-06, 6.206079888215754e-06, 6.198183655214962e-06, 6.203020802786341e-06], [6.201459200383397e-06, 0.9999566078186035, 6.192570253915619e-06, 6.203913926583482e-06, 6.20775517745642e-06, 6.2047129176789895e-06, 6.204133114806609e-06, 6.1982959778106306e-06], [6.206653779372573e-06, 6.2058784351393115e-06, 0.9999566078186035, 6.205351837706985e-06, 6.206156740518054e-06, 6.20116315985797e-06, 6.208145805430831e-06, 6.205263161973562e-06], [6.199779363669222e-06, 6.20529817751958e-06, 6.200441930559464e-06, 0.9999566078186035, 6.204156761668855e-06, 6.198963546921732e-06, 6.203837074281182e-06, 6.19759293840616e-06], [6.191389275045367e-06, 6.203304565133294e-06, 6.19381717115175e-06, 6.195287369337166e-06, 0.9999566078186035, 6.1995369833312e-06, 6.203156317496905e-06, 6.195382411533501e-06], [6.203588327480247e-06, 6.1997379816602916e-06, 6.1986329455976374e-06, 6.200742973305751e-06, 6.204913916008081e-06, 0.9999566078186035, 6.20070159129682e-06, 6.2017365962674376e-06], [6.204748387972359e-06, 6.202932127052918e-06, 6.2044641708780546e-06, 6.20745277046808e-06, 6.201807991601527e-06, 6.1951400311954785e-06, 0.9999566078186035, 6.194886282173684e-06], [6.190975909703411e-06, 6.19218099018326e-06, 6.182350261951797e-06, 6.195394234964624e-06, 6.188001407281263e-06, 6.183370260259835e-06, 6.195482455950696e-06, 0.9999566078186035]], "mean_depth_distance": 0.05228639394044876}
{"kind": "key", "receiver_layer": 6, "sender_layers": [2, 3, 4, 5, 6, 7], "layer_weights": [0.14624302089214325, 0.16335268318653107, 0.1833079606294632, 0.18769708275794983, 0.16917623579502106, 0.15022297203540802], "head_mapping": [[0.9999566078186035, 6.207571459526662e-06, 6.212492280610604e-06, 6.216795100044692e-06, 6.213641881913645e-06, 6.202003078215057e-06, 6.225422112038359e-06, 6.21629123997991e-06], [6.179073352541309e-06, 0.9999567270278931, 6.175244379846845e-06, 6.186290647747228e-06, 6.178890998853603e-06, 6.177635896165157e-06, 6.184043741086498e-06, 6.176911028887844e-06], [6.198502887855284e-06, 6.1957130128575955e-06, 0.9999566078186035, 6.199046310939593e-06, 6.197179118316853e-06, 6.201601081556873e-06, 6.192003183969064e-06, 6.196091362653533e-06], [6.2261810853669886e-06, 6.20387709204806e-06, 6.215928806341253e-06, 0.999956488609314, 6.208583272382384e-06, 6.201955329743214e-06, 6.204463261383353e-06, 6.202629720064579e-06], [6.202062195370672e-06, 6.2061803873803e-06, 6.200926691235509e-06, 6.206452781043481e-06, 0.9999566078186035, 6.210395895323018e-06, 6.211811069078976e-06, 6.198277787916595e-06], [6.21865092398366e-06, 6.212385869730497e-06, 6.2244471337180585e-06, 6.221984676813008e-06, 6.222138836164959e-06, 0.999956488609314, 6.229317023098702e-06, 6.217280770215439e-06], [6.191820830281358e-06, 6.204227247508243e-06, 6.192375167302089e-06, 6.21898971076007e-06, 6.202565145940753e-06, 6.207435490068747e-06, 0.9999566078186035, 6.202464646776207e-06], [6.200500592967728e-06, 6.197581114975037e-06, 6.200944426382193e-06, 6.197114089445677e-06, 6.198822120495606e-06, 6.2054937188804615e-06, 6.210034371179063e-06, 0.9999566078186035]], "mean_depth_distance": 0.052727263420820236}
{"kind": "key", "receiver_layer": 7, "sender_layers": [3, 4, 5, 6, 7, 8], "layer_weights": [0.15001359581947327, 0.16717897355556488, 0.18835629522800446, 0.18321847915649414, 0.16469433903694153, 0.14653833210468292], "head_mapping": [[0.9999566078186035, 6.211295840330422e-06, 6.21113576926291e-06, 6.216991096152924e-06, 6.213067536009476e-06, 6.206275429576635e-06, 6.212077551026596e-06, 6.214382665348239e-06], [6.2149983932613395e-06, 0.999956488609314, 6.213961569301318e-06, 6.214328550413484e-06, 6.2130316109687556e-06, 6.213273991306778e-06, 6.214032055140706e-06, 6.207907972566318e-06], [6.187564849824412e-06, 6.191873580974061e-06, 0.9999566078186035, 6.198361006681807e-06, 6.193220087880036e-06, 6.194235993461916e-06, 6.192227829160402e-06, 6.202239546837518e-06], [6.2055942180450074e-06, 6.216842848516535e-06, 6.206677426234819e-06, 0.9999566078186035, 6.214406312210485e-06, 6.218640010047238e-06, 6.222916454134975e-06, 6.216356723598437e-06], [6.203848897712305e-06, 6.195110472617671e-06, 6.20567743681022e-06, 6.218633643584326e-06, 0.9999566078186035, 6.191849934111815e-06, 6.209324510564329e-06, 6.203269094839925e-06], [6.208228569448693e-06, 6.2039316617301665e-06, 6.2088265622151084e-06, 6.2044287005846854e-06, 6.20360015091137e-06, 0.9999566078186035, 6.193279205035651e-06, 6.208264494489413e-06], [6.2017129494051915e-06, 6.197474249347579e-06, 6.21533718003775e-06, 6.211438176251249e-06, 6.208435934240697e-06, 6.212765129021136e-06, 0.9999566078186035, 6.208518698258558e-06], [6.19650518274284e-06, 6.204972578416346e-06, 6.1950399867782835e-06, 6.209672847035108e-06, 6.1952641772222705e-06, 6.203304565133294e-06, 6.197119546413887e-06, 0.9999566078186035]], "mean_depth_distance": 0.0527358278632164}
{"kind": "key", "receiver_layer": 8, "sender_layers": [4, 5, 6, 7, 8, 9], "layer_weights": [0.15384405851364136, 0.17259785532951355, 0.1926247626543045, 0.17846517264842987, 0.16002756357192993, 0.14244069159030914], "head_mapping": [[0.9999566078186035, 6.198939900059486e-06, 6.21086928731529e-06, 6.204410965438001e-06, 6.2177623476600274e-06, 6.222501269803615e-06, 6.2114499996823724e-06, 6.2114736465446185e-06], [6.209229468367994e-06, 0.9999566078186035, 6.19716729488573e-06, 6.21014078205917e-06, 6.2084300225251354e-06, 6.201044925546739e-06, 6.198491064424161e-06, 6.197562925081002e-06], [6.186526206874987e-06, 6.176492661325028e-06, 0.9999566078186035, 6.198431947268546e-06, 6.1894525060779415e-06, 6.1845498748880345e-06, 6.1992054725124035e-06, 6.194809429871384e-06], [6.197604307089932e-06, 6.210028459463501e-06, 6.214175300556235e-06, 0.9999566078186035, 6.216297606442822e-06, 6.216878318809904e-06, 6.202375971042784e-06, 6.204392775543965e-06], [6.218901035026647e-06, 6.214068434928777e-06, 6.2017129494051915e-06, 6.219108399818651e-06, 0.9999566078186035, 6.208654667716473e-06, 6.214086624822812e-06, 6.211692834767746e-06], [6.214608220034279e-06, 6.223629043233814e-06, 6.203837074281182e-06, 6.2308031374413986e-06, 6.2250119299278595e-06, 0.9999566078186035, 6.20216860625078e-06, 6.219309852895094e-06], [6.2136127780831885e-06, 6.209530511114281e-06, 6.203470093169017e-06, 6.196919002832146e-06, 6.210004812601255e-06, 6.206689704413293e-06, 0.9999566078186035, 6.2078852351987734e-06], [6.1869332057540305e-06, 6.20112723481725e-06, 6.194005891302368e-06, 6.1964337874087505e-06, 6.209424554981524e-06, 6.180357559060212e-06, 6.195193236635532e-06, 0.9999566078186035]], "mean_depth_distance": 0.0523209348320961}
{"kind": "key", "receiver_layer": 9, "sender_layers": [4, 5, 6, 7, 8, 9], "layer_weights": [0.1408395767211914, 0.15784069895744324, 0.1765809953212738, 0.1955849975347519, 0.1737646758556366, 0.15538905560970306], "head_mapping": [[0.9999566078186035, 6.213713277247734e-06, 6.205943464010488e-06, 6.210804258444114e-06, 6.2121789596858434e-06, 6.202973054314498e-06, 6.1885675677331164e-06, 6.201671567396261e-06], [6.182173365232302e-06, 0.9999566078186035, 6.180298896651948e-06, 6.18559397480567e-06, 6.182550805533538e-06, 6.187960025272332e-06, 6.209661023603985e-06, 6.19081629338325e-06], [6.1990936046640854e-06, 6.211769687070046e-06, 0.9999566078186035, 6.203186330822064e-06, 6.219653641892364e-06, 6.197497896209825e-06, 6.226164259715006e-06, 6.216285783011699e-06], [6.212036623765016e-06, 6.218319867912214e-06, 6.209827006387059e-06, 0.9999566078186035, 6.203458269737894e-06, 6.219985607458511e-06, 6.199282324814703e-06, 6.193716217239853e-06], [6.217625468707411e-06, 6.207589194673346e-06, 6.208666491147596e-06, 6.204369128681719e-06, 0.9999566078186035, 6.221498551894911e-06, 6.2128833633323666e-06, 6.211769687070046e-06], [6.1827277022530325e-06, 6.187458438944304e-06, 6.186685368447797e-06, 6.189429313963046e-06, 6.1885793911642395e-06, 0.9999566078186035, 6.19065713181044e-06, 6.196717549755704e-06], [6.184662652231054e-06, 6.177883278724039e-06, 6.177282557473518e-06, 6.174655482027447e-06, 6.178472631290788e-06, 6.179480351420352e-06, 0.9999567270278931, 6.1722535065200645e-06], [6.227747689990792e-06, 6.2264298321679235e-06, 6.224689968803432e-06, 6.231490715435939e-06, 6.233417025214294e-06, 6.233856765902601e-06, 6.229298378457315e-06, 0.9999563694000244]], "mean_depth_distance": 0.05193152278661728}
{"kind": "key", "receiver_layer": 10, "sender_layers": [5, 6, 7, 8, 9, 10], "layer_weights": [0.1445954591035843, 0.1613875776529312, 0.18155212700366974, 0.19035351276397705, 0.1697886884212494, 0.15232260525226593], "head_mapping": [[0.9999566078186035, 6.2011040427023545e-06, 6.208062586665619e-06, 6.201222277013585e-06, 6.204499641171424e-06, 6.205150839377893e-06, 6.203032626217464e-06, 6.2036592680669855e-06], [6.211011623236118e-06, 0.9999566078186035, 6.2070266722003e-06, 6.2054700720182154e-06, 6.211331310623791e-06, 6.2123267525748815e-06, 6.20864284428535e-06, 6.207387741596904e-06], [6.204647888807813e-06, 6.2077488109935075e-06, 0.9999566078186035, 6.20648825133685e-06, 6.2103363234200515e-06, 6.211236268427456e-06, 6.208500963111874e-06, 6.205938007042278e-06], [6.203967132023536e-06, 6.207032583915861e-06, 6.20852460997412e-06, 0.9999566078186035, 6.207654223544523e-06, 6.211082563822856e-06, 6.207056230778107e-06, 6.210004812601255e-06], [6.19871616436285e-06, 6.202724762260914e-06, 6.197734819579637e-06, 6.201494215929415e-06, 0.9999566078186035, 6.197852599143516e-06, 6.200944426382193e-06, 6.19786487732199e-06], [6.202499662322225e-06, 6.210300853126682e-06, 6.207151272974443e-06, 6.204890269145835e-06, 6.2111771512718406e-06, 0.9999566078186035, 6.2006192820263095e-06, 6.212279458850389e-06], [6.2037597672315314e-06, 6.2006311054574326e-06, 6.201257747306954e-06, 6.20158925812575e-06, 6.20348191660014e-06, 6.202973054314498e-06, 0.9999566078186035, 6.199702511366922e-06], [6.175685939524556e-06, 6.186455266288249e-06, 6.19147795077879e-06, 6.188095994730247e-06, 6.189157375047216e-06, 6.189122359501198e-06, 6.185659003676847e-06, 0.9999566078186035]], "mean_depth_distance": 0.05258038640022278}
{"kind": "key", "receiver_layer": 11, "sender_layers": [6, 7, 8, 9, 10, 11], "layer_weights": [0.1489754468202591, 0.1662231683731079, 0.18655580282211304, 0.184462770819664, 0.16572409868240356, 0.14805868268013], "head_mapping": [[0.999956488609314, 6.219308943400392e-06, 6.208440936461557e-06, 6.221052899491042e-06, 6.213783308339771e-06, 6.21466006123228e-06, 6.213831056811614e-06, 6.22384777670959e-06], [6.191873580974061e-06, 0.9999566078186035, 6.2034227994445246e-06, 6.19798265688587e-06, 6.202251370268641e-06, 6.199058134370716e-06, 6.197084076120518e-06, 6.198277787916595e-06], [6.216978363227099e-06, 6.221539933903841e-06, 0.999956488609314, 6.206593752722256e-06, 6.204871169757098e-06, 6.20383616478648e-06, 6.2078011069388594e-06, 6.224316621228354e-06], [6.203458269737894e-06, 6.199442395882215e-06, 6.1990936046640854e-06, 0.9999566078186035, 6.194513389345957e-06, 6.222810043254867e-06, 6.196410140546504e-06, 6.2082581280265e-06], [6.222044248715974e-06, 6.217007921804907e-06, 6.217339887371054e-06, 6.223723175935447e-06, 0.999956488609314, 6.217707777977921e-06, 6.206179477885598e-06, 6.206191301316721e-06], [6.216534075065283e-06, 6.201694759511156e-06, 6.2209701354731806e-06, 6.224684966582572e-06, 6.227000540093286e-06, 0.999956488609314, 6.21975414105691e-06, 6.216824203875149e-06], [6.216705514816567e-06, 6.210318133526016e-06, 6.2175417951948475e-06, 6.2163439906726126e-06, 6.204700184753165e-06, 6.218970611371333e-06, 0.999956488609314, 6.21701974523603e-06], [6.1964219639776275e-06, 6.18524018136668e-06, 6.19307866145391e-06, 6.174737791297957e-06, 6.175945145514561e-06, 6.182232027640566e-06, 6.184827270772075e-06, 0.9999566078186035]], "mean_depth_distance": 0.052813537418842316}
{"kind": "key", "receiver_layer": 12, "sender_layers": [7, 8, 9, 10, 11, 12], "layer_weights": [0.15253496170043945, 0.17118968069553375, 0.19076862931251526, 0.1809966266155243, 0.16020914912223816, 0.1443009227514267], "head_mapping": [[0.9999566078186035, 6.1898367675894406e-06, 6.194649813551223e-06, 6.1938580984133296e-06, 6.197746188263409e-06, 6.189512077980908e-06, 6.191200554894749e-06, 6.194259640324162e-06], [6.197964921739185e-06, 0.9999566078186035, 6.191023203427903e-06, 6.198538358148653e-06, 6.204807050380623e-06, 6.197462425916456e-06, 6.193787157826591e-06, 6.202074018801795e-06], [6.19926504441537e-06, 6.2022454585530795e-06, 0.9999566078186035, 6.194649813551223e-06, 6.19720822214731e-06, 6.201524229254574e-06, 6.2039080148679204e-06, 6.2026538216741756e-06], [6.191424745338736e-06, 6.18295734966523e-06, 6.182373454066692e-06, 0.9999566078186035, 6.187588041939307e-06, 6.189293799252482e-06, 6.184815447340952e-06, 6.18212607150781e-06], [6.2225485635281075e-06, 6.209518232935807e-06, 6.208890681591583e-06, 6.218917405931279e-06, 0.999956488609314, 6.2184549278754275e-06, 6.228330676094629e-06, 6.2251478993857745e-06], [6.195181413204409e-06, 6.193964509293437e-06, 6.1885675677331164e-06, 6.193503850226989e-06, 6.190940894157393e-06, 0.9999566078186035, 6.188319730426883e-06, 6.198986739036627e-06], [6.1991172515263315e-06, 6.185381607792806e-06, 6.192263299453771e-06, 6.191654847498285e-06, 6.194124125613598e-06, 6.181359367474215e-06, 0.9999566078186035, 6.1943192122271284e-06], [6.2157637330528814e-06, 6.2073640947346576e-06, 6.2128833633323666e-06, 6.2018611970415805e-06, 6.2044287005846854e-06, 6.203263183124363e-06, 6.2008434724702965e-06, 0.9999566078186035]], "mean_depth_distance": 0.05251966789364815}
{"kind": "key", "receiver_layer": 13, "sender_layers": [8, 9, 10, 11, 12, 13], "layer_weights": [0.1564028561115265, 0.1737721562385559, 0.1962125599384308, 0.17473910748958588, 0.15825144946575165, 0.14062190055847168], "head_mapping": [[0.9999566078186035, 6.210205810930347e-06, 6.180404852784704e-06, 6.200039479153929e-06, 6.174701866257237e-06, 6.202535132615594e-06, 6.192233740875963e-06, 6.217791451490484e-06], [6.153058166091796e-06, 0.9999567270278931, 6.1621844906767365e-06, 6.172600933496142e-06, 6.147310614323942e-06, 6.142107395135099e-06, 6.166216735437047e-06, 6.173001565912273e-06], [6.190066415001638e-06, 6.217411282705143e-06, 0.999956488609314, 6.229596237972146e-06, 6.206333182490198e-06, 6.216681867954321e-06, 6.184625362948282e-06, 6.209103958099149e-06], [6.179668162076268e-06, 6.211947038536891e-06, 6.174596364871832e-06, 0.9999566078186035, 6.216635483724531e-06, 6.204375495144632e-06, 6.187812687130645e-06, 6.174112968437839e-06], [6.188673978613224e-06, 6.20944820184377e-06, 6.1883793023298495e-06, 6.1758742049278226e-06, 0.9999566078186035, 6.201807991601527e-06, 6.1937339523865376e-06, 6.183541700011119e-06], [6.163435500639025e-06, 6.18268040852854e-06, 6.211947038536891e-06, 6.181589469633764e-06, 6.204168585099978e-06, 0.9999566078186035, 6.174926056701224e-06, 6.188590759848012e-06], [6.204014425748028e-06, 6.185157417348819e-06, 6.2182066358218435e-06, 6.1898367675894406e-06, 6.212113476067316e-06, 6.201541509653907e-06, 0.9999566078186035, 6.202222266438184e-06], [6.2020089899306186e-06, 6.219677743501961e-06, 6.226538516784785e-06, 6.214566838025348e-06, 6.200004463607911e-06, 6.2258850448415615e-06, 6.215467692527454e-06, 0.9999566078186035]], "mean_depth_distance": 0.051896050572395325}
{"kind": "key", "receiver_layer": 14, "sender_layers": [8, 9, 10, 11, 12, 13], "layer_weights": [0.14424411952495575, 0.1607915312051773, 0.17911502718925476, 0.19119632244110107, 0.17170041799545288, 0.15295259654521942], "head_mapping": [[0.999956488609314, 6.224993740033824e-06, 6.210608262335882e-06, 6.238490641408134e-06, 6.2249755501397885e-06, 6.227047833817778e-06, 6.224103344720788e-06, 6.222109277587151e-06], [6.1872933656559326e-06, 0.9999566078186035, 6.172158464323729e-06, 6.196753474796424e-06, 6.1911709963169415e-06, 6.199566541909007e-06, 6.19089314568555e-06, 6.187553026393289e-06], [6.185841812111903e-06, 6.2038193391344976e-06, 0.9999566078186035, 6.2191202232497744e-06, 6.180781838338589e-06, 6.184903668327024e-06, 6.1860482674092054e-06, 6.205955287441611e-06], [6.2278677432914265e-06, 6.176909664645791e-06, 6.232811756490264e-06, 0.999956488609314, 6.202215445227921e-06, 6.221325747901574e-06, 6.203576049301773e-06, 6.19888032815652e-06], [6.200797542987857e-06, 6.174808277137345e-06, 6.181561275298009e-06, 6.156180916150333e-06, 0.9999567270278931, 6.197061338752974e-06, 6.178231160447467e-06, 6.175350335979601e-06], [6.20706259724102e-06, 6.199259132699808e-06, 6.187080998643069e-06, 6.202813437994337e-06, 6.201180895004654e-06, 0.9999566078186035, 6.209376806509681e-06, 6.198668415891007e-06], [6.1725822888547555e-06, 6.178047442517709e-06, 6.185069196362747e-06, 6.2070917010714766e-06, 6.212581411091378e-06, 6.188449333421886e-06, 0.9999566078186035, 6.181595381349325e-06], [6.251001650525723e-06, 6.2405124481301755e-06, 6.242976269277278e-06, 6.240440598048735e-06, 6.254686468309956e-06, 6.2450662881019525e-06, 6.26076234766515e-06, 0.9999562501907349]], "mean_depth_distance": 0.05249539762735367}
{"kind": "key", "receiver_layer": 15, "sender_layers": [9, 10, 11, 12, 13, 14], "layer_weights": [0.1469513326883316, 0.16359125077724457, 0.1834285855293274, 0.18837302923202515, 0.1679556667804718, 0.14970014989376068], "head_mapping": [[0.9999563694000244, 6.204906640050467e-06, 6.226537152542733e-06, 6.237650723051047e-06, 6.233922249521129e-06, 6.227516678336542e-06, 6.233089607121656e-06, 6.207942533364985e-06], [6.194212801347021e-06, 0.9999566078186035, 6.197692982823355e-06, 6.18873855273705e-06, 6.175620910653379e-06, 6.17971500105341e-06, 6.168604159029201e-06, 6.16823945165379e-06], [6.19472029939061e-06, 6.182509423524607e-06, 0.9999566078186035, 6.193007266119821e-06, 6.191359716467559e-06, 6.177370323712239e-06, 6.204706551216077e-06, 6.185381607792806e-06], [6.2239901126304176e-06, 6.223302534635877e-06, 6.214873792487197e-06, 0.999956488609314, 6.213451342773624e-06, 6.214364020706853e-06, 6.2209105635702144e-06, 6.203812063176883e-06], [6.243471489142394e-06, 6.223835043783765e-06, 6.237198704184266e-06, 6.226845471246634e-06, 0.9999563694000244, 6.221604053280316e-06, 6.2323056226887275e-06, 6.236806257220451e-06], [6.215728262759512e-06, 6.2008316490391735e-06, 6.213067536009476e-06, 6.213405413291184e-06, 6.2083054217509925e-06, 0.9999566078186035, 6.198573828442022e-06, 6.21335175310378e-06], [6.199436938914005e-06, 6.2162321228242945e-06, 6.199318249855423e-06, 6.1945315792399924e-06, 6.2013641581870615e-06, 6.2052213252172805e-06, 0.9999566078186035, 6.195122296048794e-06], [6.220401246537222e-06, 6.1998625824344344e-06, 6.207944352354389e-06, 6.210087576619117e-06, 6.201577434694627e-06, 6.2087142396194395e-06, 6.210644187376602e-06, 0.9999566078186035]], "mean_depth_distance": 0.052740320563316345}
{"kind": "key", "receiver_layer": 16, "sender_layers": [10, 11, 12, 13, 14, 15], "layer_weights": [0.1505158692598343, 0.16893257200717926, 0.18818554282188416, 0.18351022899150848, 0.163113072514534, 0.1457427591085434], "head_mapping": [[0.9999566078186035, 6.181901881063823e-06, 6.195134119479917e-06, 6.190125986904604e-06, 6.1810414990759455e-06, 6.2123267525748815e-06, 6.1961977735336404e-06, 6.168751497170888e-06], [6.263633622438647e-06, 0.9999561309814453, 6.252855200727936e-06, 6.255288553802529e-06, 6.2725225689064246e-06, 6.266339823923772e-06, 6.2427793636743445e-06, 6.255902917473577e-06], [6.214933819137514e-06, 6.195240530360024e-06, 0.9999566078186035, 6.213618235051399e-06, 6.194921752467053e-06, 6.183199275255902e-06, 6.192204637045506e-06, 6.244997621251969e-06], [6.187847702676663e-06, 6.184496669447981e-06, 6.221338026080048e-06, 0.9999566078186035, 6.170428150653606e-06, 6.164346359582851e-06, 6.169686912471661e-06, 6.219701390364207e-06], [6.23088590145926e-06, 6.200873485795455e-06, 6.209193998074625e-06, 6.2057542891125195e-06, 0.9999566078186035, 6.204038072610274e-06, 6.202647909958614e-06, 6.219025181053439e-06], [6.170640062919119e-06, 6.1803402786608785e-06, 6.2214630816015415e-06, 6.19307866145391e-06, 6.208050763234496e-06, 0.9999566078186035, 6.204842975421343e-06, 6.210999799804995e-06], [6.156657946121413e-06, 6.165278136904817e-06, 6.1618920881301165e-06, 6.143192422314314e-06, 6.162732461234555e-06, 6.150900844659191e-06, 0.9999569654464722, 6.13397196502774e-06], [6.2340477597899735e-06, 6.185947313497309e-06, 6.220364866749151e-06, 6.198986284289276e-06, 6.204309556778753e-06, 6.190420663187979e-06, 6.198750270414166e-06, 0.999956488609314]], "mean_depth_distance": 0.05267272889614105}
{"kind": "key", "receiver_layer": 17, "sender_layers": [11, 12, 13, 14, 15, 16], "layer_weights": [0.15417730808258057, 0.173280730843544, 0.1947973519563675, 0.1781167984008789, 0.15847012400627136, 0.14115765690803528], "head_mapping": [[0.9999566078186035, 6.2015005823923275e-06, 6.201459200383397e-06, 6.199200015544193e-06, 6.2043400248512626e-06, 6.204120836628135e-06, 6.190480235090945e-06, 6.2025296756473836e-06], [6.169087555463193e-06, 0.9999567270278931, 6.1714886214758735e-06, 6.1759747040923685e-06, 6.181702701724134e-06, 6.171182576508727e-06, 6.177135219331831e-06, 6.170988399389898e-06], [6.20671880824375e-06, 6.211260370037053e-06, 0.9999566078186035, 6.210875199030852e-06, 6.209874300111551e-06, 6.2094713939586654e-06, 6.206725174706662e-06, 6.207713340700138e-06], [6.1894766076875385e-06, 6.189830855873879e-06, 6.187340204633074e-06, 0.9999566078186035, 6.190184649312869e-06, 6.189063697092934e-06, 6.189889518282143e-06, 6.193580702529289e-06], [6.2015124058234505e-06, 6.189512077980908e-06, 6.203493740031263e-06, 6.1909345276944805e-06, 0.9999566078186035, 6.186886366776889e-06, 6.1802161326340865e-06, 6.192322871356737e-06], [6.205824774951907e-06, 6.204392775543965e-06, 6.211414529389003e-06, 6.215941539267078e-06, 6.207163096405566e-06, 0.9999566078186035, 6.211076652107295e-06, 6.205363661138108e-06], [6.164558726595715e-06, 6.168534582684515e-06, 6.178720468597021e-06, 6.181454864417901e-06, 6.184026005939813e-06, 6.169722837512381e-06, 0.9999567270278931, 6.176316219352884e-06], [6.2103244999889284e-06, 6.213375399966026e-06, 6.207021215232089e-06, 6.218455837370129e-06, 6.208323156897677e-06, 6.219351689651376e-06, 6.2137605709722266e-06, 0.9999566078186035]], "mean_depth_distance": 0.052046384662389755}
{"kind": "key", "receiver_layer": 18, "sender_layers": [11, 12, 13, 14, 15, 16], "layer_weights": [0.1421009600162506, 0.1587393879890442, 0.177728533744812, 0.19347496330738068, 0.1726672500371933, 0.15528889000415802], "head_mapping": [[0.9999566078186035, 6.197356015036348e-06, 6.209666935319547e-06, 6.169756943563698e-06, 6.181801836646628e-06, 6.204097189765889e-06, 6.193438821355812e-06, 6.186738573887851e-06], [6.217374902917072e-06, 0.9999563694000244, 6.2304388848133385e-06, 6.24134600002435e-06, 6.262440820137272e-06, 6.2468366195389535e-06, 6.234844022401376e-06, 6.2429116951534525e-06], [6.183765435707755e-06, 6.198094979481539e-06, 0.9999566078186035, 6.193055014591664e-06, 6.190651220094878e-06, 6.187287453940371e-06, 6.199548806762323e-06, 6.185628990351688e-06], [6.221355761226732e-06, 6.22180095888325e-06, 6.233429758140119e-06, 0.999956488609314, 6.219522674655309e-06, 6.223094715096522e-06, 6.208156719367253e-06, 6.225112429092405e-06], [6.26054725216818e-06, 6.243697043828433e-06, 6.23807272859267e-06, 6.220328032213729e-06, 0.9999562501907349, 6.227224730537273e-06, 6.2263934523798525e-06, 6.235068667592714e-06], [6.229458449524827e-06, 6.252194452827098e-06, 6.2558565332437865e-06, 6.22867491983925e-06, 6.214375389390625e-06, 0.9999563694000244, 6.222832325875061e-06, 6.245413260330679e-06], [6.212569132912904e-06, 6.20672426521196e-06, 6.230469352885848e-06, 6.206712441780837e-06, 6.224921889952384e-06, 6.218288945092354e-06, 0.999956488609314, 6.230267899809405e-06], [6.170947472128319e-06, 6.1840496528020594e-06, 6.180359378049616e-06, 6.152718924568035e-06, 6.143103746580891e-06, 6.1508535509346984e-06, 6.169206244521774e-06, 0.9999568462371826]], "mean_depth_distance": 0.05220939964056015}
{"kind": "key", "receiver_layer": 19, "sender_layers": [12, 13, 14, 15, 16, 17], "layer_weights": [0.14562229812145233, 0.16305899620056152, 0.18293777108192444, 0.1895180195569992, 0.1677638739347458, 0.15109902620315552], "head_mapping": [[0.999956488609314, 6.1786540754837915e-06, 6.213167580426671e-06, 6.24163840257097e-06, 6.215104804141447e-06, 6.237401976250112e-06, 6.221100647962885e-06, 6.213072538230335e-06], [6.220015166036319e-06, 0.999956488609314, 6.222418051038403e-06, 6.213611868588487e-06, 6.224115168151911e-06, 6.228663551155478e-06, 6.191353804751998e-06, 6.219866463652579e-06], [6.21464960204321e-06, 6.194661636982346e-06, 0.9999566078186035, 6.199223662406439e-06, 6.196995400387095e-06, 6.214590484887594e-06, 6.221540388651192e-06, 6.240341917873593e-06], [6.203671091498109e-06, 6.189322903082939e-06, 6.182256129250163e-06, 0.9999566078186035, 6.190474323375383e-06, 6.1926648413646035e-06, 6.214779659785563e-06, 6.211627351149218e-06], [6.195631158334436e-06, 6.187919552758103e-06, 6.189146915858146e-06, 6.161984856589697e-06, 0.9999567270278931, 6.186042810440995e-06, 6.203175416885642e-06, 6.182215656735934e-06], [6.191117790876888e-06, 6.199022664077347e-06, 6.211912022990873e-06, 6.200512416398851e-06, 6.2207982409745455e-06, 0.9999566078186035, 6.220151590241585e-06, 6.220139766810462e-06], [6.171788299980108e-06, 6.198526989464881e-06, 6.21883600615547e-06, 6.175002909003524e-06, 6.180358468554914e-06, 6.164641035866225e-06, 0.9999567270278931, 6.193244644236984e-06], [6.224542630661745e-06, 6.194004981807666e-06, 6.206368652783567e-06, 6.1934615587233566e-06, 6.207783826539526e-06, 6.189546638779575e-06, 6.220756404218264e-06, 0.999956488609314]], "mean_depth_distance": 0.05265301838517189}
{"kind": "key", "receiver_layer": 20, "sender_layers": [13, 14, 15, 16, 17, 18], "layer_weights": [0.1499517858028412, 0.16721659898757935, 0.18750084936618805, 0.18434679508209229, 0.16407591104507446, 0.14690814912319183], "head_mapping": [[0.9999567270278931, 6.1717769312963355e-06, 6.1944911067257635e-06, 6.15155704508652e-06, 6.148096417746274e-06, 6.1470000218832865e-06, 6.1786904552718624e-06, 6.191520242282422e-06], [6.2167127907741815e-06, 0.9999566078186035, 6.189783562149387e-06, 6.206849320733454e-06, 6.194626166688977e-06, 6.189630312292138e-06, 6.200637017172994e-06, 6.181412572914269e-06], [6.192593900777865e-06, 6.189618488861015e-06, 0.9999566078186035, 6.1966702560312115e-06, 6.195170044520637e-06, 6.213079359440599e-06, 6.209844741533743e-06, 6.19829052084242e-06], [6.223450782272266e-06, 6.226437108125538e-06, 6.214483619260136e-06, 0.9999566078186035, 6.192712135089096e-06, 6.218645467015449e-06, 6.215941539267078e-06, 6.189423402247485e-06], [6.264661806199001e-06, 6.221335752343293e-06, 6.218406269908883e-06, 6.23486675976892e-06, 0.9999562501907349, 6.201598807820119e-06, 6.2532012634619605e-06, 6.239994490897516e-06], [6.230844519450329e-06, 6.185983238538029e-06, 6.207429123605834e-06, 6.200158168212511e-06, 6.199649305926869e-06, 0.9999566078186035, 6.20568289377843e-06, 6.196103186084656e-06], [6.1958608057466336e-06, 6.1830637605453376e-06, 6.201961696206126e-06, 6.19868023932213e-06, 6.221498551894911e-06, 6.1917316998005845e-06, 0.9999566078186035, 6.184791800478706e-06], [6.178744570206618e-06, 6.157896677905228e-06, 6.176482202135958e-06, 6.202524673426524e-06, 6.182835022627842e-06, 6.150724402687047e-06, 6.163272246340057e-06, 0.9999568462371826]], "mean_depth_distance": 0.05275353044271469}
{"kind": "key", "receiver_layer": 21, "sender_layers": [14, 15, 16, 17, 18, 19], "layer_weights": [0.15405675768852234, 0.17198722064495087, 0.1925756186246872, 0.17931407690048218, 0.15974371135234833, 0.1423225998878479], "head_mapping": [[0.999956488609314, 6.225580818863818e-06, 6.21945127932122e-06, 6.2296494434122e-06, 6.2196768340072595e-06, 6.21994377070223e-06, 6.223420768947108e-06, 6.22648940407089e-06], [6.208364993653959e-06, 0.9999566078186035, 6.207032583915861e-06, 6.200128154887352e-06, 6.21171056991443e-06, 6.2026301748119295e-06, 6.210603260115022e-06, 6.198904429766117e-06], [6.205422778293723e-06, 6.211781510501169e-06, 0.9999566078186035, 6.208749709912809e-06, 6.212675998540362e-06, 6.209720595506951e-06, 6.211888376128627e-06, 6.208625563886017e-06], [6.195582955115242e-06, 6.193438821355812e-06, 6.20073751633754e-06, 0.9999566078186035, 6.187316557770828e-06, 6.193279205035651e-06, 6.194614343257854e-06, 6.188969109643949e-06], [6.190846761455759e-06, 6.18456806478207e-06, 6.179486263135914e-06, 6.187033704918576e-06, 0.9999567270278931, 6.177871910040267e-06, 6.181619937706273e-06, 6.177299837872852e-06], [6.21644539933186e-06, 6.206381385709392e-06, 6.211384516063845e-06, 6.208412287378451e-06, 6.216564088390442e-06, 0.9999566078186035, 6.209312232385855e-06, 6.207316801010165e-06], [6.195170044520637e-06, 6.198739356477745e-06, 6.193409262778005e-06, 6.194177331053652e-06, 6.185334314068314e-06, 6.200477400852833e-06, 0.9999566078186035, 6.18701005805633e-06], [6.207743354025297e-06, 6.207234036992304e-06, 6.207304977579042e-06, 6.2169733610062394e-06, 6.212930657056859e-06, 6.214756012923317e-06, 6.211888376128627e-06, 0.9999566078186035]], "mean_depth_distance": 0.05234510451555252}
