{"kind": "key", "receiver_layer": 0, "sender_layers": [0, 1, 2, 3, 4, 5], "layer_weights": [0.2170713096857071, 0.19372320175170898, 0.17276866734027863, 0.1545715630054474, 0.1381901353597641, 0.12367508560419083], "head_mapping": [[0.9999569654464722, 6.143221980892122e-06, 6.130152996774996e-06, 6.1373070820991416e-06, 6.140357527328888e-06, 6.120648777141469e-06, 6.141083304100903e-06, 6.161445526231546e-06], [6.1478276620619e-06, 0.9999569654464722, 6.156205927254632e-06, 6.144024609966436e-06, 6.154222319310065e-06, 6.146954547148198e-06, 6.129071607574588e-06, 6.138015123724472e-06], [6.164789283502614e-06, 6.155501068860758e-06, 0.9999568462371826, 6.16163242739276e-06, 6.163795205793576e-06, 6.1836485656385776e-06, 6.158395990496501e-06, 6.153998128866078e-06], [6.158953965496039e-06, 6.163354555610567e-06, 6.159147687867517e-06, 0.9999568462371826, 6.178249350341503e-06, 6.162407771626022e-06, 6.185678103065584e-06, 6.172736448206706e-06], [6.166793355077971e-06, 6.169240350573091e-06, 6.168969775899313e-06, 6.182916877151001e-06, 0.9999567270278931, 6.169640982989222e-06, 6.17303112449008e-06, 6.182940524013247e-06], [6.151791694719577e-06, 6.141668109194143e-06, 6.160304565128172e-06, 6.149486580397934e-06, 6.17366686128662e-06, 0.9999568462371826, 6.150178251118632e-06, 6.1604100665135775e-06], [6.153600224934053e-06, 6.155114533612505e-06, 6.148895408841781e-06, 6.150748504296644e-06, 6.136487627372844e-06, 6.137628588476218e-06, 0.9999569654464722, 6.1434557210304774e-06], [6.15587669017259e-06, 6.152038167783758e-06, 6.170694632601226e-06, 6.155706614663359e-06, 6.1707119130005594e-06, 6.168594154587481e-06, 6.157139068818651e-06, 0.9999568462371826]], "mean_depth_distance": 0.08052264153957367}
{"kind": "key", "receiver_layer": 1, "sender_layers": [0, 1, 2, 3, 4, 5], "layer_weights": [0.18868665397167206, 0.20116382837295532, 0.17932727932929993, 0.16010133922100067, 0.14294572174549103, 0.1277751922607422], "head_mapping": [[0.9999568462371826, 6.159987151477253e-06, 6.154972652439028e-06, 6.156205472507281e-06, 6.1629607444047e-06, 6.1525074670498725e-06, 6.153364211058943e-06, 6.1603982430824544e-06], [6.148988632048713e-06, 0.9999569654464722, 6.144932285678806e-06, 6.154879429232096e-06, 6.14934106124565e-06, 6.1568694036395755e-06, 6.1640666899620555e-06, 6.145207407826092e-06], [6.171806944621494e-06, 6.170229426061269e-06, 0.9999568462371826, 6.17274872638518e-06, 6.164830210764194e-06, 6.171429959067609e-06, 6.169665084598819e-06, 6.171647783048684e-06], [6.180194304761244e-06, 6.158988981042057e-06, 6.172112989588641e-06, 0.9999568462371826, 6.16618262938573e-06, 6.157180450827582e-06, 6.162219960970106e-06, 6.163912985357456e-06], [6.156880772323348e-06, 6.158642463560682e-06, 6.1597052081197035e-06, 6.155547907837899e-06, 0.9999568462371826, 6.1583432398037985e-06, 6.159775693959091e-06, 6.16009310761001e-06], [6.143491191323847e-06, 6.14860755376867e-06, 6.147393833089154e-06, 6.1508544604294e-06, 6.150795343273785e-06, 0.9999569654464722, 6.1448736232705414e-06, 6.146280156826833e-06], [6.155971277621575e-06, 6.15391672909027e-06, 6.15065437159501e-06, 6.1511414060078096e-06, 6.158824817248387e-06, 6.152537935122382e-06, 0.9999569654464722, 6.152614332677331e-06], [6.15900080447318e-06, 6.16090392213664e-06, 6.159482381917769e-06, 6.155413302622037e-06, 6.157039479148807e-06, 6.164947535580723e-06, 6.165570994198788e-06, 0.9999568462371826]], "mean_depth_distance": 0.06557293236255646}
{"kind": "key", "receiver_layer": 2, "sender_layers": [0, 1, 2, 3, 4, 5], "layer_weights": [0.16698962450027466, 0.1875223070383072, 0.18942832946777344, 0.16917763650417328, 0.15114066004753113, 0.13574150204658508], "head_mapping": [[0.9999569654464722, 6.144522558315657e-06, 6.157532880024519e-06, 6.141493486211402e-06, 6.1520509007095825e-06, 6.1368268688966054e-06, 6.138102889963193e-06, 6.1461510085791815e-06], [6.181761364132399e-06, 0.9999567270278931, 6.179686806717655e-06, 6.177117484185146e-06, 6.1811133491573855e-06, 6.181549451866886e-06, 6.17780688116909e-06, 6.17163550487021e-06], [6.149891305540223e-06, 6.158360520203132e-06, 0.9999568462371826, 6.1561763686768245e-06, 6.1631017160834745e-06, 6.150607077870518e-06, 6.16830629951437e-06, 6.15750286669936e-06], [6.167428637127159e-06, 6.170087999635143e-06, 6.181932349136332e-06, 0.9999567270278931, 6.171735549287405e-06, 6.170993856358109e-06, 6.169581411086256e-06, 6.159616532386281e-06], [6.156956260383595e-06, 6.148014563223114e-06, 6.164582373457961e-06, 6.158953056001337e-06, 0.9999567270278931, 6.171288077894133e-06, 6.176669558044523e-06, 6.1682521845796145e-06], [6.161032615636941e-06, 6.159740223665722e-06, 6.159998520161025e-06, 6.179586307553109e-06, 6.186302471178351e-06, 0.9999567270278931, 6.185689017002005e-06, 6.16373563389061e-06], [6.148549346107757e-06, 6.1457703850464895e-06, 6.143549853732111e-06, 6.1460750657715835e-06, 6.156088602438103e-06, 6.14235432294663e-06, 0.9999569654464722, 6.16746501691523e-06], [6.163630587252555e-06, 6.165406375657767e-06, 6.1705472944595385e-06, 6.175386715767672e-06, 6.162407771626022e-06, 6.166512321215123e-06, 6.155183655209839e-06, 0.9999568462371826]], "mean_depth_distance": 0.05678529292345047}
{"kind": "key", "receiver_layer": 3, "sender_layers": [0, 1, 2, 3, 4, 5], "layer_weights": [0.15105897188186646, 0.16981519758701324, 0.1898343712091446, 0.18162891268730164, 0.16260865330696106, 0.1450539529323578], "head_mapping": [[0.9999568462371826, 6.157098141557071e-06, 6.162948920973577e-06, 6.161115379654802e-06, 6.165370905364398e-06, 6.160527846077457e-06, 6.159740678413073e-06, 6.164512342365924e-06], [6.155853498057695e-06, 0.9999569654464722, 6.142752681626007e-06, 6.1588957578351256e-06, 6.148748525447445e-06, 6.1576620282721706e-06, 6.1581672525790054e-06, 6.148443389975e-06], [6.165653303469298e-06, 6.155606570246164e-06, 0.9999568462371826, 6.162561476230621e-06, 6.157203642942477e-06, 6.159411441331031e-06, 6.167029368953081e-06, 6.14873079030076e-06], [6.153822141641285e-06, 6.157826192065841e-06, 6.167781975818798e-06, 0.9999568462371826, 6.1652181102545e-06, 6.1576502048410475e-06, 6.15424505667761e-06, 6.1671471485169604e-06], [6.156986728456104e-06, 6.156868948892225e-06, 6.158807082101703e-06, 6.156821655167732e-06, 0.9999568462371826, 6.164701062516542e-06, 6.1641949287150055e-06, 6.1602931964444e-06], [6.150477929622866e-06, 6.158460564620327e-06, 6.1627492868865374e-06, 6.162561476230621e-06, 6.1667942645726725e-06, 0.9999568462371826, 6.156710242066765e-06, 6.149785804154817e-06], [6.152061814646004e-06, 6.158195901662111e-06, 6.15294220551732e-06, 6.1558880588563625e-06, 6.159887107060058e-06, 6.164930255181389e-06, 0.9999568462371826, 6.16235547568067e-06], [6.155489245429635e-06, 6.157615189295029e-06, 6.158295946079306e-06, 6.149128694232786e-06, 6.151304660306778e-06, 6.153476078907261e-06, 6.165511877043173e-06, 0.9999568462371826]], "mean_depth_distance": 0.05261749401688576}
{"kind": "key", "receiver_layer": 4, "sender_layers": [1, 2, 3, 4, 5, 6], "layer_weights": [0.15524345636367798, 0.17339083552360535, 0.19473521411418915, 0.17732448875904083, 0.15819455683231354, 0.14111144840717316], "head_mapping": [[0.9999568462371826, 6.165706054162001e-06, 6.157767529657576e-06, 6.160804332466796e-06, 6.167806077428395e-06, 6.17163050264935e-06, 6.1643190747417975e-06, 6.167582341731759e-06], [6.1660052779188845e-06, 0.9999567270278931, 6.181325261422899e-06, 6.169028438307578e-06, 6.17959221926867e-06, 6.17609839537181e-06, 6.184521225804929e-06, 6.17741170572117e-06], [6.165870672703022e-06, 6.163572379591642e-06, 0.9999568462371826, 6.154004495328991e-06, 6.162655154184904e-06, 6.159858003229601e-06, 6.170959295559442e-06, 6.161009878269397e-06], [6.1705354710284155e-06, 6.1578907661896665e-06, 6.166929324535886e-06, 0.9999568462371826, 6.151404704723973e-06, 6.172242137836292e-06, 6.1523551266873255e-06, 6.167476385599002e-06], [6.151968136691721e-06, 6.154972652439028e-06, 6.161338660604088e-06, 6.174162081151735e-06, 0.9999568462371826, 6.153986760182306e-06, 6.150812168925768e-06, 6.157673396955943e-06], [6.162784302432556e-06, 6.16388933849521e-06, 6.168570507725235e-06, 6.172083431010833e-06, 6.171624136186438e-06, 0.9999568462371826, 6.168523668748094e-06, 6.163513262436027e-06], [6.171836048451951e-06, 6.1579544308187906e-06, 6.160638804431073e-06, 6.162607860460412e-06, 6.1697701312368736e-06, 6.161209057609085e-06, 0.9999567270278931, 6.1585596995428205e-06], [6.15563021710841e-06, 6.1654886849282775e-06, 6.1588480093632825e-06, 6.164794740470825e-06, 6.1567693592223804e-06, 6.170417691464536e-06, 6.16336637904169e-06, 0.9999568462371826]], "mean_depth_distance": 0.052034515887498856}
{"kind": "key", "receiver_layer": 5, "sender_layers": [1, 2, 3, 4, 5, 6], "layer_weights": [0.14227209985256195, 0.15967890620231628, 0.17818018794059753, 0.1931712031364441, 0.1724962741136551, 0.15420125424861908], "head_mapping": [[0.9999568462371826, 6.155547907837899e-06, 6.166176717670169e-06, 6.159869826660724e-06, 6.16142688159016e-06, 6.165841568872565e-06, 6.158425094326958e-06, 6.165182639961131e-06], [6.162284989841282e-06, 0.9999568462371826, 6.155277787911473e-06, 6.164500518934801e-06, 6.165524155221647e-06, 6.166600087453844e-06, 6.166088951431448e-06, 6.159411441331031e-06], [6.167417723190738e-06, 6.1666059991694055e-06, 0.9999568462371826, 6.1653122429561336e-06, 6.1666942201554775e-06, 6.1618561630893964e-06, 6.168176696519367e-06, 6.165870672703022e-06], [6.165265403978992e-06, 6.169411790324375e-06, 6.166135790408589e-06, 0.9999568462371826, 6.168193976918701e-06, 6.162831141409697e-06, 6.167688297864515e-06, 6.164324531710008e-06], [6.157432835607324e-06, 6.162790214148117e-06, 6.154949460324133e-06, 6.155771188787185e-06, 0.9999568462371826, 6.163066245790105e-06, 6.164512342365924e-06, 6.152777586976299e-06], [6.1611626733792946e-06, 6.158789346955018e-06, 6.159822532936232e-06, 6.1589480537804775e-06, 6.160357315820875e-06, 0.9999568462371826, 6.156628387543606e-06, 6.156652034405852e-06], [6.172118446556851e-06, 6.167928404465783e-06, 6.170464075694326e-06, 6.172571374918334e-06, 6.16967599853524e-06, 6.1649761846638285e-06, 0.9999567270278931, 6.164041224110406e-06], [6.159517397463787e-06, 6.159118129289709e-06, 6.151909019536106e-06, 6.163031230244087e-06, 6.157826192065841e-06, 6.153118192742113e-06, 6.164113074191846e-06, 0.9999568462371826]], "mean_depth_distance": 0.052256666123867035}
{"kind": "key", "receiver_layer": 6, "sender_layers": [2, 3, 4, 5, 6, 7], "layer_weights": [0.14617452025413513, 0.1632448434829712, 0.18331940472126007, 0.18833953142166138, 0.16841095685958862, 0.15051068365573883], "head_mapping": [[0.9999568462371826, 6.1547261793748476e-06, 6.1560763242596295e-06, 6.155594746815041e-06, 6.160474640637403e-06, 6.152308287710184e-06, 6.166264938656241e-06, 6.15839007878094e-06], [6.145553470560117e-06, 0.9999569654464722, 6.142588972579688e-06, 6.154292805149453e-06, 6.148519787529949e-06, 6.145951829239493e-06, 6.1540695242001675e-06, 6.147206477180589e-06], [6.16009310761001e-06, 6.1609507611137815e-06, 0.9999568462371826, 6.163371836009901e-06, 6.161879355204292e-06, 6.1689293033850845e-06, 6.156053132144734e-06, 6.160516022646334e-06], [6.1842974901082925e-06, 6.167781975818798e-06, 6.176511760713765e-06, 0.9999568462371826, 6.168776508275187e-06, 6.160868906590622e-06, 6.164442311273888e-06, 6.16236093264888e-06], [6.161015335237607e-06, 6.163548732729396e-06, 6.159106305858586e-06, 6.166088951431448e-06, 0.9999568462371826, 6.169182142912177e-06, 6.1729783737973776e-06, 6.1583432398037985e-06], [6.175615453685168e-06, 6.163964826555457e-06, 6.177753675729036e-06, 6.175262114993529e-06, 6.173572273837635e-06, 0.9999567270278931, 6.1825753618904855e-06, 6.170805590954842e-06], [6.1560763242596295e-06, 6.167112132970942e-06, 6.1514983826782554e-06, 6.166311777633382e-06, 6.162678346299799e-06, 6.163360467326129e-06, 0.9999568462371826, 6.160915745567763e-06], [6.1654768614971545e-06, 6.162537374621024e-06, 6.165835657157004e-06, 6.162902081996435e-06, 6.165806553326547e-06, 6.170888354972703e-06, 6.175492671900429e-06, 0.9999568462371826]], "mean_depth_distance": 0.05270959436893463}
{"kind": "key", "receiver_layer": 7, "sender_layers": [3, 4, 5, 6, 7, 8], "layer_weights": [0.14968550205230713, 0.1672968715429306, 0.18822026252746582, 0.18318361043930054, 0.16499941051006317, 0.14661431312561035], "head_mapping": [[0.9999568462371826, 6.157192274258705e-06, 6.163078069221228e-06, 6.1686291701334994e-06, 6.168888376123505e-06, 6.157808456919156e-06, 6.163577836559853e-06, 6.175392627483234e-06], [6.172713256091811e-06, 0.9999568462371826, 6.1714245020993985e-06, 6.170100277813617e-06, 6.173596830194583e-06, 6.172501343826298e-06, 6.170517735881731e-06, 6.164489150251029e-06], [6.156821655167732e-06, 6.162138106446946e-06, 0.9999568462371826, 6.166876573843183e-06, 6.161867531773169e-06, 6.1602931964444e-06, 6.1632899814867415e-06, 6.1696941884292755e-06], [6.168640538817272e-06, 6.177058367029531e-06, 6.169616881379625e-06, 0.9999567270278931, 6.176168881211197e-06, 6.177529485285049e-06, 6.181466687849024e-06, 6.178266175993485e-06], [6.165234935906483e-06, 6.168463642097777e-06, 6.1716768868791405e-06, 6.18204421698465e-06, 0.9999567270278931, 6.15653334534727e-06, 6.173902420414379e-06, 6.1678520069108345e-06], [6.168564141262323e-06, 6.172053872433025e-06, 6.175468115543481e-06, 6.1709120018349495e-06, 6.169881999085192e-06, 0.9999567270278931, 6.154748461995041e-06, 6.168345862533897e-06], [6.167640094645321e-06, 6.159722488519037e-06, 6.174620011734078e-06, 6.174891041155206e-06, 6.171347195049748e-06, 6.1738196563965175e-06, 0.9999567270278931, 6.167087576613994e-06], [6.154644324851688e-06, 6.159699751151493e-06, 6.154174116090871e-06, 6.1730547713523265e-06, 6.154585207696073e-06, 6.1611390265170485e-06, 6.156299150461564e-06, 0.9999568462371826]], "mean_depth_distance": 0.052735380828380585}
{"kind": "key", "receiver_layer": 8, "sender_layers": [4, 5, 6, 7, 8, 9], "layer_weights": [0.1538088619709015, 0.1723216325044632, 0.19303511083126068, 0.17874731123447418, 0.15961779654026031, 0.14246928691864014], "head_mapping": [[0.9999567270278931, 6.166569619381335e-06, 6.1736195675621275e-06, 6.167181254568277e-06, 6.177199793455657e-06, 6.1724417719233315e-06, 6.1807772908650804e-06, 6.175904218252981e-06], [6.156822109915083e-06, 0.9999569654464722, 6.150003628135892e-06, 6.148215106804855e-06, 6.157391908345744e-06, 6.1547384575533215e-06, 6.148221018520417e-06, 6.151663455966627e-06], [6.153411504783435e-06, 6.146994564915076e-06, 0.9999568462371826, 6.162449153634952e-06, 6.164071692182915e-06, 6.1547025325126015e-06, 6.166999810375273e-06, 6.163066245790105e-06], [6.155511982797179e-06, 6.1690052461926825e-06, 6.166075763758272e-06, 0.9999567270278931, 6.176681381475646e-06, 6.172954272187781e-06, 6.158953056001337e-06, 6.164587830426171e-06], [6.177277555252658e-06, 6.1662940424866974e-06, 6.167982519400539e-06, 6.1751215980621055e-06, 0.9999568462371826, 6.16533588981838e-06, 6.169135303935036e-06, 6.167140782054048e-06], [6.15480939814006e-06, 6.16307897871593e-06, 6.150432000140427e-06, 6.166100774862571e-06, 6.163020316307666e-06, 0.9999569654464722, 6.142623988125706e-06, 6.158032192615792e-06], [6.164354090287816e-06, 6.165194463392254e-06, 6.160639259178424e-06, 6.15936505710124e-06, 6.165118065837305e-06, 6.169905645947438e-06, 0.9999568462371826, 6.167658739286708e-06], [6.1408318288158625e-06, 6.146532541606575e-06, 6.1436198848241474e-06, 6.14235432294663e-06, 6.159647455206141e-06, 6.135984222055413e-06, 6.147054136818042e-06, 0.9999569654464722]], "mean_depth_distance": 0.05229263752698898}
{"kind": "key", "receiver_layer": 9, "sender_layers": [4, 5, 6, 7, 8, 9], "layer_weights": [0.1406574249267578, 0.15806984901428223, 0.17638233304023743, 0.1954905241727829, 0.17423124611377716, 0.1551685631275177], "head_mapping": [[0.9999568462371826, 6.166006187413586e-06, 6.178768217068864e-06, 6.18176181887975e-06, 6.177112481964286e-06, 6.177872819534969e-06, 6.1576502048410475e-06, 6.167135325085837e-06], [6.144680355646415e-06, 0.9999569654464722, 6.140052846603794e-06, 6.144428425614024e-06, 6.14276450505713e-06, 6.144382041384233e-06, 6.167282663227525e-06, 6.144229701021686e-06], [6.1606101553479675e-06, 6.174468126118882e-06, 0.9999568462371826, 6.176576789584942e-06, 6.174297141114948e-06, 6.160927568998886e-06, 6.1832124629290774e-06, 6.171888799144654e-06], [6.165570084704086e-06, 6.170929282234283e-06, 6.163947091408772e-06, 0.9999567270278931, 6.161420515127247e-06, 6.173119345476152e-06, 6.160280463518575e-06, 6.156381004984723e-06], [6.166306320665171e-06, 6.161938017612556e-06, 6.167353149066912e-06, 6.161033070384292e-06, 0.9999568462371826, 6.1712121350865345e-06, 6.16750594417681e-06, 6.163807029224699e-06], [6.149610726424726e-06, 6.146491159597645e-06, 6.150954050099244e-06, 6.150525223347358e-06, 6.155724349810043e-06, 0.9999569654464722, 6.154310540296137e-06, 6.158613814477576e-06], [6.1574978644785006e-06, 6.145658971945522e-06, 6.142067377368221e-06, 6.143280188553035e-06, 6.151605248305714e-06, 6.154797574708937e-06, 0.9999569654464722, 6.138372100394918e-06], [6.174914688017452e-06, 6.175120688567404e-06, 6.176357601361815e-06, 6.181383923831163e-06, 6.180086984386435e-06, 6.183943696669303e-06, 6.1765636019117665e-06, 0.9999567270278931]], "mean_depth_distance": 0.05192249268293381}
{"kind": "key", "receiver_layer": 10, "sender_layers": [5, 6, 7, 8, 9, 10], "layer_weights": [0.14453770220279694, 0.16171643137931824, 0.18125775456428528, 0.18994921445846558, 0.17048408091068268, 0.1520548015832901], "head_mapping": [[0.9999568462371826, 6.163307261886075e-06, 6.169923835841473e-06, 6.166453204059508e-06, 6.167323590489104e-06, 6.167617357277777e-06, 6.1646596805076115e-06, 6.165582817629911e-06], [6.166817911434919e-06, 0.9999568462371826, 6.1656887737626676e-06, 6.1626728893315885e-06, 6.16794704910717e-06, 6.167488209030125e-06, 6.166429557197262e-06, 6.16445367995766e-06], [6.166475486679701e-06, 6.16791658103466e-06, 0.9999567270278931, 6.167340416141087e-06, 6.171417680889135e-06, 6.170275810291059e-06, 6.168217169033596e-06, 6.166775619931286e-06], [6.161373676150106e-06, 6.163066245790105e-06, 6.1633136283489875e-06, 0.9999568462371826, 6.163818852655822e-06, 6.165253580547869e-06, 6.163572379591642e-06, 6.164947535580723e-06], [6.161338660604088e-06, 6.162407771626022e-06, 6.15827229921706e-06, 6.162608315207763e-06, 0.9999568462371826, 6.15915951129864e-06, 6.1611508499481715e-06, 6.160022621770622e-06], [6.1585838011524174e-06, 6.165253580547869e-06, 6.16304305367521e-06, 6.161256351333577e-06, 6.166035745991394e-06, 0.9999568462371826, 6.157697043818189e-06, 6.166441380628385e-06], [6.165088507259497e-06, 6.162290901556844e-06, 6.162866611703066e-06, 6.1646715039387345e-06, 6.164947535580723e-06, 6.164277692732867e-06, 0.9999568462371826, 6.1616674429387785e-06], [6.146045961941127e-06, 6.1571454352815636e-06, 6.157932602945948e-06, 6.153518370410893e-06, 6.156123617984122e-06, 6.155231858429033e-06, 6.154504262667615e-06, 0.9999569654464722]], "mean_depth_distance": 0.052593838423490524}
{"kind": "key", "receiver_layer": 11, "sender_layers": [6, 7, 8, 9, 10, 11], "layer_weights": [0.14862509071826935, 0.16616421937942505, 0.18637605011463165, 0.18490742146968842, 0.16594859957695007, 0.14797858893871307], "head_mapping": [[0.9999568462371826, 6.169905645947438e-06, 6.1633782024728134e-06, 6.1754458329232875e-06, 6.177819614094915e-06, 6.16802935837768e-06, 6.17231262367568e-06, 6.171158929646481e-06], [6.172218490974046e-06, 0.9999567270278931, 6.174254849611316e-06, 6.17721161688678e-06, 6.173219389893347e-06, 6.175892394821858e-06, 6.173713700263761e-06, 6.171882887429092e-06], [6.183259301906219e-06, 6.18022295384435e-06, 0.9999567270278931, 6.172123903525062e-06, 6.176233910082374e-06, 6.1810656006855424e-06, 6.188479801494395e-06, 6.189831765368581e-06], [6.160163593449397e-06, 6.160857083159499e-06, 6.161614692246076e-06, 0.9999568462371826, 6.158883479656652e-06, 6.173372639750596e-06, 6.158918949950021e-06, 6.166406365082366e-06], [6.189654413901735e-06, 6.184114226925885e-06, 6.181130629556719e-06, 6.185370693856385e-06, 0.9999567270278931, 6.1783016462868545e-06, 6.171541826915927e-06, 6.174702321004588e-06], [6.179303454700857e-06, 6.165470495034242e-06, 6.17935074842535e-06, 6.175350335979601e-06, 6.180046511872206e-06, 0.9999567270278931, 6.176245278766146e-06, 6.17530349700246e-06], [6.169865173433209e-06, 6.166311777633382e-06, 6.170217602630146e-06, 6.163689704408171e-06, 6.157896677905228e-06, 6.169264906930039e-06, 0.9999568462371826, 6.166264938656241e-06], [6.163772013678681e-06, 6.1535288295999635e-06, 6.16445367995766e-06, 6.157250481919618e-06, 6.1531764004030265e-06, 6.163595571706537e-06, 6.157015832286561e-06, 0.9999568462371826]], "mean_depth_distance": 0.05278841033577919}
{"kind": "key", "receiver_layer": 12, "sender_layers": [7, 8, 9, 10, 11, 12], "layer_weights": [0.1523967981338501, 0.17113570868968964, 0.19078949093818665, 0.18111743032932281, 0.16054606437683105, 0.14401449263095856], "head_mapping": [[0.9999568462371826, 6.164724254631437e-06, 6.164136721054092e-06, 6.164953447296284e-06, 6.1695941440120805e-06, 6.162508270790568e-06, 6.162890258565312e-06, 6.164888873172458e-06], [6.15952922089491e-06, 0.9999568462371826, 6.153599315439351e-06, 6.159752501844196e-06, 6.1685004766331986e-06, 6.1590480981976725e-06, 6.154784841783112e-06, 6.164524165797047e-06], [6.1571336118504405e-06, 6.151176421553828e-06, 0.9999569654464722, 6.147024578240234e-06, 6.154615675768582e-06, 6.159541499073384e-06, 6.156346898933407e-06, 6.153013146104058e-06], [6.1671471485169604e-06, 6.162784302432556e-06, 6.1618561630893964e-06, 0.9999568462371826, 6.164918431750266e-06, 6.1649357121495996e-06, 6.159071290312568e-06, 6.154632046673214e-06], [6.179916454129852e-06, 6.176033821247984e-06, 6.170546839712188e-06, 6.180258424137719e-06, 0.9999567270278931, 6.181425305840094e-06, 6.189099622133654e-06, 6.184315225254977e-06], [6.165065315144602e-06, 6.160751127026742e-06, 6.161708824947709e-06, 6.164606475067558e-06, 6.159787517390214e-06, 0.9999568462371826, 6.1626492424693424e-06, 6.167653282318497e-06], [6.165671038615983e-06, 6.161973033158574e-06, 6.161297278595157e-06, 6.16070383330225e-06, 6.169476364448201e-06, 6.165229933685623e-06, 0.9999568462371826, 6.173325800773455e-06], [6.160586963233072e-06, 6.155800292617641e-06, 6.160656994325109e-06, 6.1508535509346984e-06, 6.15936505710124e-06, 6.156652034405852e-06, 6.150934950710507e-06, 0.9999568462371826]], "mean_depth_distance": 0.052501779049634933}
{"kind": "key", "receiver_layer": 13, "sender_layers": [8, 9, 10, 11, 12, 13], "layer_weights": [0.15601801872253418, 0.17453785240650177, 0.19582314789295197, 0.17538797855377197, 0.1578798145055771, 0.14035315811634064], "head_mapping": [[0.9999568462371826, 6.15078261034796e-06, 6.153728463687003e-06, 6.1623727560800035e-06, 6.144720828160644e-06, 6.160463271953631e-06, 6.1461387304007076e-06, 6.178668172651669e-06], [6.13058591625304e-06, 0.9999570846557617, 6.136652245913865e-06, 6.148086868051905e-06, 6.128675067884615e-06, 6.127453616500134e-06, 6.137167474662419e-06, 6.152286005089991e-06], [6.155049049993977e-06, 6.168706022435799e-06, 0.9999568462371826, 6.173702331579989e-06, 6.157239113235846e-06, 6.155783012218308e-06, 6.1593764257850125e-06, 6.172601388243493e-06], [6.167817900859518e-06, 6.1750333770760335e-06, 6.152320111141307e-06, 0.9999568462371826, 6.169135303935036e-06, 6.158073119877372e-06, 6.155007667985046e-06, 6.15900080447318e-06], [6.158824362501036e-06, 6.15969338468858e-06, 6.160492830531439e-06, 6.151404704723973e-06, 0.9999568462371826, 6.1651244323002174e-06, 6.163489615573781e-06, 6.168276740936562e-06], [6.147710337245371e-06, 6.1536647990578786e-06, 6.153858521429356e-06, 6.1493874454754405e-06, 6.156745712360134e-06, 0.9999569654464722, 6.1442879086826e-06, 6.149147338874172e-06], [6.151827165012946e-06, 6.155054506962188e-06, 6.1646715039387345e-06, 6.1574382925755344e-06, 6.168359050207073e-06, 6.162878435134189e-06, 0.9999568462371826, 6.161585588415619e-06], [6.16895795246819e-06, 6.168528216221603e-06, 6.182480774441501e-06, 6.1767345869157e-06, 6.166534603835316e-06, 6.174996542540612e-06, 6.167557785374811e-06, 0.9999567270278931]], "mean_depth_distance": 0.05186252295970917}
{"kind": "key", "receiver_layer": 14, "sender_layers": [8, 9, 10, 11, 12, 13], "layer_weights": [0.1434817612171173, 0.16046352684497833, 0.17934578657150269, 0.19176945090293884, 0.1715196669101715, 0.15341976284980774], "head_mapping": [[0.9999566078186035, 6.183417099236976e-06, 6.1816899687983096e-06, 6.187198778206948e-06, 6.182650849950733e-06, 6.18692774878582e-06, 6.184449375723489e-06, 6.183458935993258e-06], [6.1524033299065195e-06, 0.9999569654464722, 6.142337042547297e-06, 6.160446901048999e-06, 6.156000836199382e-06, 6.151534762466326e-06, 6.142794063634938e-06, 6.1494233705161605e-06], [6.143420705484459e-06, 6.150021363282576e-06, 0.9999569654464722, 6.150461103970883e-06, 6.144405233499128e-06, 6.142775873740902e-06, 6.140890036476776e-06, 6.149322871351615e-06], [6.169359039631672e-06, 6.1495156842283905e-06, 6.180830951052485e-06, 0.9999568462371826, 6.161526471260004e-06, 6.1715008996543474e-06, 6.157063126011053e-06, 6.161597411846742e-06], [6.165189006424043e-06, 6.1588361859321594e-06, 6.158284122648183e-06, 6.14598093306995e-06, 0.9999568462371826, 6.1720011217403226e-06, 6.15493763689301e-06, 6.159623353596544e-06], [6.155630671855761e-06, 6.142647634987952e-06, 6.150173703645123e-06, 6.155043593025766e-06, 6.15060798736522e-06, 0.9999569654464722, 6.155812570796115e-06, 6.150613899080781e-06], [6.160945304145571e-06, 6.155219580250559e-06, 6.164077603898477e-06, 6.171453151182504e-06, 6.163266789371846e-06, 6.166088951431448e-06, 0.9999568462371826, 6.154591119411634e-06], [6.175197086122353e-06, 6.192878117872169e-06, 6.184597623359878e-06, 6.17318983131554e-06, 6.1895366343378555e-06, 6.176092483656248e-06, 6.183719051477965e-06, 0.9999567270278931]], "mean_depth_distance": 0.052435584366321564}
{"kind": "key", "receiver_layer": 15, "sender_layers": [9, 10, 11, 12, 13, 14], "layer_weights": [0.1468724012374878, 0.1644299477338791, 0.18411561846733093, 0.18758174777030945, 0.16761642694473267, 0.14938385784626007], "head_mapping": [[0.9999567270278931, 6.1668224589084275e-06, 6.178172043291852e-06, 6.187423423398286e-06, 6.1927366914460436e-06, 6.188533006934449e-06, 6.179545380291529e-06, 6.171017503220355e-06], [6.159922577353427e-06, 0.9999568462371826, 6.161720648378832e-06, 6.1649357121495996e-06, 6.157791176519822e-06, 6.171259428811027e-06, 6.167288120195735e-06, 6.1571213336719666e-06], [6.1492232816817705e-06, 6.1406440181599464e-06, 0.9999569654464722, 6.151757588668261e-06, 6.150349690869916e-06, 6.140925052022794e-06, 6.158073574624723e-06, 6.141686753835529e-06], [6.169676908029942e-06, 6.165706054162001e-06, 6.172218945721397e-06, 0.9999568462371826, 6.167982519400539e-06, 6.168135314510437e-06, 6.175957878440386e-06, 6.170429514895659e-06], [6.1785904108546674e-06, 6.175308953970671e-06, 6.178596322570229e-06, 6.170617780298926e-06, 0.9999567270278931, 6.173136625875486e-06, 6.176551778480643e-06, 6.18093599769054e-06], [6.172890152811306e-06, 6.1645832829526626e-06, 6.178107923915377e-06, 6.172524990688544e-06, 6.171359473228222e-06, 0.9999568462371826, 6.156499239295954e-06, 6.164636033645365e-06], [6.152273272164166e-06, 6.166323601064505e-06, 6.160651537356898e-06, 6.166899765958078e-06, 6.165888407849707e-06, 6.164606475067558e-06, 0.9999568462371826, 6.156839390314417e-06], [6.166535513330018e-06, 6.161938017612556e-06, 6.171329914650414e-06, 6.159881650091847e-06, 6.1620321503141895e-06, 6.163489615573781e-06, 6.161538294691127e-06, 0.9999568462371826]], "mean_depth_distance": 0.052737195044755936}
{"kind": "key", "receiver_layer": 16, "sender_layers": [10, 11, 12, 13, 14, 15], "layer_weights": [0.15103934705257416, 0.16843244433403015, 0.1890590637922287, 0.18267962336540222, 0.16296333074569702, 0.14582620561122894], "head_mapping": [[0.9999568462371826, 6.158131327538285e-06, 6.163260422908934e-06, 6.161867531773169e-06, 6.170182132336777e-06, 6.173460860736668e-06, 6.165041668282356e-06, 6.15952922089491e-06], [6.186136943142628e-06, 0.9999566078186035, 6.18338799540652e-06, 6.18303420196753e-06, 6.20073751633754e-06, 6.197125458129449e-06, 6.186555310705444e-06, 6.190994099597447e-06], [6.1660412029596046e-06, 6.159646545711439e-06, 0.9999568462371826, 6.163060788821895e-06, 6.160645170893986e-06, 6.157462394185131e-06, 6.154902166599641e-06, 6.177990599098848e-06], [6.135422609077068e-06, 6.146409305074485e-06, 6.160317298053997e-06, 0.9999569654464722, 6.150478839117568e-06, 6.130509518698091e-06, 6.136704087111866e-06, 6.156675681268098e-06], [6.161774308566237e-06, 6.143432528915582e-06, 6.14474447502289e-06, 6.157691586849978e-06, 0.9999569654464722, 6.1474288486351725e-06, 6.147599378891755e-06, 6.155513347039232e-06], [6.153599315439351e-06, 6.166247203509556e-06, 6.180512173159514e-06, 6.161703367979499e-06, 6.158249107102165e-06, 0.9999568462371826, 6.17386695012101e-06, 6.1576502048410475e-06], [6.14576538282563e-06, 6.146151918073883e-06, 6.132346243248321e-06, 6.135429430287331e-06, 6.1433916016540024e-06, 6.132065664132824e-06, 0.9999570846557617, 6.1316559367696755e-06], [6.15151111560408e-06, 6.133293481980218e-06, 6.141804078652058e-06, 6.145623956399504e-06, 6.1462510529963765e-06, 6.143865903140977e-06, 6.130644578661304e-06, 0.9999569654464722]], "mean_depth_distance": 0.052683182060718536}
{"kind": "key", "receiver_layer": 17, "sender_layers": [11, 12, 13, 14, 15, 16], "layer_weights": [0.15416091680526733, 0.17300574481487274, 0.1945728063583374, 0.1780097484588623, 0.1586865782737732, 0.14156420528888702], "head_mapping": [[0.9999568462371826, 6.159963504615007e-06, 6.158965334179811e-06, 6.15969338468858e-06, 6.1643713706871495e-06, 6.1576265579788014e-06, 6.157004008855438e-06, 6.15957014815649e-06], [6.146632131276419e-06, 0.9999569654464722, 6.1489304243877996e-06, 6.152860805741511e-06, 6.157544703455642e-06, 6.151076831883984e-06, 6.1561122493003495e-06, 6.149857199488906e-06], [6.168775598780485e-06, 6.1700402511633e-06, 0.9999567270278931, 6.172371286083944e-06, 6.172312168928329e-06, 6.170417236717185e-06, 6.168334039102774e-06, 6.1656051002501044e-06], [6.160222255857661e-06, 6.164900696603581e-06, 6.161068540677661e-06, 0.9999568462371826, 6.162414138088934e-06, 6.16058059677016e-06, 6.164406840980519e-06, 6.165635568322614e-06], [6.165524155221647e-06, 6.166488219605526e-06, 6.173366728035035e-06, 6.157532425277168e-06, 0.9999568462371826, 6.164930255181389e-06, 6.158190444693901e-06, 6.162143563415157e-06], [6.158325504657114e-06, 6.160134034871589e-06, 6.164242222439498e-06, 6.1661412473768e-06, 6.163548732729396e-06, 0.9999568462371826, 6.164347723824903e-06, 6.161973033158574e-06], [6.146754458313808e-06, 6.1482496676035225e-06, 6.159946224215673e-06, 6.160733391880058e-06, 6.162566933198832e-06, 6.154784841783112e-06, 0.9999568462371826, 6.152026344352635e-06], [6.162090812722454e-06, 6.166576440591598e-06, 6.158742507977877e-06, 6.167041192384204e-06, 6.165141712699551e-06, 6.169076641526772e-06, 6.163371836009901e-06, 0.9999568462371826]], "mean_depth_distance": 0.05208785831928253}
{"kind": "key", "receiver_layer": 18, "sender_layers": [11, 12, 13, 14, 15, 16], "layer_weights": [0.14187157154083252, 0.15899346768856049, 0.17760619521141052, 0.1941758543252945, 0.1724618822336197, 0.15489095449447632], "head_mapping": [[0.9999569654464722, 6.153271442599362e-06, 6.154239599709399e-06, 6.1400587583193555e-06, 6.139461220300291e-06, 6.157016287033912e-06, 6.1392097450152505e-06, 6.1523674048657995e-06], [6.173854671942536e-06, 0.9999567270278931, 6.166416824271437e-06, 6.187151939229807e-06, 6.196540653036209e-06, 6.183795903780265e-06, 6.189217856444884e-06, 6.176446277095238e-06], [6.142986421764363e-06, 6.162508270790568e-06, 0.9999568462371826, 6.157691132102627e-06, 6.151956313260598e-06, 6.145605766505469e-06, 6.15012595517328e-06, 6.156023573566927e-06], [6.170970664243214e-06, 6.1694699979852885e-06, 6.170935193949845e-06, 0.9999567270278931, 6.163254056446021e-06, 6.168499567138497e-06, 6.166152161313221e-06, 6.163553280202905e-06], [6.163354555610567e-06, 6.161373676150106e-06, 6.169288553792285e-06, 6.15656927038799e-06, 0.9999568462371826, 6.151539764687186e-06, 6.154902166599641e-06, 6.163072612253018e-06], [6.174148893478559e-06, 6.1815903791284654e-06, 6.1906462178740185e-06, 6.178767307574162e-06, 6.173172096168855e-06, 0.9999567270278931, 6.173101155582117e-06, 6.181348908285145e-06], [6.132614089437993e-06, 6.147974090708885e-06, 6.157274128781864e-06, 6.160116299724905e-06, 6.162631507322658e-06, 6.161326837172965e-06, 0.9999568462371826, 6.173879228299484e-06], [6.138606750027975e-06, 6.165713330119615e-06, 6.14724785918952e-06, 6.147968633740675e-06, 6.145225142972777e-06, 6.1493992689065635e-06, 6.159395070426399e-06, 0.9999569654464722]], "mean_depth_distance": 0.052161943167448044}
{"kind": "key", "receiver_layer": 19, "sender_layers": [12, 13, 14, 15, 16, 17], "layer_weights": [0.1454431414604187, 0.16261017322540283, 0.1832089126110077, 0.1895584613084793, 0.168068066239357, 0.15111121535301208], "head_mapping": [[0.9999567270278931, 6.140935511211865e-06, 6.171211680339184e-06, 6.177989689604146e-06, 6.164264959807042e-06, 6.178460807859665e-06, 6.176669558044523e-06, 6.162090357975103e-06], [6.1661294239456765e-06, 0.9999568462371826, 6.183271580084693e-06, 6.1706236920144875e-06, 6.172489520395175e-06, 6.172218945721397e-06, 6.159118129289709e-06, 6.158672022138489e-06], [6.191945431055501e-06, 6.178649073262932e-06, 0.9999567270278931, 6.159986696729902e-06, 6.175668204377871e-06, 6.181378466862952e-06, 6.1703349274466746e-06, 6.187931376189226e-06], [6.159330041555222e-06, 6.141346148069715e-06, 6.160075372463325e-06, 0.9999568462371826, 6.1479331634473056e-06, 6.154515176604036e-06, 6.163795205793576e-06, 6.166871116874972e-06], [6.143778136902256e-06, 6.130235306045506e-06, 6.145693987491541e-06, 6.127475899120327e-06, 0.9999569654464722, 6.136172032711329e-06, 6.147042313386919e-06, 6.135691819508793e-06], [6.141932317405008e-06, 6.147716703708284e-06, 6.146362466097344e-06, 6.149211912997998e-06, 6.156992640171666e-06, 0.9999569654464722, 6.1580617511936e-06, 6.150549324956955e-06], [6.168288109620335e-06, 6.1750215536449105e-06, 6.1989771893422585e-06, 6.161656074255006e-06, 6.163137186376844e-06, 6.166076673252974e-06, 0.9999568462371826, 6.1862442635174375e-06], [6.171759650897002e-06, 6.154632046673214e-06, 6.1415571508405264e-06, 6.149873570393538e-06, 6.158219548524357e-06, 6.14367763773771e-06, 6.152502010081662e-06, 0.9999568462371826]], "mean_depth_distance": 0.05263114348053932}
{"kind": "key", "receiver_layer": 20, "sender_layers": [13, 14, 15, 16, 17, 18], "layer_weights": [0.14953385293483734, 0.16685637831687927, 0.18777497112751007, 0.18413731455802917, 0.16443684697151184, 0.1472606211900711], "head_mapping": [[0.9999568462371826, 6.149744422145886e-06, 6.165971171867568e-06, 6.160516022646334e-06, 6.1576502048410475e-06, 6.148975899122888e-06, 6.155007667985046e-06, 6.1581431509694085e-06], [6.187706730997888e-06, 0.9999567270278931, 6.193044100655243e-06, 6.184697667777073e-06, 6.18049989498104e-06, 6.170546839712188e-06, 6.172453595354455e-06, 6.171064796944847e-06], [6.1825635384593625e-06, 6.164253136375919e-06, 0.9999567270278931, 6.169475454953499e-06, 6.172029770823428e-06, 6.168369964143494e-06, 6.1767759689246304e-06, 6.167334049678175e-06], [6.161056717246538e-06, 6.1501846175815444e-06, 6.15270118942135e-06, 0.9999568462371826, 6.149621640361147e-06, 6.153728463687003e-06, 6.153282356535783e-06, 6.1443925005733036e-06], [6.190634849190246e-06, 6.162731096992502e-06, 6.179710453579901e-06, 6.174655482027447e-06, 0.9999567270278931, 6.165087597764796e-06, 6.190138265083078e-06, 6.183684035931947e-06], [6.191089141793782e-06, 6.1715768424619455e-06, 6.179934189276537e-06, 6.1780897340213414e-06, 6.181655407999642e-06, 0.9999567270278931, 6.176410352054518e-06, 6.177624072734034e-06], [6.179892807267606e-06, 6.162801582831889e-06, 6.181690878293011e-06, 6.172029770823428e-06, 6.183630830491893e-06, 6.176799161039526e-06, 0.9999567270278931, 6.159998520161025e-06], [6.153024969535181e-06, 6.1367982198135e-06, 6.14111286267871e-06, 6.168041636556154e-06, 6.144522558315657e-06, 6.1412883951561525e-06, 6.138126536825439e-06, 0.9999569654464722]], "mean_depth_distance": 0.05275137349963188}
{"kind": "key", "receiver_layer": 21, "sender_layers": [14, 15, 16, 17, 18, 19], "layer_weights": [0.15360181033611298, 0.1715136021375656, 0.191921204328537, 0.17928548157215118, 0.16036130487918854, 0.14331664144992828], "head_mapping": [[0.9999567270278931, 6.176499027787941e-06, 6.175845101097366e-06, 6.178066087159095e-06, 6.1743726291751955e-06, 6.176640454214066e-06, 6.1759628806612454e-06, 6.1773885136062745e-06], [6.173814654175658e-06, 0.9999568462371826, 6.17171235717251e-06, 6.1641071624762844e-06, 6.1729783737973776e-06, 6.1684645515924785e-06, 6.170605956867803e-06, 6.165253580547869e-06], [6.17131763647194e-06, 6.167846095195273e-06, 0.9999567270278931, 6.169699190650135e-06, 6.170841061248211e-06, 6.169052085169824e-06, 6.1714526964351535e-06, 6.166652383399196e-06], [6.1629370975424536e-06, 6.158536962175276e-06, 6.162902081996435e-06, 0.9999568462371826, 6.1590362747665495e-06, 6.161879355204292e-06, 6.163736543385312e-06, 6.158801170386141e-06], [6.162238150864141e-06, 6.1590480981976725e-06, 6.15306544204941e-06, 6.159611530165421e-06, 0.9999568462371826, 6.152589776320383e-06, 6.155958999443101e-06, 6.149246019049315e-06], [6.167864739836659e-06, 6.164124897622969e-06, 6.166559160192264e-06, 6.164677415654296e-06, 6.170900633151177e-06, 0.9999568462371826, 6.16553597865277e-06, 6.167006176838186e-06], [6.154291895654751e-06, 6.160645170893986e-06, 6.158701580716297e-06, 6.1578907661896665e-06, 6.1574382925755344e-06, 6.160234079288784e-06, 0.9999568462371826, 6.157039479148807e-06], [6.169453172333306e-06, 6.165647391753737e-06, 6.168746949697379e-06, 6.170929736981634e-06, 6.1691939663433e-06, 6.169782864162698e-06, 6.170653250592295e-06, 0.9999568462371826]], "mean_depth_distance": 0.05242554843425751}
