{"kind": "key", "receiver_layer": 0, "sender_layers": [0, 1, 2, 3, 4, 5], "layer_weights": [0.21689057350158691, 0.19376419484615326, 0.17298588156700134, 0.15442520380020142, 0.13803762197494507, 0.1238965168595314], "head_mapping": [[0.9999569654464722, 6.148619377199793e-06, 6.130731890152674e-06, 6.138307981018443e-06, 6.142038273537764e-06, 6.126956122898264e-06, 6.146667146822438e-06, 6.175222551974002e-06], [6.1566047406813595e-06, 0.9999568462371826, 6.178343937790487e-06, 6.159330041555222e-06, 6.160316388559295e-06, 6.1629370975424536e-06, 6.138359822216444e-06, 6.151768502604682e-06], [6.187564849824412e-06, 6.176474471430993e-06, 0.9999566078186035, 6.183246568980394e-06, 6.185770871525165e-06, 6.206292709975969e-06, 6.181159278639825e-06, 6.177105206006672e-06], [6.1944842855155e-06, 6.190492058522068e-06, 6.189311079651816e-06, 0.9999566078186035, 6.199625659064623e-06, 6.189948635437759e-06, 6.217874670255696e-06, 6.195937658048933e-06], [6.189884061313933e-06, 6.197314633027418e-06, 6.191200554894749e-06, 6.206245416251477e-06, 0.9999566078186035, 6.191035026859026e-06, 6.19782895228127e-06, 6.204854798852466e-06], [6.181760454637697e-06, 6.170810593175702e-06, 6.181117896630894e-06, 6.178589501359966e-06, 6.2074645938992035e-06, 0.9999566078186035, 6.181831395224435e-06, 6.187611688801553e-06], [6.172136181703536e-06, 6.171489076223224e-06, 6.164489150251029e-06, 6.173184374347329e-06, 6.153223239380168e-06, 6.153223239380168e-06, 0.9999568462371826, 6.161079909361433e-06], [6.17446721662418e-06, 6.166746061353479e-06, 6.1938826547702774e-06, 6.173313522594981e-06, 6.188586212374503e-06, 6.181207027111668e-06, 6.176263468660181e-06, 0.9999567270278931]], "mean_depth_distance": 0.08054239302873611}
{"kind": "key", "receiver_layer": 1, "sender_layers": [0, 1, 2, 3, 4, 5], "layer_weights": [0.18849946558475494, 0.20148243010044098, 0.17928603291511536, 0.1600683182477951, 0.1430196613073349, 0.12764406204223633], "head_mapping": [[0.9999567270278931, 6.178284365887521e-06, 6.177306204335764e-06, 6.176793704071315e-06, 6.181513526826166e-06, 6.171605946292402e-06, 6.169816970214015e-06, 6.17844307271298e-06], [6.171971108415164e-06, 0.9999567270278931, 6.16799343333696e-06, 6.177058367029531e-06, 6.171771019580774e-06, 6.1785904108546674e-06, 6.186119207995944e-06, 6.166616913105827e-06], [6.186561677168356e-06, 6.18701005805633e-06, 0.9999566078186035, 6.190314707055222e-06, 6.180764557939256e-06, 6.188355655467603e-06, 6.183906862133881e-06, 6.186644441186218e-06], [6.199276867846493e-06, 6.174819645821117e-06, 6.192606178956339e-06, 0.9999566078186035, 6.179921456350712e-06, 6.178406692924909e-06, 6.177741852297913e-06, 6.179608590173302e-06], [6.169593234517379e-06, 6.171747372718528e-06, 6.17019941273611e-06, 6.167087576613994e-06, 0.9999567270278931, 6.1700466176262125e-06, 6.170187589304987e-06, 6.1743494370603e-06], [6.159822532936232e-06, 6.167370884213597e-06, 6.168711934151361e-06, 6.1690293478022795e-06, 6.16674697084818e-06, 0.9999568462371826, 6.1623845795111265e-06, 6.166535513330018e-06], [6.1709120018349495e-06, 6.172406756377313e-06, 6.167334049678175e-06, 6.168910658743698e-06, 6.17506748312735e-06, 6.169816970214015e-06, 0.9999567270278931, 6.1703995015705004e-06], [6.176604983920697e-06, 6.177270279295044e-06, 6.180217042128788e-06, 6.17179466644302e-06, 6.176092483656248e-06, 6.183990535646444e-06, 6.186892278492451e-06, 0.9999567270278931]], "mean_depth_distance": 0.06555398553609848}
{"kind": "key", "receiver_layer": 2, "sender_layers": [0, 1, 2, 3, 4, 5], "layer_weights": [0.1668434888124466, 0.1875954270362854, 0.1895889937877655, 0.16935278475284576, 0.15100933611392975, 0.13561002910137177], "head_mapping": [[0.9999568462371826, 6.163078069221228e-06, 6.174162081151735e-06, 6.1611508499481715e-06, 6.1757341427437495e-06, 6.156316885608248e-06, 6.160633802210214e-06, 6.171359473228222e-06], [6.198337359819561e-06, 0.9999566078186035, 6.200009920576122e-06, 6.202807526278775e-06, 6.200051302585052e-06, 6.203707016538829e-06, 6.19755701336544e-06, 6.191129614308011e-06], [6.163400939840358e-06, 6.1778773670084774e-06, 0.9999567270278931, 6.177529485285049e-06, 6.183453933772398e-06, 6.167692845338024e-06, 6.189566192915663e-06, 6.183341611176729e-06], [6.18661488260841e-06, 6.1846503740525804e-06, 6.196168214955833e-06, 0.9999566078186035, 6.1848622863180935e-06, 6.187499820953235e-06, 6.181347998790443e-06, 6.176209808472777e-06], [6.184026005939813e-06, 6.164758815430105e-06, 6.184473477333086e-06, 6.175515409267973e-06, 0.9999567270278931, 6.192730779730482e-06, 6.192854925757274e-06, 6.190079602674814e-06], [6.180829586810432e-06, 6.179697720654076e-06, 6.184603080328088e-06, 6.200435564096551e-06, 6.2116691879055e-06, 0.9999566078186035, 6.210424999153474e-06, 6.18590684098308e-06], [6.168499567138497e-06, 6.166246294014854e-06, 6.1648115661228076e-06, 6.165411377878627e-06, 6.173713700263761e-06, 6.16033958067419e-06, 0.9999567270278931, 6.184202447911957e-06], [6.1920918597024865e-06, 6.191342436068226e-06, 6.19685943092918e-06, 6.199022664077347e-06, 6.186773589433869e-06, 6.189683062984841e-06, 6.173518613650231e-06, 0.9999566078186035]], "mean_depth_distance": 0.05676179379224777}
{"kind": "key", "receiver_layer": 3, "sender_layers": [0, 1, 2, 3, 4, 5], "layer_weights": [0.15108132362365723, 0.1702752262353897, 0.18959400057792664, 0.18142807483673096, 0.16246452927589417, 0.1451568603515625], "head_mapping": [[0.9999567270278931, 6.171936092869146e-06, 6.173172096168855e-06, 6.172042049001902e-06, 6.185246093082242e-06, 6.175591806822922e-06, 6.168863819766557e-06, 6.1810656006855424e-06], [6.1690175243711565e-06, 0.9999568462371826, 6.153481535875471e-06, 6.1695941440120805e-06, 6.160692009871127e-06, 6.170111646497389e-06, 6.169094376673456e-06, 6.157309144327883e-06], [6.18314697931055e-06, 6.175574526423588e-06, 0.9999567270278931, 6.179267984407488e-06, 6.174519967316883e-06, 6.179792762850411e-06, 6.1886512412456796e-06, 6.169499556563096e-06], [6.1778769122611266e-06, 6.183518053148873e-06, 6.186903647176223e-06, 0.9999566078186035, 6.189901796460617e-06, 6.1812538660888094e-06, 6.185877282405272e-06, 6.195831247168826e-06], [6.183222467370797e-06, 6.183093319123145e-06, 6.185015990922693e-06, 6.183482128108153e-06, 0.9999566078186035, 6.1938580984133296e-06, 6.18701005805633e-06, 6.181430762808304e-06], [6.16454099144903e-06, 6.169711014081258e-06, 6.174531790748006e-06, 6.17566274740966e-06, 6.181484422995709e-06, 0.9999567270278931, 6.16722900304012e-06, 6.165205377328675e-06], [6.167440460558282e-06, 6.172088887979044e-06, 6.164758815430105e-06, 6.16979923506733e-06, 6.1753858062729705e-06, 6.180217042128788e-06, 0.9999567270278931, 6.1804644246876705e-06], [6.171229415485868e-06, 6.174219834065298e-06, 6.1721948441118e-06, 6.16441775491694e-06, 6.170064352772897e-06, 6.166940238472307e-06, 6.180476248118794e-06, 0.9999567270278931]], "mean_depth_distance": 0.05263514071702957}
{"kind": "key", "receiver_layer": 4, "sender_layers": [1, 2, 3, 4, 5, 6], "layer_weights": [0.1550871580839157, 0.17383606731891632, 0.1946191042661667, 0.17711959779262543, 0.15819694101810455, 0.1411411315202713], "head_mapping": [[0.9999566078186035, 6.186915470607346e-06, 6.178896001074463e-06, 6.180864602356451e-06, 6.188095994730247e-06, 6.1964337874087505e-06, 6.189470695971977e-06, 6.188950919749914e-06], [6.1877062762505375e-06, 0.9999566078186035, 6.2006311054574326e-06, 6.180734999361448e-06, 6.197876246005762e-06, 6.188921815919457e-06, 6.201062660693424e-06, 6.191873580974061e-06], [6.186761766002746e-06, 6.184490757732419e-06, 0.9999566078186035, 6.1747491599817295e-06, 6.1865848692832515e-06, 6.189807209011633e-06, 6.195323294377886e-06, 6.187954113556771e-06], [6.192045020725345e-06, 6.184956873767078e-06, 6.194436991791008e-06, 0.9999566078186035, 6.180994205351453e-06, 6.1971909417479765e-06, 6.17749401499168e-06, 6.1858354456489906e-06], [6.1688169807894155e-06, 6.172500889078947e-06, 6.176293027237989e-06, 6.191921784193255e-06, 0.9999567270278931, 6.168187610455789e-06, 6.166605089674704e-06, 6.176764145493507e-06], [6.187139661051333e-06, 6.190055046317866e-06, 6.188125098560704e-06, 6.194360139488708e-06, 6.1941709645907395e-06, 0.9999566078186035, 6.194927209435264e-06, 6.181430762808304e-06], [6.185499842104036e-06, 6.171771019580774e-06, 6.174537702463567e-06, 6.175433099997463e-06, 6.1871933212387376e-06, 6.170893811940914e-06, 0.9999567270278931, 6.171064796944847e-06], [6.1759747040923685e-06, 6.186036898725433e-06, 6.182504421303747e-06, 6.1866207943239715e-06, 6.174720056151273e-06, 6.189465239003766e-06, 6.1767759689246304e-06, 0.9999567270278931]], "mean_depth_distance": 0.05203641206026077}
{"kind": "key", "receiver_layer": 5, "sender_layers": [1, 2, 3, 4, 5, 6], "layer_weights": [0.14200440049171448, 0.16031277179718018, 0.17795048654079437, 0.19278310239315033, 0.17263585329055786, 0.15431341528892517], "head_mapping": [[0.9999567270278931, 6.174926511448575e-06, 6.184167432365939e-06, 6.177989689604146e-06, 6.179179763421416e-06, 6.184815902088303e-06, 6.1786140577169135e-06, 6.183418008731678e-06], [6.1823511714464985e-06, 0.9999567270278931, 6.172771918500075e-06, 6.184733138070442e-06, 6.1888517848274205e-06, 6.1866567193646915e-06, 6.184910034789937e-06, 6.179344836709788e-06], [6.186750397318974e-06, 6.1857354012317955e-06, 0.9999566078186035, 6.185753591125831e-06, 6.18618378211977e-06, 6.181536718941061e-06, 6.1881428337073885e-06, 6.185234269651119e-06], [6.18224430581904e-06, 6.186526206874987e-06, 6.183824552863371e-06, 0.9999566078186035, 6.186431619426003e-06, 6.181518983794376e-06, 6.185995061969152e-06, 6.181512617331464e-06], [6.173760993988253e-06, 6.1866089708928484e-06, 6.17701152805239e-06, 6.178708645165898e-06, 0.9999567270278931, 6.181950084283017e-06, 6.1856476349930745e-06, 6.177070190460654e-06], [6.18712783762021e-06, 6.18472722635488e-06, 6.184514404594665e-06, 6.184131052577868e-06, 6.188650331750978e-06, 0.9999566078186035, 6.184473022585735e-06, 6.183317054819781e-06], [6.189075065776706e-06, 6.186231530591613e-06, 6.189754003571579e-06, 6.192700311657973e-06, 6.187570761539973e-06, 6.180015589052346e-06, 0.9999566078186035, 6.1794794419256505e-06], [6.1726659623673186e-06, 6.173248948471155e-06, 6.164441401779186e-06, 6.176870101626264e-06, 6.170305368868867e-06, 6.165117156342603e-06, 6.177547675179085e-06, 0.9999567270278931]], "mean_depth_distance": 0.052277401089668274}
{"kind": "key", "receiver_layer": 6, "sender_layers": [2, 3, 4, 5, 6, 7], "layer_weights": [0.14619958400726318, 0.16327491402626038, 0.18359027802944183, 0.1878652125597, 0.16897279024124146, 0.15009723603725433], "head_mapping": [[0.9999566078186035, 6.187576218508184e-06, 6.1915193327877205e-06, 6.196345111675328e-06, 6.193255558173405e-06, 6.181807748362189e-06, 6.203476004884578e-06, 6.1969303715159185e-06], [6.15952922089491e-06, 0.9999568462371826, 6.155758910608711e-06, 6.164930255181389e-06, 6.158736596262315e-06, 6.156335075502284e-06, 6.165524155221647e-06, 6.158695214253385e-06], [6.180534455779707e-06, 6.182185188663425e-06, 0.9999566078186035, 6.184461199154612e-06, 6.181672233651625e-06, 6.189134182932321e-06, 6.174907866807189e-06, 6.180422133184038e-06], [6.202665190357948e-06, 6.182934157550335e-06, 6.194803063408472e-06, 0.9999566078186035, 6.187364306242671e-06, 6.180829586810432e-06, 6.182709512358997e-06, 6.182468041515676e-06], [6.184785888763145e-06, 6.188720817590365e-06, 6.184603080328088e-06, 6.190864041855093e-06, 0.9999566078186035, 6.193007266119821e-06, 6.1945552261022385e-06, 6.181996468512807e-06], [6.197722996148514e-06, 6.189777650433825e-06, 6.202937584021129e-06, 6.199548806762323e-06, 6.201257747306954e-06, 0.9999566078186035, 6.205659246916184e-06, 6.196517006173963e-06], [6.173141628096346e-06, 6.184803623909829e-06, 6.174254394863965e-06, 6.192995442688698e-06, 6.1835648921260145e-06, 6.185346137499437e-06, 0.9999566078186035, 6.1835648921260145e-06], [6.182257038744865e-06, 6.177577233756892e-06, 6.180635864438955e-06, 6.177659543027403e-06, 6.1796276895620394e-06, 6.1848745644965675e-06, 6.1905338952783495e-06, 0.9999567270278931]], "mean_depth_distance": 0.052705854177474976}
{"kind": "key", "receiver_layer": 7, "sender_layers": [3, 4, 5, 6, 7, 8], "layer_weights": [0.14955012500286102, 0.167402446269989, 0.18859873712062836, 0.18308623135089874, 0.16465409100055695, 0.1467084288597107], "head_mapping": [[0.9999566078186035, 6.185847269080114e-06, 6.186431619426003e-06, 6.195406058395747e-06, 6.192239652591525e-06, 6.183093319123145e-06, 6.187063263496384e-06, 6.1910473050375e-06], [6.193929039000068e-06, 0.9999566078186035, 6.191342436068226e-06, 6.19472029939061e-06, 6.1940827436046675e-06, 6.193680746946484e-06, 6.1945315792399924e-06, 6.1881310102762654e-06], [6.172123903525062e-06, 6.175538601382868e-06, 0.9999567270278931, 6.181950084283017e-06, 6.175715952849714e-06, 6.176610895636259e-06, 6.1770938373229e-06, 6.183565801620716e-06], [6.1880664361524396e-06, 6.199513336468954e-06, 6.188355655467603e-06, 0.9999566078186035, 6.195819423737703e-06, 6.201541509653907e-06, 6.204245437402278e-06, 6.19677712165867e-06], [6.183824552863371e-06, 6.181843218655558e-06, 6.1881310102762654e-06, 6.198012215463677e-06, 0.9999566078186035, 6.174136615300085e-06, 6.192275122884894e-06, 6.185759048094042e-06], [6.18724607193144e-06, 6.187977760419017e-06, 6.193214176164474e-06, 6.188072347868001e-06, 6.186756309034536e-06, 0.9999566078186035, 6.173606834636303e-06, 6.189972282300005e-06], [6.185405254655052e-06, 6.180051059345715e-06, 6.198621122166514e-06, 6.1926530179334804e-06, 6.190515705384314e-06, 6.193775334395468e-06, 0.9999566078186035, 6.1899372667539865e-06], [6.177318027766887e-06, 6.18456806478207e-06, 6.17653995504952e-06, 6.190823569340864e-06, 6.176669558044523e-06, 6.183784080349142e-06, 6.1788023231201805e-06, 0.9999567270278931]], "mean_depth_distance": 0.05272086709737778}
{"kind": "key", "receiver_layer": 8, "sender_layers": [4, 5, 6, 7, 8, 9], "layer_weights": [0.15389887988567352, 0.17244075238704681, 0.1927613765001297, 0.1784200370311737, 0.1599716991186142, 0.14250719547271729], "head_mapping": [[0.9999566078186035, 6.178012426971691e-06, 6.194029538164614e-06, 6.181483513501007e-06, 6.198089067765977e-06, 6.1985206230019685e-06, 6.192346063471632e-06, 6.191838110680692e-06], [6.1769997046212666e-06, 0.9999567270278931, 6.170976575958775e-06, 6.1796276895620394e-06, 6.178672720125178e-06, 6.169446351123042e-06, 6.172006123961182e-06, 6.170658252813155e-06], [6.170752840262139e-06, 6.156926701805787e-06, 0.9999567270278931, 6.178720468597021e-06, 6.175091129989596e-06, 6.162490080896532e-06, 6.179321189847542e-06, 6.177199793455657e-06], [6.174719601403922e-06, 6.190332442201907e-06, 6.19307866145391e-06, 0.9999566078186035, 6.200749339768663e-06, 6.198112714628223e-06, 6.181029675644822e-06, 6.18401918472955e-06], [6.197817128850147e-06, 6.188850875332719e-06, 6.184992344060447e-06, 6.196268714120379e-06, 0.9999566078186035, 6.187777216837276e-06, 6.192854016262572e-06, 6.189854047988774e-06], [6.192552973516285e-06, 6.200754796736874e-06, 6.182698143675225e-06, 6.207400019775378e-06, 6.202440999913961e-06, 0.9999566078186035, 6.1800042203685734e-06, 6.1955124692758545e-06], [6.198189566930523e-06, 6.191932698129676e-06, 6.191542979649967e-06, 6.180676336953184e-06, 6.190326530486345e-06, 6.192346063471632e-06, 0.9999566078186035, 6.190917247295147e-06], [6.166135790408589e-06, 6.171453151182504e-06, 6.16802935837768e-06, 6.1707119130005594e-06, 6.184958238009131e-06, 6.15774388279533e-06, 6.171818313305266e-06, 0.9999568462371826]], "mean_depth_distance": 0.05232120305299759}
{"kind": "key", "receiver_layer": 9, "sender_layers": [4, 5, 6, 7, 8, 9], "layer_weights": [0.14057610929012299, 0.15811485052108765, 0.17620739340782166, 0.19562570750713348, 0.1739351749420166, 0.15554079413414001], "head_mapping": [[0.9999567270278931, 6.184031917655375e-06, 6.180322998261545e-06, 6.185057827678975e-06, 6.186284736031666e-06, 6.181242497405037e-06, 6.161326382425614e-06, 6.176422175485641e-06], [6.162677891552448e-06, 0.9999567270278931, 6.161126293591224e-06, 6.16843453826732e-06, 6.163495072541991e-06, 6.1682403611484915e-06, 6.193126409925753e-06, 6.172806934046093e-06], [6.17518526269123e-06, 6.1903856476419605e-06, 0.9999566078186035, 6.182137894938933e-06, 6.199010840646224e-06, 6.176045189931756e-06, 6.203103112056851e-06, 6.191944521560799e-06], [6.186709924804745e-06, 6.192683940753341e-06, 6.181967819429701e-06, 0.9999567270278931, 6.182758170325542e-06, 6.194863090058789e-06, 6.181525350257289e-06, 6.177577233756892e-06], [6.196262802404817e-06, 6.189807209011633e-06, 6.1888154050393496e-06, 6.18347030467703e-06, 0.9999566078186035, 6.198857590788975e-06, 6.195530204422539e-06, 6.190881322254427e-06], [6.158306405268377e-06, 6.165470495034242e-06, 6.16357147009694e-06, 6.165676040836843e-06, 6.165269951452501e-06, 0.9999567270278931, 6.171977020130726e-06, 6.17346677245223e-06], [6.1679761529376265e-06, 6.154456059448421e-06, 6.159517397463787e-06, 6.159482381917769e-06, 6.160844804981025e-06, 6.162243607832352e-06, 0.9999568462371826, 6.1541859395219944e-06], [6.21086928731529e-06, 6.211538675415795e-06, 6.209554612723878e-06, 6.2136364249454346e-06, 6.216523161128862e-06, 6.212610969669186e-06, 6.213334017957095e-06, 0.9999566078186035]], "mean_depth_distance": 0.05192780867218971}
{"kind": "key", "receiver_layer": 10, "sender_layers": [5, 6, 7, 8, 9, 10], "layer_weights": [0.14468105137348175, 0.16131474077701569, 0.18156202137470245, 0.19004064798355103, 0.17010703682899475, 0.15229448676109314], "head_mapping": [[0.9999566078186035, 6.183812729432248e-06, 6.190745807543863e-06, 6.18543481323286e-06, 6.18732292423374e-06, 6.187553026393289e-06, 6.1863966038799845e-06, 6.186443442857126e-06], [6.189358373376308e-06, 0.9999566078186035, 6.186644441186218e-06, 6.183447112562135e-06, 6.189512077980908e-06, 6.19026741333073e-06, 6.1875057326687966e-06, 6.185027814353816e-06], [6.183423465699889e-06, 6.187116468936438e-06, 0.9999566078186035, 6.1857235778006725e-06, 6.188839051901596e-06, 6.188367478898726e-06, 6.186490281834267e-06, 6.184390713315224e-06], [6.184709036460845e-06, 6.186567588883918e-06, 6.187529379531043e-06, 0.9999566078186035, 6.187434792082058e-06, 6.188643965288065e-06, 6.1868331613368355e-06, 6.187777216837276e-06], [6.181272055982845e-06, 6.1833243307773955e-06, 6.1798159549653064e-06, 6.183907771628583e-06, 0.9999567270278931, 6.1800401454092935e-06, 6.182981906022178e-06, 6.181596290844027e-06], [6.183222467370797e-06, 6.1902737797936425e-06, 6.18755893810885e-06, 6.186178325151559e-06, 6.19077536612167e-06, 0.9999566078186035, 6.1829637161281426e-06, 6.193185072334018e-06], [6.184656285768142e-06, 6.181666776683414e-06, 6.182657671160996e-06, 6.18350122749689e-06, 6.185134225233924e-06, 6.184438461787067e-06, 0.9999567270278931, 6.180411673994968e-06], [6.156446488603251e-06, 6.167041192384204e-06, 6.170029337226879e-06, 6.166276762087364e-06, 6.169394509925041e-06, 6.167594165162882e-06, 6.165200829855166e-06, 0.9999568462371826]], "mean_depth_distance": 0.05259409919381142}
{"kind": "key", "receiver_layer": 11, "sender_layers": [6, 7, 8, 9, 10, 11], "layer_weights": [0.1485896110534668, 0.1666381061077118, 0.18656471371650696, 0.18482589721679688, 0.16555210947990417, 0.14782960712909698], "head_mapping": [[0.9999566078186035, 6.193397439346882e-06, 6.181536718941061e-06, 6.198189566930523e-06, 6.1917908169562e-06, 6.188407951412955e-06, 6.190391104610171e-06, 6.19887532593566e-06], [6.1716768868791405e-06, 0.9999567270278931, 6.180517630127724e-06, 6.175056114443578e-06, 6.178567218739772e-06, 6.176210263220128e-06, 6.175998350954615e-06, 6.175362159410724e-06], [6.201186806720216e-06, 6.204073542903643e-06, 0.9999566078186035, 6.19003139945562e-06, 6.189558916958049e-06, 6.190763542690547e-06, 6.196055892360164e-06, 6.2052213252172805e-06], [6.18436797594768e-06, 6.181679054861888e-06, 6.181024218676612e-06, 0.9999567270278931, 6.181431672303006e-06, 6.201554242579732e-06, 6.179633601277601e-06, 6.191053671500413e-06], [6.205671070347307e-06, 6.203321845532628e-06, 6.198331448104e-06, 6.207684236869682e-06, 0.9999566078186035, 6.202949407452252e-06, 6.192747605382465e-06, 6.19374031884945e-06], [6.1931491472932976e-06, 6.177988780109445e-06, 6.197309176059207e-06, 6.202753866091371e-06, 6.203452358022332e-06, 0.9999566078186035, 6.196989488671534e-06, 6.195754394866526e-06], [6.197344191605225e-06, 6.196227332111448e-06, 6.203990778885782e-06, 6.193964509293437e-06, 6.1903856476419605e-06, 6.201565611263504e-06, 0.9999566078186035, 6.202263193699764e-06], [6.180169748404296e-06, 6.169087555463193e-06, 6.177235263749026e-06, 6.163283615023829e-06, 6.161596957099391e-06, 6.169593234517379e-06, 6.167340416141087e-06, 0.9999567270278931]], "mean_depth_distance": 0.05277694761753082}
{"kind": "key", "receiver_layer": 12, "sender_layers": [7, 8, 9, 10, 11, 12], "layer_weights": [0.1521327942609787, 0.1710127890110016, 0.19117650389671326, 0.18050004541873932, 0.16070102155208588, 0.14447680115699768], "head_mapping": [[0.9999567270278931, 6.173289420985384e-06, 6.17732985119801e-06, 6.177152954478515e-06, 6.18029980614665e-06, 6.176404895086307e-06, 6.1721652855339926e-06, 6.1786022342857905e-06], [6.175408998387866e-06, 0.9999567270278931, 6.172183020680677e-06, 6.178018793434603e-06, 6.183624464028981e-06, 6.173648671392584e-06, 6.169564130686922e-06, 6.179085175972432e-06], [6.187121925904648e-06, 6.185039183037588e-06, 0.9999566078186035, 6.177157956699375e-06, 6.181665867188713e-06, 6.1885675677331164e-06, 6.190172825881746e-06, 6.186077825987013e-06], [6.177606337587349e-06, 6.171412223920925e-06, 6.171258974063676e-06, 0.9999567270278931, 6.1743494370603e-06, 6.175750968395732e-06, 6.175804173835786e-06, 6.168264008010738e-06], [6.202180429681903e-06, 6.195346941240132e-06, 6.1894643295090646e-06, 6.20209175394848e-06, 0.9999566078186035, 6.2028902902966365e-06, 6.209229468367994e-06, 6.205422778293723e-06], [6.172223947942257e-06, 6.173136625875486e-06, 6.168446361698443e-06, 6.17279511061497e-06, 6.168334039102774e-06, 0.9999567270278931, 6.16711122347624e-06, 6.175550424813991e-06], [6.167669653223129e-06, 6.155441042210441e-06, 6.160445536806947e-06, 6.158847099868581e-06, 6.1716887103102636e-06, 6.154020866233623e-06, 0.9999567270278931, 6.17562136540073e-06], [6.193864010128891e-06, 6.1874939092376735e-06, 6.193668923515361e-06, 6.18102330918191e-06, 6.186785867612343e-06, 6.183211098687025e-06, 6.179974661790766e-06, 0.9999566078186035]], "mean_depth_distance": 0.05251764878630638}
{"kind": "key", "receiver_layer": 13, "sender_layers": [8, 9, 10, 11, 12, 13], "layer_weights": [0.156149759888649, 0.17372378706932068, 0.1962411105632782, 0.17515231668949127, 0.15813802182674408, 0.1405949890613556], "head_mapping": [[0.9999566078186035, 6.19472029939061e-06, 6.1693458519584965e-06, 6.185971415106906e-06, 6.1609143813257106e-06, 6.1857122091169e-06, 6.174278041726211e-06, 6.212563675944693e-06], [6.146338819235098e-06, 0.9999569654464722, 6.154879429232096e-06, 6.1673590607824735e-06, 6.141481662780279e-06, 6.139496235846309e-06, 6.151845354906982e-06, 6.161286819406087e-06], [6.183505774970399e-06, 6.20517994320835e-06, 0.9999566078186035, 6.2095068642520346e-06, 6.187163307913579e-06, 6.194413344928762e-06, 6.181560365803307e-06, 6.204606052051531e-06], [6.1620962696906645e-06, 6.185529400681844e-06, 6.145364750409499e-06, 0.9999567270278931, 6.188172847032547e-06, 6.178743660711916e-06, 6.167404990264913e-06, 6.153246431495063e-06], [6.169864263938507e-06, 6.184096946526552e-06, 6.169205335027073e-06, 6.158412361401133e-06, 0.9999567270278931, 6.182056040415773e-06, 6.173378551466158e-06, 6.161255896586226e-06], [6.155617029435234e-06, 6.167040282889502e-06, 6.186786322359694e-06, 6.17982823314378e-06, 6.1882028603577055e-06, 0.9999567270278931, 6.1621963141078595e-06, 6.1743726291751955e-06], [6.1709120018349495e-06, 6.160374596220208e-06, 6.190055955812568e-06, 6.164934802654898e-06, 6.185193342389539e-06, 6.1809009821445215e-06, 0.9999567270278931, 6.1682403611484915e-06], [6.172923804115271e-06, 6.1936102611070964e-06, 6.203529210324632e-06, 6.193185072334018e-06, 6.184933681652183e-06, 6.196575668582227e-06, 6.193043191160541e-06, 0.9999566078186035]], "mean_depth_distance": 0.05187884345650673}
{"kind": "key", "receiver_layer": 14, "sender_layers": [8, 9, 10, 11, 12, 13], "layer_weights": [0.14432375133037567, 0.16036425530910492, 0.17903681099414825, 0.19173243641853333, 0.17145507037639618, 0.15308764576911926], "head_mapping": [[0.9999566078186035, 6.200288225954864e-06, 6.186001428432064e-06, 6.212706011865521e-06, 6.199270956130931e-06, 6.202582881087437e-06, 6.198242772370577e-06, 6.197309176059207e-06], [6.168881554913241e-06, 0.9999567270278931, 6.1548544181277975e-06, 6.175750968395732e-06, 6.167040282889502e-06, 6.178060175443534e-06, 6.168999334477121e-06, 6.164864771562861e-06], [6.164912520034704e-06, 6.18322383161285e-06, 0.9999568462371826, 6.194408797455253e-06, 6.163530997582711e-06, 6.16497163719032e-06, 6.170917913550511e-06, 6.186975952005014e-06], [6.205943464010488e-06, 6.1575542531500105e-06, 6.215514531504596e-06, 0.9999566078186035, 6.188178304000758e-06, 6.199430572451092e-06, 6.1820787777833175e-06, 6.185782694956288e-06], [6.189312898641219e-06, 6.165735612739809e-06, 6.170776487124385e-06, 6.1501846175815444e-06, 0.9999568462371826, 6.1880145949544385e-06, 6.163713351270417e-06, 6.1666059991694055e-06], [6.185782694956288e-06, 6.180952823342523e-06, 6.173500878503546e-06, 6.187411145219812e-06, 6.192641194502357e-06, 0.9999566078186035, 6.1938462749822065e-06, 6.184284302435117e-06], [6.15603539699805e-06, 6.161891178635415e-06, 6.172324901854154e-06, 6.1858077060605865e-06, 6.17712976236362e-06, 6.1713003560726065e-06, 0.9999568462371826, 6.146010036900407e-06], [6.212539574335096e-06, 6.212741027411539e-06, 6.209329058037838e-06, 6.20906848780578e-06, 6.231378847587621e-06, 6.213303095137235e-06, 6.226323421287816e-06, 0.999956488609314]], "mean_depth_distance": 0.0524769201874733}
{"kind": "key", "receiver_layer": 15, "sender_layers": [9, 10, 11, 12, 13, 14], "layer_weights": [0.14696350693702698, 0.16360142827033997, 0.18410897254943848, 0.1882152259349823, 0.16788291931152344, 0.14922800660133362], "head_mapping": [[0.9999566078186035, 6.1963337429915555e-06, 6.215432222234085e-06, 6.224590833880939e-06, 6.226045570656424e-06, 6.2114736465446185e-06, 6.214679160621017e-06, 6.197025413712254e-06], [6.165194463392254e-06, 0.9999568462371826, 6.171806944621494e-06, 6.1638424995180685e-06, 6.153822141641285e-06, 6.161949841043679e-06, 6.149064574856311e-06, 6.1476453083741944e-06], [6.1691939663433e-06, 6.158496034913696e-06, 0.9999568462371826, 6.1690175243711565e-06, 6.166852926980937e-06, 6.150899935164489e-06, 6.182245670061093e-06, 6.155089977255557e-06], [6.1943192122271284e-06, 6.19077536612167e-06, 6.1842015384172555e-06, 0.9999566078186035, 6.184915491758147e-06, 6.1820906012144405e-06, 6.187906819832278e-06, 6.1725822888547555e-06], [6.2155031628208235e-06, 6.20525679551065e-06, 6.210952051333152e-06, 6.1998503042559605e-06, 0.9999566078186035, 6.196989488671534e-06, 6.205558747751638e-06, 6.206541456776904e-06], [6.194153229444055e-06, 6.179885986057343e-06, 6.189281975821359e-06, 6.19140109847649e-06, 6.188839051901596e-06, 0.9999566078186035, 6.174666850711219e-06, 6.191094144014642e-06], [6.1738960539514665e-06, 6.188580300658941e-06, 6.166440471133683e-06, 6.1769997046212666e-06, 6.173701876832638e-06, 6.181666776683414e-06, 0.9999567270278931, 6.164476417325204e-06], [6.196168214955833e-06, 6.181347998790443e-06, 6.183535333548207e-06, 6.190255589899607e-06, 6.180646323628025e-06, 6.189984105731128e-06, 6.196067715791287e-06, 0.9999566078186035]], "mean_depth_distance": 0.052707646042108536}
{"kind": "key", "receiver_layer": 16, "sender_layers": [10, 11, 12, 13, 14, 15], "layer_weights": [0.15110810101032257, 0.16856905817985535, 0.18833425641059875, 0.1829584538936615, 0.16308756172657013, 0.1459425389766693], "head_mapping": [[0.9999566078186035, 6.1844380070397165e-06, 6.191129614308011e-06, 6.186561677168356e-06, 6.180976470204769e-06, 6.202582881087437e-06, 6.188809493323788e-06, 6.166946150187869e-06], [6.2343679019249976e-06, 0.9999563694000244, 6.221289368113503e-06, 6.225230663403636e-06, 6.24216136202449e-06, 6.242804374778643e-06, 6.213735559867928e-06, 6.241167284315452e-06], [6.1913192439533304e-06, 6.173831479827641e-06, 0.9999567270278931, 6.189146915858146e-06, 6.18049989498104e-06, 6.155159553600242e-06, 6.179833690111991e-06, 6.212842890818138e-06], [6.15656927038799e-06, 6.159118129289709e-06, 6.1886757976026274e-06, 0.9999568462371826, 6.145400675450219e-06, 6.13851170783164e-06, 6.133427177701378e-06, 6.189254236232955e-06], [6.19049296801677e-06, 6.167746050778078e-06, 6.168058007460786e-06, 6.178667263156967e-06, 0.9999567270278931, 6.176846454764018e-06, 6.179910542414291e-06, 6.189070063555846e-06], [6.177906470838934e-06, 6.178931016620481e-06, 6.2026301748119295e-06, 6.179897809488466e-06, 6.184249286889099e-06, 0.9999566078186035, 6.19487400399521e-06, 6.188986844790634e-06], [6.144569852040149e-06, 6.1383730098896194e-06, 6.138338449090952e-06, 6.129213034000713e-06, 6.146345640445361e-06, 6.145665338408435e-06, 0.9999570846557617, 6.131480859039584e-06], [6.196908543643076e-06, 6.157579264254309e-06, 6.178721378091723e-06, 6.17684736425872e-06, 6.176140232128091e-06, 6.173019301058957e-06, 6.175692760734819e-06, 0.9999568462371826]], "mean_depth_distance": 0.05271259695291519}
{"kind": "key", "receiver_layer": 17, "sender_layers": [11, 12, 13, 14, 15, 16], "layer_weights": [0.15393051505088806, 0.17336958646774292, 0.19450297951698303, 0.17836304008960724, 0.15863485634326935, 0.14119896292686462], "head_mapping": [[0.9999567270278931, 6.1782898228557315e-06, 6.1800637922715396e-06, 6.1782016018696595e-06, 6.181325261422899e-06, 6.180134732858278e-06, 6.1704763538728e-06, 6.177141131047392e-06], [6.156387371447636e-06, 0.9999568462371826, 6.1571977312269155e-06, 6.1601576817338355e-06, 6.168770596559625e-06, 6.157239113235846e-06, 6.1645714595215395e-06, 6.1574382925755344e-06], [6.1917794482724275e-06, 6.19490992903593e-06, 0.9999566078186035, 6.196185950102517e-06, 6.194041361595737e-06, 6.1929249568493105e-06, 6.1899372667539865e-06, 6.187688541103853e-06], [6.176728675200138e-06, 6.17764771959628e-06, 6.1737960095342714e-06, 0.9999567270278931, 6.176439910632325e-06, 6.176015631353948e-06, 6.177930572448531e-06, 6.177353043312905e-06], [6.187010512803681e-06, 6.17582145423512e-06, 6.187246526678791e-06, 6.170452252263203e-06, 0.9999567270278931, 6.175497219373938e-06, 6.16915804130258e-06, 6.175650923978537e-06], [6.184827270772075e-06, 6.180552190926392e-06, 6.187800863699522e-06, 6.193438821355812e-06, 6.186201517266454e-06, 0.9999566078186035, 6.189523901412031e-06, 6.1829277910874225e-06], [6.152137757453602e-06, 6.1551190810860135e-06, 6.166723778733285e-06, 6.1675236793234944e-06, 6.170399956317851e-06, 6.158084488561144e-06, 0.9999568462371826, 6.161879355204292e-06], [6.18453213974135e-06, 6.1917794482724275e-06, 6.184850917634321e-06, 6.192109594849171e-06, 6.186779955896782e-06, 6.194047273311298e-06, 6.190409294504207e-06, 0.9999566078186035]], "mean_depth_distance": 0.05205347761511803}
{"kind": "key", "receiver_layer": 18, "sender_layers": [11, 12, 13, 14, 15, 16], "layer_weights": [0.14249302446842194, 0.15876656770706177, 0.17748713493347168, 0.193564772605896, 0.17245879769325256, 0.1552296280860901], "head_mapping": [[0.9999569654464722, 6.153353297122521e-06, 6.1736677707813215e-06, 6.13642896496458e-06, 6.139848210295895e-06, 6.159089480206603e-06, 6.153558842925122e-06, 6.154186849016696e-06], [6.19307866145391e-06, 0.9999566078186035, 6.197107722982764e-06, 6.219719125510892e-06, 6.233780823095003e-06, 6.209714229044039e-06, 6.207151272974443e-06, 6.2188473748392425e-06], [6.152061814646004e-06, 6.170665074023418e-06, 0.9999568462371826, 6.16610032011522e-06, 6.1658533923036885e-06, 6.158953965496039e-06, 6.176782790134894e-06, 6.149175987957278e-06], [6.180269792821491e-06, 6.190976819198113e-06, 6.198054052219959e-06, 0.9999567270278931, 6.181820481288014e-06, 6.1834125517634675e-06, 6.1745608945784625e-06, 6.181744083733065e-06], [6.21476783635444e-06, 6.204535111464793e-06, 6.205174486240139e-06, 6.1855234889662825e-06, 0.9999566078186035, 6.19852653471753e-06, 6.1822911447961815e-06, 6.196835784066934e-06], [6.208288141351659e-06, 6.2196363614930306e-06, 6.233210115169641e-06, 6.204392775543965e-06, 6.197935363161378e-06, 0.9999566078186035, 6.203707016538829e-06, 6.226003733900143e-06], [6.180522632348584e-06, 6.192971795826452e-06, 6.208797003637301e-06, 6.183712230267702e-06, 6.19436605120427e-06, 6.19077536612167e-06, 0.9999566078186035, 6.217020654730732e-06], [6.154533366498072e-06, 6.179428964969702e-06, 6.168936124595348e-06, 6.139467132015852e-06, 6.13493102719076e-06, 6.140257937659044e-06, 6.154832590254955e-06, 0.9999569654464722]], "mean_depth_distance": 0.052232421934604645}
{"kind": "key", "receiver_layer": 19, "sender_layers": [12, 13, 14, 15, 16, 17], "layer_weights": [0.14519794285297394, 0.16297784447669983, 0.1832854151725769, 0.18986569344997406, 0.16753830015659332, 0.15113475918769836], "head_mapping": [[0.9999566078186035, 6.154437414807035e-06, 6.1844380070397165e-06, 6.207186743267812e-06, 6.1696982811554335e-06, 6.204073542903643e-06, 6.19229876974714e-06, 6.1742721300106496e-06], [6.18810781816137e-06, 0.9999566078186035, 6.19965521764243e-06, 6.18520425632596e-06, 6.196823960635811e-06, 6.191884949657833e-06, 6.1681803344981745e-06, 6.1807168094674125e-06], [6.201423730090028e-06, 6.173041583679151e-06, 0.9999566078186035, 6.166557795950212e-06, 6.1758387346344534e-06, 6.190580734255491e-06, 6.183157893246971e-06, 6.207429123605834e-06], [6.176859187689843e-06, 6.158601536299102e-06, 6.173025212774519e-06, 0.9999568462371826, 6.172483608679613e-06, 6.1562523114844225e-06, 6.1804885262972675e-06, 6.182929155329475e-06], [6.1745799939672e-06, 6.1609507611137815e-06, 6.163818852655822e-06, 6.1432674556272104e-06, 0.9999568462371826, 6.166347247926751e-06, 6.180241143738385e-06, 6.144369308458408e-06], [6.1757855291944e-06, 6.182762717799051e-06, 6.194963134475984e-06, 6.188001407281263e-06, 6.201731139299227e-06, 0.9999566078186035, 6.202724762260914e-06, 6.201033102115616e-06], [6.154268248792505e-06, 6.180129275890067e-06, 6.208028480614303e-06, 6.17223076915252e-06, 6.169341304484988e-06, 6.147722160676494e-06, 0.9999568462371826, 6.179204319778364e-06], [6.203730663401075e-06, 6.17486739429296e-06, 6.177511750138365e-06, 6.167016181279905e-06, 6.182197012094548e-06, 6.16679290033062e-06, 6.177806426421739e-06, 0.9999566078186035]], "mean_depth_distance": 0.05261103808879852}
{"kind": "key", "receiver_layer": 20, "sender_layers": [13, 14, 15, 16, 17, 18], "layer_weights": [0.14959290623664856, 0.1673753261566162, 0.18760685622692108, 0.1840817630290985, 0.16440872848033905, 0.14693449437618256], "head_mapping": [[0.9999568462371826, 6.165289050841238e-06, 6.1661412473768e-06, 6.150994067866122e-06, 6.157385541882832e-06, 6.140121968201129e-06, 6.161456440167967e-06, 6.167346782604e-06], [6.200677944434574e-06, 0.9999566078186035, 6.193752142280573e-06, 6.192204637045506e-06, 6.188367478898726e-06, 6.181006028782576e-06, 6.199672952789115e-06, 6.176986971695442e-06], [6.199401013873285e-06, 6.199081781232962e-06, 0.9999566078186035, 6.20525679551065e-06, 6.196097729116445e-06, 6.194951311044861e-06, 6.199879862833768e-06, 6.202499662322225e-06], [6.203139037097571e-06, 6.210454557731282e-06, 6.196115009515779e-06, 0.9999566078186035, 6.18469130131416e-06, 6.19202683083131e-06, 6.19319644101779e-06, 6.172146640892606e-06], [6.239390131668188e-06, 6.200672487466363e-06, 6.206417310750112e-06, 6.216125257196836e-06, 0.9999566078186035, 6.188214229041478e-06, 6.239419235498644e-06, 6.222038337000413e-06], [6.207980277395109e-06, 6.172146640892606e-06, 6.176068382046651e-06, 6.178271632961696e-06, 6.179414867801825e-06, 0.9999566078186035, 6.179909632919589e-06, 6.179037427500589e-06], [6.186438440636266e-06, 6.175897851790069e-06, 6.193793979036855e-06, 6.191720785864163e-06, 6.201891210366739e-06, 6.188119641592493e-06, 0.9999567270278931, 6.172748271637829e-06], [6.172383564262418e-06, 6.140772256912896e-06, 6.160668817756232e-06, 6.189850410009967e-06, 6.167053015815327e-06, 6.142435722722439e-06, 6.148788997961674e-06, 0.9999568462371826]], "mean_depth_distance": 0.05274759978055954}
{"kind": "key", "receiver_layer": 21, "sender_layers": [14, 15, 16, 17, 18, 19], "layer_weights": [0.15450504422187805, 0.17160965502262115, 0.19176506996154785, 0.17941787838935852, 0.15993444621562958, 0.14276786148548126], "head_mapping": [[0.9999566078186035, 6.201056748977862e-06, 6.196528829605086e-06, 6.203244993230328e-06, 6.196977665240411e-06, 6.197078164404957e-06, 6.200051302585052e-06, 6.198124538059346e-06], [6.189447049109731e-06, 0.9999566078186035, 6.191359716467559e-06, 6.179661795613356e-06, 6.192405180627247e-06, 6.184154699440114e-06, 6.1872578953625634e-06, 6.181536718941061e-06], [6.1890159486210905e-06, 6.191117790876888e-06, 0.9999566078186035, 6.1908344832772855e-06, 6.191997727000853e-06, 6.1938462749822065e-06, 6.196611593622947e-06, 6.1924401961732656e-06], [6.180847776704468e-06, 6.175126600282965e-06, 6.180635864438955e-06, 0.9999567270278931, 6.171246695885202e-06, 6.176245278766146e-06, 6.1842738432460465e-06, 6.1774767345923465e-06], [6.172006578708533e-06, 6.164918431750266e-06, 6.162219960970106e-06, 6.1671589719480835e-06, 0.9999568462371826, 6.161056717246538e-06, 6.163760190247558e-06, 6.159294116514502e-06], [6.190799012983916e-06, 6.184921403473709e-06, 6.1887917581771035e-06, 6.188296538311988e-06, 6.194283287186408e-06, 0.9999566078186035, 6.187777216837276e-06, 6.193066838022787e-06], [6.182221113704145e-06, 6.184815902088303e-06, 6.181431672303006e-06, 6.18184412815026e-06, 6.174808277137345e-06, 6.1857954278821126e-06, 0.9999567270278931, 6.177459454193013e-06], [6.185475740494439e-06, 6.184992344060447e-06, 6.184543963172473e-06, 6.19370439380873e-06, 6.190202384459553e-06, 6.19140109847649e-06, 6.190728072397178e-06, 0.9999566078186035]], "mean_depth_distance": 0.05242081359028816}
